coretemp-isa-0000
Adapter: ISA adapter
Package id 0:  +60.0°C  (high = +100.0°C, crit = +100.0°C)
Core 0:        +60.0°C  (high = +100.0°C, crit = +100.0°C)
Core 1:        +57.0°C  (high = +100.0°C, crit = +100.0°C)
Core 2:        +58.0°C  (high = +100.0°C, crit = +100.0°C)
Core 3:        +58.0°C  (high = +100.0°C, crit = +100.0°C)

pch_cannonlake-virtual-0
Adapter: Virtual device
temp1:        +53.0°C  

BAT0-acpi-0
Adapter: ACPI interface
in0:          12.61 V  
curr1:       1000.00 uA 

dell_smm-virtual-0
Adapter: Virtual device
fan1:        3171 RPM

radeon-pci-0100
Adapter: PCI adapter
temp1:            N/A  (crit = +120.0°C, hyst = +90.0°C)

acpitz-acpi-0
Adapter: ACPI interface
temp1:        +25.0°C  (crit = +107.0°C)

%CPU %MEM     ELAPSED
 0.9 72896 102792 113792
 1.0 83136 102792 113792
 1.0 85184 102792 113792
 1.0 87232 102792 113792
 1.0 87232 102792 113792
 1.0 87232 102792 113792
 1.0 87232 102792 113792
 1.0 87232 102792 113792
 1.0 87232 102792 113792
 1.0 87232 102792 113792
 1.0 87232 102792 113792
 1.0 87232 102792 113792
 1.1 89280 102792 113792
 1.1 89500 102792 113792
 1.1 91548 102792 113792
 1.1 91548 102792 113792
 1.1 91548 102792 113792
 1.1 93596 102792 113792
 1.1 93596 102792 113792
 1.1 93596 102792 113792
 1.1 93596 102792 113792
 1.1 93596 102792 113792
 1.1 93596 102792 113792
 1.1 93596 102792 113792
 1.1 93596 102792 113792
 1.1 93596 102792 113792
 1.1 93596 102792 113792
 1.1 93596 102792 113792
 1.1 93596 102792 113792
 1.1 93596 102792 113792
 1.1 93596 102792 113792
 1.1 93596 102792 113792
 1.1 93596 102792 113792
 1.1 93596 102792 113792
 1.1 93596 102792 113792
 1.1 95644 102792 113792
 1.1 95644 102792 113792
 1.2 97692 102792 113792
 1.2 97692 102792 113792
 1.2 97692 102792 113792
 1.2 97692 102792 113792
 1.2 101788 102792 113792
 1.2 101788 102792 113792
 1.2 101788 102792 113792
 1.2 101788 102792 113792
 1.2 101788 102792 113792
 1.2 101788 102792 113792
 1.2 101788 102792 113792
 1.2 101788 102792 113792
 1.2 101788 102792 113792
 1.2 101788 102792 113792
 1.2 103836 102792 113792
 1.3 105884 102792 113792
 1.3 105884 102792 113792
 1.3 105884 102792 113792
 1.3 105884 102792 113792
 1.3 105884 102792 113792
 1.3 105884 102792 113792
 1.3 105884 102792 113792
 1.3 105884 102792 113792
 1.3 105884 102792 113792
 1.3 105884 102792 113792
 1.3 105884 102792 113792
 1.3 105884 102792 113792
 1.3 105884 102792 113792
 1.3 105884 102792 113792
 1.3 105884 102792 113792
 1.3 105884 102792 113792
 1.3 105884 102792 113792
 1.3 105884 102792 113792
 1.3 105884 102792 113792
 1.3 105884 102792 113792
 1.3 105884 102792 113792
 1.3 105884 102792 113792
 1.3 105884 102792 113792
 1.3 105884 102792 113792
 1.3 105884 102792 113792
 1.3 105884 102792 113792
 1.3 105884 102792 113792
 1.3 105884 102792 113792
 1.3 105884 102792 113792
 1.3 105884 102792 113792
 1.3 105884 102792 113792
 1.3 105884 102792 113792
 1.3 105884 102792 113792
 1.3 105884 102792 113792
 1.3 105884 102792 113792
 1.3 105884 102792 113792
 1.3 105884 102792 113792
 1.3 105884 102792 113792
 1.3 105884 102792 113792
 1.3 105884 102792 113792
 1.3 105884 102792 113792
 1.3 105884 102792 113792
 1.3 105884 102792 113792
 1.3 105884 102792 113792
 1.3 105884 102792 113792
 1.3 105884 102792 113792
 1.3 105884 102792 113792
 1.3 105884 102792 113792
 1.3 105884 102792 113792
 1.3 105884 102792 113792
 1.3 105884 102792 113792
 1.3 105884 102792 113792
 1.3 105884 102792 113792
 1.3 105884 102792 113792
 1.3 105884 102792 113792
 1.3 105884 102792 113792
 1.3 105884 102792 113792
 1.3 105884 102792 113792
 1.3 105884 102792 113792
 1.3 105884 102792 113792
 1.3 105884 102792 113792
 1.3 105884 102792 113792
 1.3 105884 102792 113792
 1.3 105884 102792 113792
 1.3 105884 102792 113792
 1.3 105884 102792 113792
 1.3 105884 102792 113792
 1.3 105884 102792 113792
 1.3 105884 102792 113792
 1.3 105884 102792 113792
 1.3 105884 102792 113792
 1.3 105884 102792 113792
 1.3 105884 102792 113792
 1.3 105884 102792 113792
 1.3 105884 102792 113792
 1.3 105884 102792 113792
 1.3 105884 102792 113792
 1.3 105884 102792 113792
 1.3 105884 102792 113792
 1.3 105884 102792 113792
 1.3 105884 102792 113792
 1.3 105884 102792 113792
 1.3 105884 102792 113792
 1.3 105884 102792 113792
 1.3 105884 102792 113792
 1.3 105884 102792 113792
 1.3 105884 102792 113792
 1.3 105884 102792 113792
 1.3 105884 102792 113792
 1.3 105884 102792 113792
 1.3 105884 102792 113792
 1.3 105884 102792 113792
 1.3 105884 102792 113792
 1.3 105884 102792 113792
 1.3 105884 102792 113792
 1.3 105884 102792 113792
 1.3 105884 102792 113792
 1.3 105884 102792 113792
 1.3 105884 102792 113792
 1.3 105884 102792 113792
 1.3 105884 102792 113792
 1.3 105884 102792 113792
 1.3 105884 102792 113792
 1.3 105884 102792 113792
 1.3 105884 102792 113792
 1.3 105884 102792 113792
 1.3 105884 102792 113792
 1.3 105884 102792 113792
 1.3 105884 102792 113792
 1.3 105884 102792 113792
 1.3 105884 102792 113792
 1.3 105884 102792 113792
 1.3 105884 102792 113792
 1.3 105884 102792 113792
 1.3 105884 102792 113792
 1.3 105884 102792 113792
 1.3 105884 102792 113792
 1.3 105884 102792 113792
 1.3 105884 102792 113792
 1.3 105884 102792 113792
 1.3 105884 102792 113792
 1.3 105884 102792 113792
 1.3 105884 102792 113792
 1.3 105884 102792 113792
 1.3 105884 102792 113792
 1.3 105884 102792 113792
 1.3 105884 102792 113792
 1.3 105884 102792 113792
 1.3 105884 102792 113792
 1.3 105884 102792 113792
 1.3 105884 102792 113792
 1.3 105884 102792 113792
 1.3 105884 102792 113792
 1.3 105884 102792 113792
 1.3 105884 102792 113792
 1.3 105884 102792 113792
 1.3 105884 102792 113792
 1.3 105884 102792 113792
 1.3 105884 102792 113792
 1.3 105884 102792 113792
 1.3 105884 102792 113792
 1.3 105884 102792 113792
 1.3 105884 102792 113792
 1.3 105884 102792 113792
 1.3 105884 102792 113792
 1.3 105884 102792 113792
 1.3 105884 102792 113792
 1.3 105884 102792 113792
 1.3 105884 102792 113792
 1.3 105884 102792 113792
 1.3 105884 102792 113792
 1.3 105884 102792 113792
 1.3 105884 102792 113792
 1.3 105884 102792 113792
 1.3 105884 102792 113792
 1.3 105884 102792 113792
 1.3 105884 102792 113792
 1.3 105884 102792 113792
 1.3 105884 102792 113792
 1.3 105884 102792 113792
 1.3 105884 102792 113792
 1.3 105884 102792 113792
 1.3 105884 102792 113792
 1.3 105884 102792 113792
 1.3 105884 102792 113792
 1.3 105884 102792 113792
 1.3 105884 102792 113792
 1.3 105884 102792 113792
 1.3 105884 102792 113792
 1.3 105884 102792 113792
 1.3 105884 102792 113792
 1.3 105884 102792 113792
 1.3 105884 102792 113792
 1.3 105884 102792 113792
 1.3 105884 102792 113792
 1.3 105884 102792 113792
 1.3 105884 102792 113792
 1.3 105884 102792 113792
 1.3 105884 102792 113792
 1.3 105884 102792 113792
 1.3 105884 102792 113792
 1.3 105884 102792 113792
 1.3 105884 102792 113792
 1.3 105884 102792 113792
 1.3 105884 102792 113792
 1.3 105884 102792 113792
 1.3 105884 102792 113792
 1.3 105884 102792 113792
 1.3 105884 102792 113792
 1.3 105884 102792 113792
 1.3 105884 102792 113792
 1.3 105884 102792 113792
 1.3 105884 102792 113792
 1.3 105884 102792 113792
 1.3 105884 102792 113792
 1.3 105884 102792 113792
 1.3 105884 102792 113792
 1.3 105884 102792 113792
 1.3 105884 102792 113792
 1.3 105884 102792 113792
 1.3 105884 102792 113792
 1.3 105884 102792 113792
 1.3 105884 102792 113792
 1.3 105884 102792 113792
 1.3 105884 102792 113792
 1.3 105884 102792 113792
 1.3 105884 102792 113792
 1.3 105884 102792 113792
 1.3 105884 102792 113792
 1.3 105884 102792 113792
 1.3 105884 102792 113792
 1.3 105884 102792 113792
 1.3 105884 102792 113792
 1.3 105884 102792 113792
 1.3 105884 102792 113792
 1.3 105884 102792 113792
 1.3 105884 102792 113792
 1.3 105884 102792 113792
 1.3 105884 102792 113792
 1.3 105884 102792 113792
 1.3 105884 102792 113792
 1.3 105884 102792 113792
 1.3 105884 102792 113792
 1.3 105884 102792 113792
 1.3 105884 102792 113792
 1.3 105884 102792 113792
 1.3 105884 102792 113792
 1.3 105884 102792 113792
 1.3 105884 102792 113792
 1.3 105884 102792 113792
 1.3 105884 102792 113792
 1.3 105884 102792 113792
 1.3 105884 102792 113792
 1.3 105884 102792 113792
 1.3 105884 102792 113792
 1.3 105884 102792 113792
 1.3 105884 102792 113792
 1.3 105884 102792 113792
 1.3 105884 102792 113792
 1.3 105884 102792 113792
 1.3 105884 102792 113792
 1.3 105884 102792 113792
 1.3 105884 102792 113792
 1.3 105884 102792 113792
 1.3 105884 102792 113792
 1.3 105884 102792 113792
 1.3 105884 102792 113792
 1.3 105884 102792 113792
 1.3 105884 102792 113792
 1.3 105884 102792 113792
 1.3 105884 102792 113792
 1.3 105884 102792 113792
 1.3 105884 102792 113792
 1.3 105884 102792 113792
 1.3 105884 102792 113792
 1.3 105884 102792 113792
 1.3 105884 102792 113792
 1.3 105884 102792 113792
 1.3 105884 102792 113792
 1.3 105884 102792 113792
 1.3 105884 102792 113792
 1.3 105884 102792 113792
 1.3 105884 102792 113792
 1.3 105884 102792 113792
 1.3 105884 102792 113792
 1.3 105884 102792 113792
 1.3 105884 102792 113792
 1.3 105884 102792 113792
 1.3 105884 102792 113792
 1.3 105884 102792 113792
 1.3 105884 102792 113792
 1.3 105884 102792 113792
 1.3 105884 102792 113792
 1.3 105884 102792 113792
 1.3 105884 102792 113792
 1.3 105884 102792 113792
 1.3 105884 102792 113792
 1.3 105884 102792 113792
 1.3 105884 102792 113792
 1.3 105884 102792 113792
 1.3 105884 102792 113792
 1.3 105884 102792 113792
 1.3 105884 102792 113792
 1.3 105884 102792 113792
 1.3 105884 102792 113792
 1.3 105884 102792 113792
 1.3 105884 102792 113792
 1.3 105884 102792 113792
 1.3 105884 102792 113792
 1.3 105884 102792 113792
 1.3 105884 102792 113792
 1.3 105884 102792 113792
 1.3 105884 102792 113792
 1.3 105884 102792 113792
 1.3 105884 102792 113792
 1.3 105884 102792 113792
 1.3 105884 102792 113792
 1.3 105884 102792 113792
 1.3 105884 102792 113792
 1.3 105884 102792 113792
 1.3 105884 102792 113792
 1.3 105884 102792 113792
 1.3 105884 102792 113792
 1.3 105884 102792 113792
 1.3 105884 102792 113792
 1.3 105884 102792 113792
 1.3 105884 102792 113792
 1.3 105884 102792 113792
 1.3 105884 102792 113792
 1.3 105884 102792 113792
 1.3 105884 102792 113792
 1.3 105884 102792 113792
 1.3 105884 102792 113792
 1.3 105884 102792 113792
 1.3 105884 102792 113792
 1.3 105884 102792 113792
 1.3 105884 102792 113792
 1.3 105884 102792 113792
 1.3 105884 102792 113792
 1.3 105884 102792 113792
 1.3 105884 102792 113792
 1.3 105884 102792 113792
 1.3 105884 102792 113792
 1.3 105884 102792 113792
 1.3 105884 102792 113792
 1.3 105884 102792 113792
 1.3 105884 102792 113792
 1.3 105884 102792 113792
 1.3 105884 102792 113792
 1.3 105884 102792 113792
 1.3 105884 102792 113792
 1.3 105884 102792 113792
 1.3 105884 102792 113792
 1.3 105884 102792 113792
 1.3 105884 102792 113792
 1.3 105884 102792 113792
 1.3 105884 102792 113792
 1.3 105884 102792 113792
 1.3 105884 102792 113792
 1.3 105884 102792 113792
 1.3 105884 102792 113792
 1.3 105884 102792 113792
 1.3 105884 102792 113792
 1.3 105884 102792 113792
 1.3 105884 102792 113792
 1.3 105884 102792 113792
 1.3 105884 102792 113792
 1.3 105884 102792 113792
 1.3 105884 102792 113792
 1.3 105884 102792 113792
 1.3 105884 102792 113792
 1.3 105884 102792 113792
 1.3 105884 102792 113792
 1.3 105884 102792 113792
 1.3 105884 102792 113792
 1.3 105884 102792 113792
 1.3 105884 102792 113792
 1.3 105884 102792 113792
 1.3 105884 102792 113792
 1.3 105884 102792 113792
 1.3 105884 102792 113792
 1.3 105884 102792 113792
 1.3 105884 102792 113792
 1.3 105884 102792 113792
 1.3 105884 102792 113792
 1.3 105884 102792 113792
 1.3 105884 102792 113792
 1.3 105884 102792 113792
 1.3 105884 102792 113792
 1.3 105884 102792 113792
 1.3 105884 102792 113792
 1.3 105884 102792 113792
 1.3 105884 102792 113792
 1.3 105884 102792 113792
 1.3 105884 102792 113792
 1.3 105884 102792 113792
 1.3 105884 102792 113792
 1.3 105884 102792 113792
 1.3 105884 102792 113792
 1.3 105884 102792 113792
 1.3 105884 102792 113792
 1.3 105884 102792 113792
 1.3 105884 102792 113792
 1.3 105884 102792 113792
 1.3 105884 102792 113792
 1.3 105884 102792 113792
 1.3 105884 102792 113792
 1.3 105884 102792 113792
 1.3 105884 102792 113792
 1.3 105884 102792 113792
 1.3 105884 102792 113792
 1.3 105884 102792 113792
 1.3 105884 102792 113792
 1.3 105884 102792 113792
 1.3 105884 102792 113792
 1.3 105884 102792 113792
 1.3 105884 102792 113792
 1.3 105884 102792 113792
 1.3 105884 102792 113792
 1.3 105884 102792 113792
 1.3 105884 102792 113792
 1.3 105884 102792 113792
 1.3 105884 102792 113792
 1.3 105884 102792 113792
 1.3 105884 102792 113792
 1.3 105884 102792 113792
 1.3 105884 102792 113792
 1.3 105884 102792 113792
 1.3 105884 102792 113792
 1.3 105884 102792 113792
 1.3 105884 102792 113792
 1.3 105884 102792 113792
 1.3 105884 102792 113792
 1.3 105884 102792 113792
 1.3 105884 102792 113792
 1.3 105884 102792 113792
 1.3 105884 102792 113792
 1.3 105884 102792 113792
 1.3 105884 102792 113792
 1.3 105884 102792 113792
 1.3 105884 102792 113792
 1.3 105884 102792 113792
 1.3 105884 102792 113792
 1.3 105884 102792 113792
 1.3 105884 102792 113792
 1.3 105884 102792 113792
 1.3 105884 102792 113792
 1.3 105884 102792 113792
 1.3 105884 102792 113792
 1.3 105884 102792 113792
 1.3 105884 102792 113792
 1.3 105884 102792 113792
 1.3 105884 102792 113792
 1.3 105884 102792 113792
 1.3 105884 102792 113792
 1.3 105884 102792 113792
 1.3 105884 102792 113792
 1.3 105884 102792 113792
 1.3 105884 102792 113792
 1.3 105884 102792 113792
 1.3 105884 102792 113792
 1.3 105884 102792 113792
 1.3 105884 102792 113792
 1.3 105884 102792 113792
 1.3 105884 102792 113792
 1.3 105884 102792 113792
 1.3 105884 102792 113792
 1.3 105884 102792 113792
 1.3 105884 102792 113792
 1.3 105884 102792 113792
 1.3 105884 102792 113792
 1.3 105884 102792 113792
 1.3 105884 102792 113792
 1.3 105884 102792 113792
 1.3 105884 102792 113792
 1.3 105884 102792 113792
 1.3 105884 102792 113792
 1.3 105884 102792 113792
 1.3 105884 102792 113792
 1.3 105884 102792 113792
 1.3 105884 102792 113792
 1.3 105884 102792 113792
 1.3 105884 102792 113792
 1.3 105884 102792 113792
 1.3 105884 102792 113792
 1.3 105884 102792 113792
 1.3 105884 102792 113792
 1.3 105884 102792 113792
 1.3 105884 102792 113792
 1.3 105884 102792 113792
 1.3 105884 102792 113792
 1.3 105884 102792 113792
 1.3 105884 102792 113792
 1.3 105884 102792 113792
 1.3 105884 102792 113792
 1.3 105884 102792 113792
 1.3 105884 102792 113792
 1.3 105884 102792 113792
 1.3 105884 102792 113792
 1.3 105884 102792 113792
 1.3 105884 102792 113792
 1.3 105884 102792 113792
 1.3 105884 102792 113792
 1.3 105884 102792 113792
 1.3 105884 102792 113792
 1.3 105884 102792 113792
 1.3 105884 102792 113792
 1.3 105884 102792 113792
 1.3 105884 102792 113792
 1.3 105884 102792 113792
 1.3 105884 102792 113792
 1.3 105884 102792 113792
 1.3 105884 102792 113792
 1.3 105884 102792 113792
 1.3 105884 102792 113792
 1.3 105884 102792 113792
 1.3 105884 102792 113792
 1.3 105884 102792 113792
 1.3 105884 102792 113792
 1.3 105884 102792 113792
 1.3 105884 102792 113792
 1.3 105884 102792 113792
 1.3 105884 102792 113792
 1.3 105884 102792 113792
 1.3 105884 102792 113792
 1.3 105884 102792 113792
 1.3 105884 102792 113792
 1.3 105884 102792 113792
 1.3 105884 102792 113792
 1.3 105884 102792 113792
 1.3 105884 102792 113792
 1.3 105884 102792 113792
 1.3 105884 102792 113792
 1.3 105884 102792 113792
 1.3 105884 102792 113792
 1.3 105884 102792 113792
 1.3 105884 102792 113792
 1.3 105884 102792 113792
 1.3 105884 102792 113792
 1.3 105884 102792 113792
 1.3 105884 102792 113792
 1.3 105884 102792 113792
 1.3 105884 102792 113792
 1.3 105884 102792 113792
 1.3 105884 102792 113792
 1.3 105884 102792 113792
 1.3 105884 102792 113792
 1.3 105884 102792 113792
 1.3 105884 102792 113792
 1.3 105884 102792 113792
 1.3 105884 102792 113792
 1.3 105884 102792 113792
 1.3 105884 102792 113792
 1.3 105884 102792 113792
 1.3 105884 102792 113792
 1.3 105884 102792 113792
 1.3 105884 102792 113792
 1.3 105884 102792 113792
 1.3 105884 102792 113792
 1.3 105884 102792 113792
 1.3 105884 102792 113792
 1.3 105884 102792 113792
 1.3 105884 102792 113792
 1.3 105884 102792 113792
 1.3 105884 102792 113792
 1.3 105884 102792 113792
 1.3 105884 102792 113792
 1.3 105884 102792 113792
 1.3 105884 102792 113792
 1.3 105884 102792 113792
 1.3 105884 102792 113792
 1.3 105884 102792 113792
 1.3 105884 102792 113792
 1.3 105884 102792 113792
 1.3 105884 102792 113792
 1.3 105884 102792 113792
 1.3 105884 102792 113792
 1.3 105884 102792 113792
 1.3 105884 102792 113792
 1.3 105884 102792 113792
 1.3 105884 102792 113792
 1.3 105884 102792 113792
 1.3 105884 102792 113792
 1.3 105884 102792 113792
 1.3 105884 102792 113792
 1.3 105884 102792 113792
 1.3 105884 102792 113792
 1.3 105884 102792 113792
 1.3 105884 102792 113792
 1.3 105884 102792 113792
 1.3 105884 102792 113792
 1.3 105884 102792 113792
 1.3 105884 102792 113792
 1.3 105884 102792 113792
 1.3 105884 102792 113792
 1.3 105884 102792 113792
 1.3 105884 102792 113792
 1.3 105884 102792 113792
 1.3 105884 102792 113792
 1.3 105884 102792 113792
 1.3 105884 102792 113792
 1.3 105884 102792 113792
 1.3 105884 102792 113792
 1.3 105884 102792 113792
 1.3 105884 102792 113792
 1.3 105884 102792 113792
 1.3 105884 102792 113792
 1.3 105884 102792 113792
 1.3 105884 102792 113792
 1.3 105884 102792 113792
 1.3 105884 102792 113792
 1.3 105884 102792 113792
 1.3 105884 102792 113792
 1.3 105884 102792 113792
 1.3 105884 102792 113792
 1.3 105884 102792 113792
 1.3 105884 102792 113792
 1.3 105884 102792 113792
 1.3 105884 102792 113792
 1.3 105884 102792 113792
 1.3 105884 102792 113792
 1.3 105884 102792 113792
 1.3 105884 102792 113792
 1.3 105884 102792 113792
 1.3 105884 102792 113792
 1.3 105884 102792 113792
 1.3 105884 102792 113792
 1.3 105884 102792 113792
 1.3 105884 102792 113792
 1.3 105884 102792 113792
 1.3 105884 102792 113792
 1.3 105884 102792 113792
 1.3 105884 102792 113792
 1.3 105884 102792 113792
 1.3 105884 102792 113792
 1.3 105884 102792 113792
 1.3 105884 102792 113792
 1.3 105884 102792 113792
 1.3 105884 102792 113792
 1.3 105884 102792 113792
 1.3 105884 102792 113792
 1.3 105884 102792 113792
 1.3 105884 102792 113792
 1.3 105884 102792 113792
 1.3 105884 102792 113792
 1.3 105884 102792 113792
 1.3 105884 102792 113792
 1.3 105884 102792 113792
 1.3 105884 102792 113792
 1.3 105884 102792 113792
 1.3 105884 102792 113792
 1.3 105884 102792 113792
 1.3 105884 102792 113792
 1.3 105884 102792 113792
 1.3 105884 102792 113792
 1.3 105884 102792 113792
 1.3 105884 102792 113792
 1.3 105884 102792 113792
 1.3 105884 102792 113792
 1.3 105884 102792 113792
 1.3 105884 102792 113792
 1.3 105884 102792 113792
 1.3 105884 102792 113792
 1.3 105884 102792 113792
 1.3 105884 102792 113792
 1.3 105884 102792 113792
 1.3 105884 102792 113792
 1.3 105884 102792 113792
 1.3 105884 102792 113792
 1.3 105884 102792 113792
 1.3 105884 102792 113792
 1.3 105884 102792 113792
 1.3 105884 102792 113792
 1.3 105884 102792 113792
 1.3 105884 102792 113792
 1.3 105884 102792 113792
 1.3 105884 102792 113792
 1.3 105884 102792 113792
 1.3 105884 102792 113792
 1.3 105884 102792 113792
 1.3 105884 102792 113792
 1.3 105884 102792 113792
 1.3 105884 102792 113792
 1.3 105884 102792 113792
 1.3 105884 102792 113792
 1.3 105884 102792 113792
 1.3 105884 102792 113792
 1.3 105884 102792 113792
 1.3 105884 102792 113792
 1.3 105884 102792 113792
 1.3 105884 102792 113792
 1.3 105884 102792 113792
 1.3 105884 102792 113792
 1.3 105884 102792 113792
 1.3 105884 102792 113792
 1.3 105884 102792 113792
 0.0  7640 11768  22768
 0.6 55188 57288  68288
 1.2 103740 102808 113808
 1.3 105788 102808 113808
 1.3 105788 102808 113808
 1.3 105788 102808 113808
 1.3 105788 102808 113808
 1.3 105788 102808 113808
 1.3 105788 102808 113808
 1.3 105788 102808 113808
 1.3 105788 102808 113808
 1.3 105788 102808 113808
 1.3 105788 102808 113808
 1.3 105788 102808 113808
 1.3 105788 102808 113808
 1.3 105788 102808 113808
 1.3 105788 102808 113808
 1.3 105788 102808 113808
 1.3 105788 102808 113808
 1.3 105788 102808 113808
 1.3 105788 102808 113808
 1.3 105788 102808 113808
 1.3 105788 102808 113808
 1.3 105788 102808 113808
 1.3 105788 102808 113808
 1.3 105788 102808 113808
 1.3 105788 102808 113808
 1.3 105788 102808 113808
 1.3 105788 102808 113808
 1.3 105788 102808 113808
 1.3 105788 102808 113808
 1.3 105788 102808 113808
 1.3 105788 102808 113808
 1.3 105788 102808 113808
 1.3 105788 102808 113808
 1.3 105788 102808 113808
 1.3 105788 102808 113808
 1.3 105788 102808 113808
 1.3 105788 102808 113808
 1.3 105788 102808 113808
 1.3 105788 102808 113808
 1.3 105788 102808 113808
 1.3 105788 102808 113808
 1.3 105788 102808 113808
 1.3 105788 102808 113808
 1.3 105788 102808 113808
 1.3 105788 102808 113808
 1.3 105788 102808 113808
 1.3 105788 102808 113808
 1.3 105788 102808 113808
 1.3 105788 102808 113808
 1.3 105788 102808 113808
 1.3 105788 102808 113808
 1.3 105788 102808 113808
 1.3 105788 102808 113808
 1.3 105788 102808 113808
 1.3 105788 102808 113808
 1.3 105788 102808 113808
 1.3 105788 102808 113808
 1.3 105788 102808 113808
 1.3 105788 102808 113808
 1.3 105788 102808 113808
 1.3 105788 102808 113808
 1.3 105788 102808 113808
 1.3 105788 102808 113808
 1.3 105788 102808 113808
 1.3 105788 102808 113808
 1.3 105788 102808 113808
 1.3 105788 102808 113808
 1.3 105788 102808 113808
 1.3 105788 102808 113808
 1.3 105788 102808 113808
 1.3 105788 102808 113808
 1.3 105788 102808 113808
 1.3 105788 102808 113808
 1.3 105788 102808 113808
 1.3 105788 102808 113808
 1.3 105788 102808 113808
 1.3 105788 102808 113808
 1.3 105788 102808 113808
 1.3 105788 102808 113808
 1.3 105788 102808 113808
 1.3 105788 102808 113808
 1.3 105788 102808 113808
 1.3 105788 102808 113808
 1.3 105788 102808 113808
 1.3 105788 102808 113808
 1.3 105788 102808 113808
 1.3 105788 102808 113808
 1.3 105788 102808 113808
 1.3 105788 102808 113808
 1.3 105788 102808 113808
 1.3 105788 102808 113808
 1.3 105788 102808 113808
 1.3 105788 102808 113808
 1.3 105788 102808 113808
 1.3 105788 102808 113808
 1.3 105788 102808 113808
 1.3 105788 102808 113808
 1.3 105788 102808 113808
 1.3 105788 102808 113808
 1.3 105788 102808 113808
 1.3 105788 102808 113808
 1.3 105788 102808 113808
 1.3 105788 102808 113808
 1.3 105788 102808 113808
 1.3 105788 102808 113808
 1.3 105788 102808 113808
 1.3 105788 102808 113808
 1.3 105788 102808 113808
 1.3 105788 102808 113808
 1.3 105788 102808 113808
 1.3 105788 102808 113808
 1.3 105788 102808 113808
 1.3 105788 102808 113808
 1.3 105788 102808 113808
 1.3 105788 102808 113808
 1.3 105788 102808 113808
