coretemp-isa-0000
Adapter: ISA adapter
Package id 0:  +63.0°C  (high = +100.0°C, crit = +100.0°C)
Core 0:        +63.0°C  (high = +100.0°C, crit = +100.0°C)
Core 1:        +60.0°C  (high = +100.0°C, crit = +100.0°C)
Core 2:        +62.0°C  (high = +100.0°C, crit = +100.0°C)
Core 3:        +61.0°C  (high = +100.0°C, crit = +100.0°C)

pch_cannonlake-virtual-0
Adapter: Virtual device
temp1:        +55.0°C  

BAT0-acpi-0
Adapter: ACPI interface
in0:          12.61 V  
curr1:       1000.00 uA 

dell_smm-virtual-0
Adapter: Virtual device
fan1:        3243 RPM

radeon-pci-0100
Adapter: PCI adapter
temp1:            N/A  (crit = +120.0°C, hyst = +90.0°C)

acpitz-acpi-0
Adapter: ACPI interface
temp1:        +25.0°C  (crit = +107.0°C)

%CPU %MEM     ELAPSED
 0.8 69104 102792 113792
 0.9 78948 102792 113792
 0.9 79476 102792 113792
 0.9 79476 102792 113792
 0.9 79740 102792 113792
 1.0 80796 102792 113792
 1.0 81852 102792 113792
 1.0 82116 102792 113792
 1.0 83172 102792 113792
 1.0 83172 102792 113792
 1.0 83172 102792 113792
 1.0 83172 102792 113792
 1.0 83172 102792 113792
 1.0 83700 102792 113792
 1.0 84492 102792 113792
 1.0 85548 102792 113792
 1.0 86076 102792 113792
 1.0 87396 102792 113792
 1.0 87924 102792 113792
 1.1 88716 102792 113792
 1.1 88980 102792 113792
 1.1 90564 102792 113792
 1.1 90564 102792 113792
 1.1 90564 102792 113792
 1.1 90564 102792 113792
 1.1 90564 102792 113792
 1.1 90564 102792 113792
 1.1 90564 102792 113792
 1.1 90564 102792 113792
 1.1 90564 102792 113792
 1.1 90564 102792 113792
 1.1 90564 102792 113792
 1.1 90564 102792 113792
 1.1 90828 102792 113792
 1.1 91620 102792 113792
 1.1 92148 102792 113792
 1.1 92412 102792 113792
 1.1 93468 102792 113792
 1.1 94260 102792 113792
 1.1 94260 102792 113792
 1.1 94260 102792 113792
 1.1 95052 102792 113792
 1.2 96108 102792 113792
 1.2 96900 102792 113792
 1.2 98220 102792 113792
 1.2 98220 102792 113792
 1.2 98220 102792 113792
 1.2 98220 102792 113792
 1.2 98220 102792 113792
 1.2 98220 102792 113792
 1.2 99012 102792 113792
 1.2 100068 102792 113792
 1.2 100860 102792 113792
 1.2 101916 102792 113792
 1.2 102708 102792 113792
 1.2 103236 102792 113792
 1.2 103764 102792 113792
 1.3 105612 102792 113792
 1.3 105612 102792 113792
 1.3 105612 102792 113792
 1.3 105612 102792 113792
 1.3 105612 102792 113792
 1.3 105612 102792 113792
 1.3 105612 102792 113792
 1.3 105612 102792 113792
 1.3 105612 102792 113792
 1.3 105612 102792 113792
 1.3 105612 102792 113792
 1.3 105612 102792 113792
 1.3 105612 102792 113792
 1.3 105612 102792 113792
 1.3 105612 102792 113792
 1.3 105612 102792 113792
 1.3 105612 102792 113792
 1.3 105612 102792 113792
 1.3 105612 102792 113792
 1.3 105612 102792 113792
 1.3 105612 102792 113792
 1.3 105612 102792 113792
 1.3 105612 102792 113792
 1.3 105612 102792 113792
 1.3 105612 102792 113792
 1.3 105612 102792 113792
 1.3 105612 102792 113792
 1.3 105612 102792 113792
 1.3 105612 102792 113792
 1.3 105612 102792 113792
 1.3 105612 102792 113792
 1.3 105612 102792 113792
 1.3 105612 102792 113792
 1.3 105612 102792 113792
 1.3 105612 102792 113792
 1.3 105612 102792 113792
 1.3 105612 102792 113792
 1.3 105612 102792 113792
 1.3 105612 102792 113792
 1.3 105612 102792 113792
 1.3 105612 102792 113792
 1.3 105612 102792 113792
 1.3 105612 102792 113792
 1.3 105612 102792 113792
 1.3 105612 102792 113792
 1.3 105612 102792 113792
 1.3 105612 102792 113792
 1.3 105612 102792 113792
 1.3 105612 102792 113792
 1.3 105612 102792 113792
 1.3 105612 102792 113792
 1.3 105612 102792 113792
 1.3 105612 102792 113792
 1.3 105612 102792 113792
 1.3 105612 102792 113792
 1.3 105612 102792 113792
 1.3 105612 102792 113792
 1.3 105612 102792 113792
 1.3 105612 102792 113792
 1.3 105612 102792 113792
 1.3 105612 102792 113792
 1.3 105612 102792 113792
 1.3 105612 102792 113792
 1.3 105612 102792 113792
 1.3 105612 102792 113792
 1.3 105612 102792 113792
 1.3 105612 102792 113792
 1.3 105612 102792 113792
 1.3 105612 102792 113792
 1.3 105612 102792 113792
 1.3 105612 102792 113792
 1.3 105612 102792 113792
 1.3 105612 102792 113792
 1.3 105612 102792 113792
 1.3 105612 102792 113792
 1.3 105612 102792 113792
 1.3 105612 102792 113792
 1.3 105612 102792 113792
 1.3 105612 102792 113792
 1.3 105612 102792 113792
 1.3 105612 102792 113792
 1.3 105612 102792 113792
 1.3 105612 102792 113792
 1.3 105612 102792 113792
 1.3 105612 102792 113792
 1.3 105612 102792 113792
 1.3 105612 102792 113792
 1.3 105612 102792 113792
 1.3 105612 102792 113792
 1.3 105612 102792 113792
 1.3 105612 102792 113792
 1.3 105612 102792 113792
 1.3 105612 102792 113792
 1.3 105612 102792 113792
 1.3 105612 102792 113792
 1.3 105612 102792 113792
 1.3 105612 102792 113792
 1.3 105612 102792 113792
 1.3 105612 102792 113792
 1.3 105612 102792 113792
 1.3 105612 102792 113792
 1.3 105612 102792 113792
 1.3 105612 102792 113792
 1.3 105612 102792 113792
 1.3 105612 102792 113792
 1.3 105612 102792 113792
 1.3 105612 102792 113792
 1.3 105612 102792 113792
 1.3 105612 102792 113792
 1.3 105612 102792 113792
 1.3 105612 102792 113792
 1.3 105612 102792 113792
 1.3 105612 102792 113792
 1.3 105612 102792 113792
 1.3 105612 102792 113792
 1.3 105612 102792 113792
 1.3 105612 102792 113792
 1.3 105612 102792 113792
 1.3 105612 102792 113792
 1.3 105612 102792 113792
 1.3 105612 102792 113792
 1.3 105612 102792 113792
 1.3 105612 102792 113792
 1.3 105612 102792 113792
 1.3 105612 102792 113792
 1.3 105612 102792 113792
 1.3 105612 102792 113792
 1.3 105612 102792 113792
 1.3 105612 102792 113792
 1.3 105612 102792 113792
 1.3 105612 102792 113792
 1.3 105612 102792 113792
 1.3 105612 102792 113792
 1.3 105612 102792 113792
 1.3 105612 102792 113792
 1.3 105612 102792 113792
 1.3 105612 102792 113792
 1.3 105612 102792 113792
 1.3 105612 102792 113792
 1.3 105612 102792 113792
 1.3 105612 102792 113792
 1.3 105612 102792 113792
 1.3 105612 102792 113792
 1.3 105612 102792 113792
 1.3 105612 102792 113792
 1.3 105612 102792 113792
 1.3 105612 102792 113792
 1.3 105612 102792 113792
 1.3 105612 102792 113792
 1.3 105612 102792 113792
 1.3 105612 102792 113792
 1.3 105612 102792 113792
 1.3 105612 102792 113792
 1.3 105612 102792 113792
 1.3 105612 102792 113792
 1.3 105612 102792 113792
 1.3 105612 102792 113792
 1.3 105612 102792 113792
 1.3 105612 102792 113792
 1.3 105612 102792 113792
 1.3 105612 102792 113792
 1.3 105612 102792 113792
 1.3 105612 102792 113792
 1.3 105612 102792 113792
 1.3 105612 102792 113792
 1.3 105612 102792 113792
 1.3 105612 102792 113792
 1.3 105612 102792 113792
 1.3 105612 102792 113792
 1.3 105612 102792 113792
 1.3 105612 102792 113792
 1.3 105612 102792 113792
 1.3 105612 102792 113792
 1.3 105612 102792 113792
 1.3 105612 102792 113792
 1.3 105612 102792 113792
 1.3 105612 102792 113792
 1.3 105612 102792 113792
 1.3 105612 102792 113792
 1.3 105612 102792 113792
 1.3 105612 102792 113792
 1.3 105612 102792 113792
 1.3 105612 102792 113792
 1.3 105612 102792 113792
 1.3 105612 102792 113792
 1.3 105612 102792 113792
 1.3 105612 102792 113792
 1.3 105612 102792 113792
 1.3 105612 102792 113792
 1.3 105612 102792 113792
 1.3 105612 102792 113792
 1.3 105612 102792 113792
 1.3 105612 102792 113792
 1.3 105612 102792 113792
 1.3 105612 102792 113792
 1.3 105612 102792 113792
 1.3 105612 102792 113792
 1.3 105612 102792 113792
 1.3 105612 102792 113792
 1.3 105612 102792 113792
 1.3 105612 102792 113792
 1.3 105612 102792 113792
 1.3 105612 102792 113792
 1.3 105612 102792 113792
 1.3 105612 102792 113792
 1.3 105612 102792 113792
 1.3 105612 102792 113792
 1.3 105612 102792 113792
 1.3 105612 102792 113792
 1.3 105612 102792 113792
 1.3 105612 102792 113792
 1.3 105612 102792 113792
 1.3 105612 102792 113792
 1.3 105612 102792 113792
 1.3 105612 102792 113792
 1.3 105612 102792 113792
 1.3 105612 102792 113792
 1.3 105612 102792 113792
 1.3 105612 102792 113792
 1.3 105612 102792 113792
 1.3 105612 102792 113792
 1.3 105612 102792 113792
 1.3 105612 102792 113792
 1.3 105612 102792 113792
 1.3 105612 102792 113792
 1.3 105612 102792 113792
 1.3 105612 102792 113792
 1.3 105612 102792 113792
 1.3 105612 102792 113792
 1.3 105612 102792 113792
 1.3 105612 102792 113792
 1.3 105612 102792 113792
 1.3 105612 102792 113792
 1.3 105612 102792 113792
 1.3 105612 102792 113792
 1.3 105612 102792 113792
 1.3 105612 102792 113792
 1.3 105612 102792 113792
 1.3 105612 102792 113792
 1.3 105612 102792 113792
 1.3 105612 102792 113792
 1.3 105612 102792 113792
 1.3 105612 102792 113792
 1.3 105612 102792 113792
 1.3 105612 102792 113792
 1.3 105612 102792 113792
 1.3 105612 102792 113792
 1.3 105612 102792 113792
 1.3 105612 102792 113792
 1.3 105612 102792 113792
 1.3 105612 102792 113792
 1.3 105612 102792 113792
 1.3 105612 102792 113792
 1.3 105612 102792 113792
 1.3 105612 102792 113792
 1.3 105612 102792 113792
 1.3 105612 102792 113792
 1.3 105612 102792 113792
 1.3 105612 102792 113792
 1.3 105612 102792 113792
 1.3 105612 102792 113792
 1.3 105612 102792 113792
 1.3 105612 102792 113792
 1.3 105612 102792 113792
 1.3 105612 102792 113792
 1.3 105612 102792 113792
 1.3 105612 102792 113792
 1.3 105612 102792 113792
 1.3 105612 102792 113792
 1.3 105612 102792 113792
 1.3 105612 102792 113792
 1.3 105612 102792 113792
 1.3 105612 102792 113792
 1.3 105612 102792 113792
 1.3 105612 102792 113792
 1.3 105612 102792 113792
 1.3 105612 102792 113792
 1.3 105612 102792 113792
 1.3 105612 102792 113792
 1.3 105612 102792 113792
 1.3 105612 102792 113792
 1.3 105612 102792 113792
 1.3 105612 102792 113792
 1.3 105612 102792 113792
 1.3 105612 102792 113792
 1.3 105612 102792 113792
 1.3 105612 102792 113792
 1.3 105612 102792 113792
 1.3 105612 102792 113792
 1.3 105612 102792 113792
 1.3 105612 102792 113792
 1.3 105612 102792 113792
 1.3 105612 102792 113792
 1.3 105612 102792 113792
 1.3 105612 102792 113792
 1.3 105612 102792 113792
 1.3 105612 102792 113792
 1.3 105612 102792 113792
 1.3 105612 102792 113792
 1.3 105612 102792 113792
 1.3 105612 102792 113792
 1.3 105612 102792 113792
 1.3 105612 102792 113792
 1.3 105612 102792 113792
 1.3 105612 102792 113792
 1.3 105612 102792 113792
 1.3 105612 102792 113792
 1.3 105612 102792 113792
 1.3 105612 102792 113792
 1.3 105612 102792 113792
 1.3 105612 102792 113792
 1.3 105612 102792 113792
 1.3 105612 102792 113792
 1.3 105612 102792 113792
 1.3 105612 102792 113792
 1.3 105612 102792 113792
 1.3 105612 102792 113792
 1.3 105612 102792 113792
 1.3 105612 102792 113792
 1.3 105612 102792 113792
 1.3 105612 102792 113792
 1.3 105612 102792 113792
 1.3 105612 102792 113792
 1.3 105612 102792 113792
 1.3 105612 102792 113792
 1.3 105612 102792 113792
 1.3 105612 102792 113792
 1.3 105612 102792 113792
 1.3 105612 102792 113792
 1.3 105612 102792 113792
 1.3 105612 102792 113792
 1.3 105612 102792 113792
 1.3 105612 102792 113792
 1.3 105612 102792 113792
 1.3 105612 102792 113792
 1.3 105612 102792 113792
 1.3 105612 102792 113792
 1.3 105612 102792 113792
 1.3 105612 102792 113792
 1.3 105612 102792 113792
 1.3 105612 102792 113792
 1.3 105612 102792 113792
 1.3 105612 102792 113792
 1.3 105612 102792 113792
 1.3 105612 102792 113792
 1.3 105612 102792 113792
 1.3 105612 102792 113792
 1.3 105612 102792 113792
 1.3 105612 102792 113792
 1.3 105612 102792 113792
 1.3 105612 102792 113792
 1.3 105612 102792 113792
 1.3 105612 102792 113792
 1.3 105612 102792 113792
 1.3 105612 102792 113792
 1.3 105612 102792 113792
 1.3 105612 102792 113792
 1.3 105612 102792 113792
 1.3 105612 102792 113792
 1.3 105612 102792 113792
 1.3 105612 102792 113792
 1.3 105612 102792 113792
 1.3 105612 102792 113792
 1.3 105612 102792 113792
 1.3 105612 102792 113792
 1.3 105612 102792 113792
 1.3 105612 102792 113792
 1.3 105612 102792 113792
 1.3 105612 102792 113792
 1.3 105612 102792 113792
 1.3 105612 102792 113792
 1.3 105612 102792 113792
 1.3 105612 102792 113792
 1.3 105612 102792 113792
 1.3 105612 102792 113792
 1.3 105612 102792 113792
 1.3 105612 102792 113792
 1.3 105612 102792 113792
 1.3 105612 102792 113792
 1.3 105612 102792 113792
 1.3 105612 102792 113792
 1.3 105612 102792 113792
 1.3 105612 102792 113792
 1.3 105612 102792 113792
 1.3 105612 102792 113792
 1.3 105612 102792 113792
 1.3 105612 102792 113792
 1.3 105612 102792 113792
 1.3 105612 102792 113792
 1.3 105612 102792 113792
 1.3 105612 102792 113792
 1.3 105612 102792 113792
 1.3 105612 102792 113792
 1.3 105612 102792 113792
 1.3 105612 102792 113792
 1.3 105612 102792 113792
 1.3 105612 102792 113792
 1.3 105612 102792 113792
 1.3 105612 102792 113792
 1.3 105612 102792 113792
 1.3 105612 102792 113792
 1.3 105612 102792 113792
 1.3 105612 102792 113792
 1.3 105612 102792 113792
 1.3 105612 102792 113792
 1.3 105612 102792 113792
 1.3 105612 102792 113792
 1.3 105612 102792 113792
 1.3 105612 102792 113792
 1.3 105612 102792 113792
 1.3 105612 102792 113792
 1.3 105612 102792 113792
 1.3 105612 102792 113792
 1.3 105612 102792 113792
 1.3 105612 102792 113792
 1.3 105612 102792 113792
 1.3 105612 102792 113792
 1.3 105612 102792 113792
 1.3 105612 102792 113792
 1.3 105612 102792 113792
 1.3 105612 102792 113792
 1.3 105612 102792 113792
 1.3 105612 102792 113792
 1.3 105612 102792 113792
 1.3 105612 102792 113792
 1.3 105612 102792 113792
 1.3 105612 102792 113792
 1.3 105612 102792 113792
 1.3 105612 102792 113792
 1.3 105612 102792 113792
 1.3 105612 102792 113792
 1.3 105612 102792 113792
 1.3 105612 102792 113792
 1.3 105612 102792 113792
 1.3 105612 102792 113792
 1.3 105612 102792 113792
 1.3 105612 102792 113792
 1.3 105612 102792 113792
 1.3 105612 102792 113792
 1.3 105612 102792 113792
 1.3 105612 102792 113792
 1.3 105612 102792 113792
 1.3 105612 102792 113792
 1.3 105612 102792 113792
 1.3 105612 102792 113792
 1.3 105612 102792 113792
 1.3 105612 102792 113792
 1.3 105612 102792 113792
 1.3 105612 102792 113792
 1.3 105612 102792 113792
 1.3 105612 102792 113792
 1.3 105612 102792 113792
 1.3 105612 102792 113792
 1.3 105612 102792 113792
 1.3 105612 102792 113792
 1.3 105612 102792 113792
 1.3 105612 102792 113792
 1.3 105612 102792 113792
 1.3 105612 102792 113792
 1.3 105612 102792 113792
 1.3 105612 102792 113792
 1.3 105612 102792 113792
 1.3 105612 102792 113792
 1.3 105612 102792 113792
 1.3 105612 102792 113792
 1.3 105612 102792 113792
 1.3 105612 102792 113792
 1.3 105612 102792 113792
 1.3 105612 102792 113792
 1.3 105612 102792 113792
 1.3 105612 102792 113792
 1.3 105612 102792 113792
 1.3 105612 102792 113792
 1.3 105612 102792 113792
 1.3 105612 102792 113792
 1.3 105612 102792 113792
 1.3 105612 102792 113792
 1.3 105612 102792 113792
 1.3 105612 102792 113792
 1.3 105612 102792 113792
 1.3 105612 102792 113792
 1.3 105612 102792 113792
 1.3 105612 102792 113792
 1.3 105612 102792 113792
 1.3 105612 102792 113792
 1.3 105612 102792 113792
 1.3 105612 102792 113792
 1.3 105612 102792 113792
 1.3 105612 102792 113792
 1.3 105612 102792 113792
 1.3 105612 102792 113792
 1.3 105612 102792 113792
 1.3 105612 102792 113792
 1.3 105612 102792 113792
 1.3 105612 102792 113792
 1.3 105612 102792 113792
 1.3 105612 102792 113792
 1.3 105612 102792 113792
 1.3 105612 102792 113792
 1.3 105612 102792 113792
 1.3 105612 102792 113792
 1.3 105612 102792 113792
 1.3 105612 102792 113792
 1.3 105612 102792 113792
 1.3 105612 102792 113792
 1.3 105612 102792 113792
 1.3 105612 102792 113792
 1.3 105612 102792 113792
 1.3 105612 102792 113792
 1.3 105612 102792 113792
 1.3 105612 102792 113792
 1.3 105612 102792 113792
 1.3 105612 102792 113792
 1.3 105612 102792 113792
 1.3 105612 102792 113792
 1.3 105612 102792 113792
 1.3 105612 102792 113792
 1.3 105612 102792 113792
 1.3 105612 102792 113792
 1.3 105612 102792 113792
 1.3 105612 102792 113792
 1.3 105612 102792 113792
 1.3 105612 102792 113792
 1.3 105612 102792 113792
 1.3 105612 102792 113792
 1.3 105612 102792 113792
 1.3 105612 102792 113792
 1.3 105612 102792 113792
 1.3 105612 102792 113792
 1.3 105612 102792 113792
 1.3 105612 102792 113792
 1.3 105612 102792 113792
 1.3 105612 102792 113792
 1.3 105612 102792 113792
 1.3 105612 102792 113792
 1.3 105612 102792 113792
 1.3 105612 102792 113792
 1.3 105612 102792 113792
 1.3 105612 102792 113792
 1.3 105612 102792 113792
 1.3 105612 102792 113792
 1.3 105612 102792 113792
 1.3 105612 102792 113792
 1.3 105612 102792 113792
 1.3 105612 102792 113792
 1.3 105612 102792 113792
 1.3 105612 102792 113792
 1.3 105612 102792 113792
 1.3 105612 102792 113792
 1.3 105612 102792 113792
 1.3 105612 102792 113792
 1.3 105612 102792 113792
 1.3 105612 102792 113792
 1.3 105612 102792 113792
 1.3 105612 102792 113792
 1.3 105612 102792 113792
 1.3 105612 102792 113792
 1.3 105612 102792 113792
 1.3 105612 102792 113792
 1.3 105612 102792 113792
 1.3 105612 102792 113792
 1.3 105612 102792 113792
 1.3 105612 102792 113792
 1.3 105612 102792 113792
 1.3 105612 102792 113792
 1.3 105612 102792 113792
 1.3 105612 102792 113792
 1.3 105612 102792 113792
 1.3 105612 102792 113792
 1.3 105612 102792 113792
 1.3 105612 102792 113792
 1.3 105612 102792 113792
 1.3 105612 102792 113792
 1.3 105612 102792 113792
 1.3 105612 102792 113792
 1.3 105612 102792 113792
 1.3 105612 102792 113792
 1.3 105612 102792 113792
 1.3 105612 102792 113792
 1.3 105612 102792 113792
 1.3 105612 102792 113792
 1.3 105612 102792 113792
 1.3 105612 102792 113792
 1.3 105612 102792 113792
 1.3 105612 102792 113792
 1.3 105612 102792 113792
 1.3 105612 102792 113792
 1.3 105612 102792 113792
 1.3 105612 102792 113792
 1.3 105612 102792 113792
 1.3 105612 102792 113792
 1.3 105612 102792 113792
 1.3 105612 102792 113792
 1.3 105612 102792 113792
 1.3 105612 102792 113792
 1.3 105612 102792 113792
 1.3 105612 102792 113792
 1.3 105612 102792 113792
 1.3 105612 102792 113792
 1.3 105612 102792 113792
 1.3 105612 102792 113792
 1.3 105612 102792 113792
 1.3 105612 102792 113792
 1.3 105612 102792 113792
 1.3 105612 102792 113792
 1.3 105612 102792 113792
 1.3 105612 102792 113792
 1.3 105612 102792 113792
 1.3 105612 102792 113792
 1.3 105612 102792 113792
 1.3 105612 102792 113792
 1.3 105612 102792 113792
 1.3 105612 102792 113792
 1.3 105612 102792 113792
 1.3 105612 102792 113792
 1.3 105612 102792 113792
 1.3 105612 102792 113792
 1.3 105612 102792 113792
 1.3 105612 102792 113792
 1.3 105612 102792 113792
 1.3 105612 102792 113792
 1.3 105612 102792 113792
 1.3 105612 102792 113792
 1.3 105612 102792 113792
 1.3 105612 102792 113792
 1.3 105612 102792 113792
 1.3 105612 102792 113792
 1.3 105612 102792 113792
 1.3 105612 102792 113792
 1.3 105612 102792 113792
 1.3 105612 102792 113792
 1.3 105612 102792 113792
 1.3 105612 102792 113792
 1.3 105612 102792 113792
 1.3 105612 102792 113792
 1.3 105612 102792 113792
 1.3 105612 102792 113792
 1.3 105612 102792 113792
 1.3 105612 102792 113792
 1.3 105612 102792 113792
 1.3 105612 102792 113792
 1.3 105612 102792 113792
 1.3 105612 102792 113792
 1.3 105612 102792 113792
 1.3 105612 102792 113792
 1.3 105612 102792 113792
 1.3 105612 102792 113792
 1.3 105612 102792 113792
 1.3 105612 102792 113792
 1.3 105612 102792 113792
 1.3 105612 102792 113792
 1.3 105612 102792 113792
 1.3 105612 102792 113792
 1.3 105612 102792 113792
 1.3 105612 102792 113792
 1.3 105612 102792 113792
 1.3 105612 102792 113792
 1.3 105612 102792 113792
 1.3 105612 102792 113792
 1.3 105612 102792 113792
 1.3 105612 102792 113792
 1.3 105612 102792 113792
 1.3 105612 102792 113792
 1.3 105612 102792 113792
 1.3 105612 102792 113792
 1.3 105612 102792 113792
 1.3 105612 102792 113792
 1.3 105612 102792 113792
 1.3 105612 102792 113792
 1.3 105612 102792 113792
 1.3 105612 102792 113792
 1.3 105612 102792 113792
 1.3 105612 102792 113792
 1.3 105612 102792 113792
 1.3 105612 102792 113792
 1.3 105612 102792 113792
 1.3 105612 102792 113792
 1.3 105612 102792 113792
 1.3 105612 102792 113792
 1.3 105612 102792 113792
 1.3 105612 102792 113792
 1.3 105612 102792 113792
 1.3 105612 102792 113792
 1.3 105612 102792 113792
 1.3 105612 102792 113792
 1.3 105612 102792 113792
 1.3 105612 102792 113792
 1.3 105612 102792 113792
 1.3 105612 102792 113792
 1.3 105612 102792 113792
 1.3 105612 102792 113792
 1.3 105612 102792 113792
 1.3 105612 102792 113792
 1.3 105612 102792 113792
 1.3 105612 102792 113792
 1.3 105612 102792 113792
 1.3 105612 102792 113792
 1.3 105612 102792 113792
 1.3 105612 102792 113792
 1.3 105612 102792 113792
 1.3 105612 102792 113792
 1.3 105612 102792 113792
 1.3 105612 102792 113792
 1.3 105612 102792 113792
 1.3 105612 102792 113792
 1.3 105612 102792 113792
 1.3 105612 102792 113792
 1.3 105612 102792 113792
 1.3 105612 102792 113792
 1.3 105612 102792 113792
 1.3 105612 102792 113792
 1.3 105612 102792 113792
 1.3 105612 102792 113792
 1.3 105612 102792 113792
 1.3 105612 102792 113792
 1.3 105612 102792 113792
 1.3 105612 102792 113792
 1.3 105612 102792 113792
 1.3 105612 102792 113792
 1.3 105612 102792 113792
 1.3 105612 102792 113792
 1.3 105612 102792 113792
 1.3 105612 102792 113792
 1.3 105612 102792 113792
 1.3 105612 102792 113792
 1.3 105612 102792 113792
 1.3 105612 102792 113792
 1.3 105612 102792 113792
 1.3 105612 102792 113792
 1.3 105612 102792 113792
 1.3 105612 102792 113792
 1.3 105612 102792 113792
 1.3 105612 102792 113792
 1.3 105612 102792 113792
 1.3 105612 102792 113792
 1.3 105612 102792 113792
 1.3 105612 102792 113792
 1.3 105612 102792 113792
 1.3 105612 102792 113792
 1.3 105612 102792 113792
 1.3 105612 102792 113792
 1.3 105612 102792 113792
 1.3 105612 102792 113792
 1.3 105612 102792 113792
 1.3 105612 102792 113792
 1.3 105612 102792 113792
 1.3 105612 102792 113792
 1.3 105612 102792 113792
 1.3 105612 102792 113792
 1.3 105612 102792 113792
 1.3 105612 102792 113792
 1.3 105612 102792 113792
 1.3 105612 102792 113792
 1.3 105612 102792 113792
 1.3 105612 102792 113792
 1.3 105612 102792 113792
 1.3 105612 102792 113792
 1.3 105612 102792 113792
 1.3 105612 102792 113792
 1.3 105612 102792 113792
 1.3 105612 102792 113792
 1.3 105612 102792 113792
 1.3 105612 102792 113792
 1.3 105612 102792 113792
 1.3 105612 102792 113792
 1.3 105612 102792 113792
 1.3 105612 102792 113792
 1.3 105612 102792 113792
 1.3 105612 102792 113792
 1.3 105612 102792 113792
 1.3 105612 102792 113792
 1.3 105612 102792 113792
 1.3 105612 102792 113792
 1.3 105612 102792 113792
 1.3 105612 102792 113792
 1.3 105612 102792 113792
 1.3 105612 102792 113792
 1.3 105612 102792 113792
 1.3 105612 102792 113792
 1.3 105612 102792 113792
 1.3 105612 102792 113792
 1.3 105612 102792 113792
 1.3 105612 102792 113792
 1.3 105612 102792 113792
 1.3 105612 102792 113792
 1.3 105612 102792 113792
 1.3 105612 102792 113792
 1.3 105612 102792 113792
 1.3 105612 102792 113792
 1.3 105612 102792 113792
 1.3 105612 102792 113792
 1.3 105612 102792 113792
 1.3 105612 102792 113792
 1.3 105612 102792 113792
 1.3 105612 102792 113792
 1.3 105612 102792 113792
 1.3 105612 102792 113792
 1.3 105612 102792 113792
 1.3 105612 102792 113792
 1.3 105612 102792 113792
 1.3 105612 102792 113792
 1.3 105612 102792 113792
 1.3 105612 102792 113792
 1.3 105612 102792 113792
 1.3 105612 102792 113792
 1.3 105612 102792 113792
 1.3 105612 102792 113792
 1.3 105612 102792 113792
 1.3 105612 102792 113792
 1.3 105612 102792 113792
 1.3 105612 102792 113792
 1.3 105612 102792 113792
 1.3 105612 102792 113792
 1.3 105612 102792 113792
 1.3 105612 102792 113792
 1.3 105612 102792 113792
 1.3 105612 102792 113792
 1.3 105612 102792 113792
 1.3 105612 102792 113792
 1.3 105612 102792 113792
 1.3 105612 102792 113792
 1.3 105612 102792 113792
 1.3 105612 102792 113792
 1.3 105612 102792 113792
 1.3 105612 102792 113792
 1.3 105612 102792 113792
 1.3 105612 102792 113792
 1.3 105612 102792 113792
 1.3 105612 102792 113792
 1.3 105612 102792 113792
 1.3 105612 102792 113792
 1.3 105612 102792 113792
 1.3 105612 102792 113792
 1.3 105612 102792 113792
 1.3 105612 102792 113792
 1.3 105612 102792 113792
 1.3 105612 102792 113792
 1.3 105612 102792 113792
 1.3 105612 102792 113792
 1.3 105612 102792 113792
 1.3 105612 102792 113792
 1.3 105612 102792 113792
 1.3 105612 102792 113792
 1.3 105612 102792 113792
 1.3 105612 102792 113792
 1.3 105612 102792 113792
 1.3 105612 102792 113792
 1.3 105612 102792 113792
 1.3 105612 102792 113792
 1.3 105612 102792 113792
 1.3 105612 102792 113792
 1.3 105612 102792 113792
 1.3 105612 102792 113792
 1.3 105612 102792 113792
 1.3 105612 102792 113792
 1.3 105612 102792 113792
 1.3 105612 102792 113792
 1.3 105612 102792 113792
 1.3 105612 102792 113792
 1.3 105612 102792 113792
 1.3 105612 102792 113792
 1.3 105612 102792 113792
 1.3 105612 102792 113792
 1.3 105612 102792 113792
 1.3 105612 102792 113792
 1.3 105612 102792 113792
 1.3 105612 102792 113792
 1.3 105612 102792 113792
 1.3 105612 102792 113792
 1.3 105612 102792 113792
 1.3 105612 102792 113792
 1.3 105612 102792 113792
 1.3 105612 102792 113792
 1.3 105612 102792 113792
 1.3 105612 102792 113792
 1.3 105612 102792 113792
 1.3 105612 102792 113792
 1.3 105612 102792 113792
 1.3 105612 102792 113792
 1.3 105612 102792 113792
 1.3 105612 102792 113792
 1.3 105612 102792 113792
 1.3 105612 102792 113792
 1.3 105612 102792 113792
 1.3 105612 102792 113792
 1.3 105612 102792 113792
 1.3 105612 102792 113792
 1.3 105612 102792 113792
 1.3 105612 102792 113792
 1.3 105612 102792 113792
 1.3 105612 102792 113792
 1.3 105612 102792 113792
 1.3 105612 102792 113792
 1.3 105612 102792 113792
 1.3 105612 102792 113792
 1.3 105612 102792 113792
 1.3 105612 102792 113792
 1.3 105612 102792 113792
 1.3 105612 102792 113792
 1.3 105612 102792 113792
 1.3 105612 102792 113792
 1.3 105612 102792 113792
 1.3 105612 102792 113792
 1.3 105612 102792 113792
 1.3 105612 102792 113792
 1.3 105612 102792 113792
 1.3 105612 102792 113792
 1.3 105612 102792 113792
 1.3 105612 102792 113792
 1.3 105612 102792 113792
 1.3 105612 102792 113792
 1.3 105612 102792 113792
 1.3 105612 102792 113792
 1.3 105612 102792 113792
 1.3 105612 102792 113792
 1.3 105612 102792 113792
 1.3 105612 102792 113792
 1.3 105612 102792 113792
 1.3 105612 102792 113792
 1.3 105612 102792 113792
 1.3 105612 102792 113792
 1.3 105612 102792 113792
 1.3 105612 102792 113792
 1.3 105612 102792 113792
 1.3 105612 102792 113792
 1.3 105612 102792 113792
 1.3 105612 102792 113792
 1.3 105612 102792 113792
 1.3 105612 102792 113792
 1.3 105612 102792 113792
 1.3 105612 102792 113792
 1.3 105612 102792 113792
 1.3 105612 102792 113792
 1.3 105612 102792 113792
 1.3 105612 102792 113792
 1.3 105612 102792 113792
 1.3 105612 102792 113792
 1.3 105612 102792 113792
 1.3 105612 102792 113792
 1.3 105612 102792 113792
 1.3 105612 102792 113792
 1.3 105612 102792 113792
 1.3 105612 102792 113792
 1.3 105612 102792 113792
 1.3 105612 102792 113792
 1.3 105612 102792 113792
 1.3 105612 102792 113792
 1.3 105612 102792 113792
 1.3 105612 102792 113792
 1.3 105612 102792 113792
 1.3 105612 102792 113792
 1.3 105612 102792 113792
 1.3 105612 102792 113792
 1.3 105612 102792 113792
 1.3 105612 102792 113792
 1.3 105612 102792 113792
 1.3 105612 102792 113792
 1.3 105612 102792 113792
 1.3 105612 102792 113792
 1.3 105612 102792 113792
 1.3 105612 102792 113792
 1.3 105612 102792 113792
 1.3 105612 102792 113792
 1.3 105612 102792 113792
 1.3 105612 102792 113792
 1.3 105612 102792 113792
 1.3 105612 102792 113792
 1.3 105612 102792 113792
 1.3 105612 102792 113792
 1.3 105612 102792 113792
 1.3 105612 102792 113792
 1.3 105612 102792 113792
 1.3 105612 102792 113792
 1.3 105612 102792 113792
 1.3 105612 102792 113792
 1.3 105612 102792 113792
 1.3 105612 102792 113792
 1.3 105612 102792 113792
 1.3 105612 102792 113792
 1.3 105612 102792 113792
 1.3 105612 102792 113792
 1.3 105612 102792 113792
 1.3 105612 102792 113792
 1.3 105612 102792 113792
 1.3 105612 102792 113792
 1.3 105612 102792 113792
 1.3 105612 102792 113792
 1.3 105612 102792 113792
 1.3 105612 102792 113792
 1.3 105612 102792 113792
 1.3 105612 102792 113792
 1.3 105612 102792 113792
 1.3 105612 102792 113792
 1.3 105612 102792 113792
 1.3 105612 102792 113792
 1.3 105612 102792 113792
 1.3 105612 102792 113792
 1.3 105612 102792 113792
 1.3 105612 102792 113792
 1.3 105612 102792 113792
 1.3 105612 102792 113792
 1.3 105612 102792 113792
 1.3 105612 102792 113792
 1.3 105612 102792 113792
 1.3 105612 102792 113792
 1.3 105612 102792 113792
 1.3 105612 102792 113792
 1.3 105612 102792 113792
 1.3 105612 102792 113792
 1.3 105612 102792 113792
 1.3 105612 102792 113792
 1.3 105612 102792 113792
 1.3 105612 102792 113792
 1.3 105612 102792 113792
 1.3 105612 102792 113792
 1.3 105612 102792 113792
 1.3 105612 102792 113792
 1.3 105612 102792 113792
 1.3 105612 102792 113792
 1.3 105612 102792 113792
 1.3 105612 102792 113792
 1.3 105612 102792 113792
 1.3 105612 102792 113792
 1.3 105612 102792 113792
 1.3 105612 102792 113792
 1.3 105612 102792 113792
 1.3 105612 102792 113792
 1.3 105612 102792 113792
 1.3 105612 102792 113792
 1.3 105612 102792 113792
 1.3 105612 102792 113792
 1.3 105612 102792 113792
 1.3 105612 102792 113792
 1.3 105612 102792 113792
 1.3 105612 102792 113792
 1.3 105612 102792 113792
 1.3 105612 102792 113792
 1.3 105612 102792 113792
 1.3 105612 102792 113792
 1.3 105612 102792 113792
 1.3 105612 102792 113792
 1.3 105612 102792 113792
 1.3 105612 102792 113792
 1.3 105612 102792 113792
 1.3 105612 102792 113792
 1.3 105612 102792 113792
 1.3 105612 102792 113792
 1.3 105612 102792 113792
 1.3 105612 102792 113792
 1.3 105612 102792 113792
 1.3 105612 102792 113792
 1.3 105612 102792 113792
 1.3 105612 102792 113792
 1.3 105612 102792 113792
 1.3 105612 102792 113792
 1.3 105612 102792 113792
 1.3 105612 102792 113792
 1.3 105612 102792 113792
 1.3 105612 102792 113792
 1.3 105612 102792 113792
 1.3 105612 102792 113792
 1.3 105612 102792 113792
 1.3 105612 102792 113792
 1.3 105612 102792 113792
 1.3 105612 102792 113792
 1.3 105612 102792 113792
 1.3 105612 102792 113792
 1.3 105612 102792 113792
 1.3 105612 102792 113792
 1.3 105612 102792 113792
 1.3 105612 102792 113792
 1.3 105612 102792 113792
 1.3 105612 102792 113792
 1.3 105612 102792 113792
 1.3 105612 102792 113792
 1.3 105612 102792 113792
 1.3 105612 102792 113792
 1.3 105612 102792 113792
 1.3 105612 102792 113792
 1.3 105612 102792 113792
 1.3 105612 102792 113792
 1.3 105612 102792 113792
 1.3 105612 102792 113792
 1.3 105612 102792 113792
 1.3 105612 102792 113792
 1.3 105612 102792 113792
 1.3 105612 102792 113792
 1.3 105612 102792 113792
 1.3 105612 102792 113792
 1.3 105612 102792 113792
 1.3 105612 102792 113792
 1.3 105612 102792 113792
 1.3 105612 102792 113792
 1.3 105612 102792 113792
 1.3 105612 102792 113792
 1.3 105612 102792 113792
 1.3 105612 102792 113792
 1.3 105612 102792 113792
 1.3 105612 102792 113792
 1.3 105612 102792 113792
 1.3 105612 102792 113792
 1.3 105612 102792 113792
 1.3 105612 102792 113792
 1.3 105612 102792 113792
 1.3 105612 102792 113792
 1.3 105612 102792 113792
 1.3 105612 102792 113792
 1.3 105612 102792 113792
 1.3 105612 102792 113792
 1.3 105612 102792 113792
 1.3 105612 102792 113792
 1.3 105612 102792 113792
 1.3 105612 102792 113792
 1.3 105612 102792 113792
 1.3 105612 102792 113792
 1.3 105612 102792 113792
 1.3 105612 102792 113792
 1.3 105612 102792 113792
 1.3 105612 102792 113792
 1.3 105612 102792 113792
 1.3 105612 102792 113792
 1.3 105612 102792 113792
 1.3 105612 102792 113792
 1.3 105612 102792 113792
 1.3 105612 102792 113792
 1.3 105612 102792 113792
 1.3 105612 102792 113792
 1.3 105612 102792 113792
 1.3 105612 102792 113792
 1.3 105612 102792 113792
 1.3 105612 102792 113792
 1.3 105612 102792 113792
 1.3 105612 102792 113792
 1.3 105612 102792 113792
 1.3 105612 102792 113792
 1.3 105612 102792 113792
 1.3 105612 102792 113792
 1.3 105612 102792 113792
 1.3 105612 102792 113792
 1.3 105612 102792 113792
 1.3 105612 102792 113792
 1.3 105612 102792 113792
 1.3 105612 102792 113792
 1.3 105612 102792 113792
 1.3 105612 102792 113792
 1.3 105612 102792 113792
 1.3 105612 102792 113792
 1.3 105612 102792 113792
 1.3 105612 102792 113792
 1.3 105612 102792 113792
 1.3 105612 102792 113792
 1.3 105612 102792 113792
 1.3 105612 102792 113792
 1.3 105612 102792 113792
 1.3 105612 102792 113792
 1.3 105612 102792 113792
 1.3 105612 102792 113792
 1.3 105612 102792 113792
 1.3 105612 102792 113792
 1.3 105612 102792 113792
 1.3 105612 102792 113792
 1.3 105612 102792 113792
 1.3 105612 102792 113792
 1.3 105612 102792 113792
 1.3 105612 102792 113792
 1.3 105612 102792 113792
 1.3 105612 102792 113792
 1.3 105612 102792 113792
 1.3 105612 102792 113792
 1.3 105612 102792 113792
 1.3 105612 102792 113792
 1.3 105612 102792 113792
 1.3 105612 102792 113792
 1.3 105612 102792 113792
 1.3 105612 102792 113792
 1.3 105612 102792 113792
 1.3 105612 102792 113792
 1.3 105612 102792 113792
 1.3 105612 102792 113792
 1.3 105612 102792 113792
 1.3 105612 102792 113792
 1.3 105612 102792 113792
 1.3 105612 102792 113792
 1.3 105612 102792 113792
 1.3 105612 102792 113792
 1.3 105612 102792 113792
 1.3 105612 102792 113792
 1.3 105612 102792 113792
 1.3 105612 102792 113792
 1.3 105612 102792 113792
 1.3 105612 102792 113792
 1.3 105612 102792 113792
 1.3 105612 102792 113792
 1.3 105612 102792 113792
 1.3 105612 102792 113792
 1.3 105612 102792 113792
 1.3 105612 102792 113792
 1.3 105612 102792 113792
 1.3 105612 102792 113792
 1.3 105612 102792 113792
 1.3 105612 102792 113792
 1.3 105612 102792 113792
 1.3 105612 102792 113792
 1.3 105612 102792 113792
 1.3 105612 102792 113792
 1.3 105612 102792 113792
 1.3 105612 102792 113792
 1.3 105612 102792 113792
 1.3 105612 102792 113792
 1.3 105612 102792 113792
 1.3 105612 102792 113792
 1.3 105612 102792 113792
 1.3 105612 102792 113792
 1.3 105612 102792 113792
 1.3 105612 102792 113792
 1.3 105612 102792 113792
 1.3 105612 102792 113792
 1.3 105612 102792 113792
 1.3 105612 102792 113792
 1.3 105612 102792 113792
 1.3 105612 102792 113792
 1.3 105612 102792 113792
 1.3 105612 102792 113792
 1.3 105612 102792 113792
 1.3 105612 102792 113792
 1.3 105612 102792 113792
 1.3 105612 102792 113792
 1.3 105612 102792 113792
 1.3 105612 102792 113792
 1.3 105612 102792 113792
 1.3 105612 102792 113792
 1.3 105612 102792 113792
 1.3 105612 102792 113792
 1.3 105612 102792 113792
 1.3 105612 102792 113792
 1.3 105612 102792 113792
 1.3 105612 102792 113792
 1.3 105612 102792 113792
 1.3 105612 102792 113792
 1.3 105612 102792 113792
 1.3 105612 102792 113792
 1.3 105612 102792 113792
 1.3 105612 102792 113792
 1.3 105612 102792 113792
 1.3 105612 102792 113792
 1.3 105612 102792 113792
 1.3 105612 102792 113792
 1.3 105612 102792 113792
 1.3 105612 102792 113792
 1.3 105612 102792 113792
 1.3 105612 102792 113792
 1.3 105612 102792 113792
 1.3 105612 102792 113792
 1.3 105612 102792 113792
 1.3 105612 102792 113792
 1.3 105612 102792 113792
 1.3 105612 102792 113792
 1.3 105612 102792 113792
 1.3 105612 102792 113792
 1.3 105612 102792 113792
 1.3 105612 102792 113792
 1.3 105612 102792 113792
 1.3 105612 102792 113792
 1.3 105612 102792 113792
 1.3 105612 102792 113792
 1.3 105612 102792 113792
 1.3 105612 102792 113792
 1.3 105612 102792 113792
 1.3 105612 102792 113792
 1.3 105612 102792 113792
 1.3 105612 102792 113792
 1.3 105612 102792 113792
 1.3 105612 102792 113792
 1.3 105612 102792 113792
 1.3 105612 102792 113792
 1.3 105612 102792 113792
 1.3 105612 102792 113792
 1.3 105612 102792 113792
 1.3 105612 102792 113792
 1.3 105612 102792 113792
 1.3 105612 102792 113792
 1.3 105612 102792 113792
 1.3 105612 102792 113792
 1.3 105612 102792 113792
 1.3 105612 102792 113792
 1.3 105612 102792 113792
 1.3 105612 102792 113792
 1.3 105612 102792 113792
 1.3 105612 102792 113792
 1.3 105612 102792 113792
 1.3 105612 102792 113792
 1.3 105612 102792 113792
 1.3 105612 102792 113792
 1.3 105612 102792 113792
 1.3 105612 102792 113792
 1.3 105612 102792 113792
 1.3 105612 102792 113792
 1.3 105612 102792 113792
 1.3 105612 102792 113792
 1.3 105612 102792 113792
 1.3 105612 102792 113792
 1.3 105612 102792 113792
 1.3 105612 102792 113792
 1.3 105612 102792 113792
 1.3 105612 102792 113792
 1.3 105612 102792 113792
 1.3 105612 102792 113792
 1.3 105612 102792 113792
 1.3 105612 102792 113792
 1.3 105612 102792 113792
 1.3 105612 102792 113792
 1.3 105612 102792 113792
 1.3 105612 102792 113792
 1.3 105612 102792 113792
 1.3 105612 102792 113792
 1.3 105612 102792 113792
 1.3 105612 102792 113792
 1.3 105612 102792 113792
 1.3 105612 102792 113792
 1.3 105612 102792 113792
 1.3 105612 102792 113792
 1.3 105612 102792 113792
 1.3 105612 102792 113792
 1.3 105612 102792 113792
 1.3 105612 102792 113792
 1.3 105612 102792 113792
 1.3 105612 102792 113792
 1.3 105612 102792 113792
 1.3 105612 102792 113792
 1.3 105612 102792 113792
 1.3 105612 102792 113792
 1.3 105612 102792 113792
 1.3 105612 102792 113792
 1.3 105612 102792 113792
 1.3 105612 102792 113792
 1.3 105612 102792 113792
 1.3 105612 102792 113792
 1.3 105612 102792 113792
 1.3 105612 102792 113792
 1.3 105612 102792 113792
 1.3 105612 102792 113792
 1.3 105612 102792 113792
 1.3 105612 102792 113792
 1.3 105612 102792 113792
 1.3 105612 102792 113792
 1.3 105612 102792 113792
 1.3 105612 102792 113792
 1.3 105612 102792 113792
 1.3 105612 102792 113792
 1.3 105612 102792 113792
 1.3 105612 102792 113792
 1.3 105612 102792 113792
 1.3 105612 102792 113792
 1.3 105612 102792 113792
 1.3 105612 102792 113792
 1.3 105612 102792 113792
 1.3 105612 102792 113792
 1.3 105612 102792 113792
 1.3 105612 102792 113792
 1.3 105612 102792 113792
 1.3 105612 102792 113792
 1.3 105612 102792 113792
 1.3 105612 102792 113792
 1.3 105612 102792 113792
 1.3 105612 102792 113792
 1.3 105612 102792 113792
 1.3 105612 102792 113792
 1.3 105612 102792 113792
 1.3 105612 102792 113792
 1.3 105612 102792 113792
 1.3 105612 102792 113792
 1.3 105612 102792 113792
 1.3 105612 102792 113792
 1.3 105612 102792 113792
 1.3 105612 102792 113792
 1.3 105612 102792 113792
 1.3 105612 102792 113792
 1.3 105612 102792 113792
 1.3 105612 102792 113792
 1.3 105612 102792 113792
 1.3 105612 102792 113792
 1.3 105612 102792 113792
 1.3 105612 102792 113792
 1.3 105612 102792 113792
 1.3 105612 102792 113792
 1.3 105612 102792 113792
 1.3 105612 102792 113792
 1.3 105612 102792 113792
 1.3 105612 102792 113792
 1.3 105612 102792 113792
 1.3 105612 102792 113792
 1.3 105612 102792 113792
 1.3 105612 102792 113792
 1.3 105612 102792 113792
 1.3 105612 102792 113792
 1.3 105612 102792 113792
 1.3 105612 102792 113792
 1.3 105612 102792 113792
 1.3 105612 102792 113792
 1.3 105612 102792 113792
 1.3 105612 102792 113792
 1.3 105612 102792 113792
 1.3 105612 102792 113792
 1.3 105612 102792 113792
 1.3 105612 102792 113792
 1.3 105612 102792 113792
 1.3 105612 102792 113792
 1.3 105612 102792 113792
 1.3 105612 102792 113792
 1.3 105612 102792 113792
 1.3 105612 102792 113792
 1.3 105612 102792 113792
 1.3 105612 102792 113792
 1.3 105612 102792 113792
 1.3 105612 102792 113792
 1.3 105612 102792 113792
 1.3 105612 102792 113792
 1.3 105612 102792 113792
 1.3 105612 102792 113792
 1.3 105612 102792 113792
 1.3 105612 102792 113792
 1.3 105612 102792 113792
 1.3 105612 102792 113792
 1.3 105612 102792 113792
 1.3 105612 102792 113792
 1.3 105612 102792 113792
 1.3 105612 102792 113792
 1.3 105612 102792 113792
 1.3 105612 102792 113792
 1.3 105612 102792 113792
 1.3 105612 102792 113792
 1.3 105612 102792 113792
 1.3 105612 102792 113792
 1.3 105612 102792 113792
 1.3 105612 102792 113792
 1.3 105612 102792 113792
 1.3 105612 102792 113792
 1.3 105612 102792 113792
 1.3 105612 102792 113792
 1.3 105612 102792 113792
 1.3 105612 102792 113792
 1.3 105612 102792 113792
 1.3 105612 102792 113792
 1.3 105612 102792 113792
 1.3 105612 102792 113792
 1.3 105612 102792 113792
 1.3 105612 102792 113792
 1.3 105612 102792 113792
 1.3 105612 102792 113792
 1.3 105612 102792 113792
 1.3 105612 102792 113792
 1.3 105612 102792 113792
 1.3 105612 102792 113792
 1.3 105612 102792 113792
 1.3 105612 102792 113792
 1.3 105612 102792 113792
 1.3 105612 102792 113792
 1.3 105612 102792 113792
 1.3 105612 102792 113792
 1.3 105612 102792 113792
 1.3 105612 102792 113792
 1.3 105612 102792 113792
 1.3 105612 102792 113792
 1.3 105612 102792 113792
 1.3 105612 102792 113792
 1.3 105612 102792 113792
 1.3 105612 102792 113792
 1.3 105612 102792 113792
 1.3 105612 102792 113792
 1.3 105612 102792 113792
 1.3 105612 102792 113792
 1.3 105612 102792 113792
 1.3 105612 102792 113792
 1.3 105612 102792 113792
 1.3 105612 102792 113792
 1.3 105612 102792 113792
 1.3 105612 102792 113792
 1.3 105612 102792 113792
 1.3 105612 102792 113792
 1.3 105612 102792 113792
 1.3 105612 102792 113792
 1.3 105612 102792 113792
 1.3 105612 102792 113792
 1.3 105612 102792 113792
 1.3 105612 102792 113792
 1.3 105612 102792 113792
 1.3 105612 102792 113792
 1.3 105612 102792 113792
 1.3 105612 102792 113792
 1.3 105612 102792 113792
 1.3 105612 102792 113792
 1.3 105612 102792 113792
 1.3 105612 102792 113792
 1.3 105612 102792 113792
 1.3 105612 102792 113792
 1.3 105612 102792 113792
 1.3 105612 102792 113792
 1.3 105612 102792 113792
 1.3 105612 102792 113792
 1.3 105612 102792 113792
 1.3 105612 102792 113792
 1.3 105612 102792 113792
 1.3 105612 102792 113792
 1.3 105612 102792 113792
 1.3 105612 102792 113792
 1.3 105612 102792 113792
 1.3 105612 102792 113792
 1.3 105612 102792 113792
 1.3 105612 102792 113792
 1.3 105612 102792 113792
 1.3 105612 102792 113792
 1.3 105612 102792 113792
 1.3 105612 102792 113792
 1.3 105612 102792 113792
 1.3 105612 102792 113792
 1.3 105612 102792 113792
 1.3 105612 102792 113792
 1.3 105612 102792 113792
 1.3 105612 102792 113792
 1.3 105612 102792 113792
 1.3 105612 102792 113792
 1.3 105612 102792 113792
 1.3 105612 102792 113792
 1.3 105612 102792 113792
 1.3 105612 102792 113792
 1.3 105612 102792 113792
 1.3 105612 102792 113792
 1.3 105612 102792 113792
 1.3 105612 102792 113792
 1.3 105612 102792 113792
 1.3 105612 102792 113792
 1.3 105612 102792 113792
 1.3 105612 102792 113792
 1.3 105612 102792 113792
 1.3 105612 102792 113792
 1.3 105612 102792 113792
 1.3 105612 102792 113792
 1.3 105612 102792 113792
 1.3 105612 102792 113792
 1.3 105612 102792 113792
 1.3 105612 102792 113792
 1.3 105612 102792 113792
 1.3 105612 102792 113792
 1.3 105612 102792 113792
 1.3 105612 102792 113792
 1.3 105612 102792 113792
 1.3 105612 102792 113792
 1.3 105612 102792 113792
 1.3 105612 102792 113792
 1.3 105612 102792 113792
 1.3 105612 102792 113792
 1.3 105612 102792 113792
 1.3 105612 102792 113792
 1.3 105612 102792 113792
 1.3 105612 102792 113792
 1.3 105612 102792 113792
 1.3 105612 102792 113792
 1.3 105612 102792 113792
 1.3 105612 102792 113792
 1.3 105612 102792 113792
 1.3 105612 102792 113792
 1.3 105612 102792 113792
 1.3 105612 102792 113792
 1.3 105612 102792 113792
 1.3 105612 102792 113792
 1.3 105612 102792 113792
 1.3 105612 102792 113792
 1.3 105612 102792 113792
 1.3 105612 102792 113792
 1.3 105612 102792 113792
 1.3 105612 102792 113792
 1.3 105612 102792 113792
 1.3 105612 102792 113792
 1.3 105612 102792 113792
 1.3 105612 102792 113792
 1.3 105612 102792 113792
 1.3 105612 102792 113792
 1.3 105612 102792 113792
 1.3 105612 102792 113792
 1.3 105612 102792 113792
 1.3 105612 102792 113792
 1.3 105612 102792 113792
 1.3 105612 102792 113792
 1.3 105612 102792 113792
 1.3 105612 102792 113792
 1.3 105612 102792 113792
 1.3 105612 102792 113792
 1.3 105612 102792 113792
 1.3 105612 102792 113792
 1.3 105612 102792 113792
 1.3 105612 102792 113792
 1.3 105612 102792 113792
 1.3 105612 102792 113792
 1.3 105612 102792 113792
 1.3 105612 102792 113792
 1.3 105612 102792 113792
 1.3 105612 102792 113792
 1.3 105612 102792 113792
 1.3 105612 102792 113792
 1.3 105612 102792 113792
 1.3 105612 102792 113792
 1.3 105612 102792 113792
 1.3 105612 102792 113792
 1.3 105612 102792 113792
 1.3 105612 102792 113792
 1.3 105612 102792 113792
 1.3 105612 102792 113792
 1.3 105612 102792 113792
 1.3 105612 102792 113792
 1.3 105612 102792 113792
 1.3 105612 102792 113792
 1.3 105612 102792 113792
 1.3 105612 102792 113792
 1.3 105612 102792 113792
 1.3 105612 102792 113792
 1.3 105612 102792 113792
 1.3 105612 102792 113792
 1.3 105612 102792 113792
 1.3 105612 102792 113792
 1.3 105612 102792 113792
 1.3 105612 102792 113792
 1.3 105612 102792 113792
 1.3 105612 102792 113792
 1.3 105612 102792 113792
 1.3 105612 102792 113792
 1.3 105612 102792 113792
 1.3 105612 102792 113792
 1.3 105612 102792 113792
 1.3 105612 102792 113792
 1.3 105612 102792 113792
 1.3 105612 102792 113792
 1.3 105612 102792 113792
 1.3 105612 102792 113792
 1.3 105612 102792 113792
 1.3 105612 102792 113792
 1.3 105612 102792 113792
 1.3 105612 102792 113792
 1.3 105612 102792 113792
 1.3 105612 102792 113792
 1.3 105612 102792 113792
 1.3 105612 102792 113792
 1.3 105612 102792 113792
 1.3 105612 102792 113792
 1.3 105612 102792 113792
 1.3 105612 102792 113792
 1.3 105612 102792 113792
 1.3 105612 102792 113792
 1.3 105612 102792 113792
 1.3 105612 102792 113792
 1.3 105612 102792 113792
 1.3 105612 102792 113792
 1.3 105612 102792 113792
 1.3 105612 102792 113792
 1.3 105612 102792 113792
 1.3 105612 102792 113792
 1.3 105612 102792 113792
 1.3 105612 102792 113792
 1.3 105612 102792 113792
 1.3 105612 102792 113792
 1.3 105612 102792 113792
 1.3 105612 102792 113792
 1.3 105612 102792 113792
 1.3 105612 102792 113792
 1.3 105612 102792 113792
 1.3 105612 102792 113792
 1.3 105612 102792 113792
 1.3 105612 102792 113792
 1.3 105612 102792 113792
 1.3 105612 102792 113792
 1.3 105612 102792 113792
 1.3 105612 102792 113792
 1.3 105612 102792 113792
 1.3 105612 102792 113792
 1.3 105612 102792 113792
 1.3 105612 102792 113792
 1.3 105612 102792 113792
 1.3 105612 102792 113792
 1.3 105612 102792 113792
 1.3 105612 102792 113792
 1.3 105612 102792 113792
 1.3 105612 102792 113792
 1.3 105612 102792 113792
 1.3 105612 102792 113792
 1.3 105612 102792 113792
 1.3 105612 102792 113792
 1.3 105612 102792 113792
 1.3 105612 102792 113792
 1.3 105612 102792 113792
 1.3 105612 102792 113792
 1.3 105612 102792 113792
 1.3 105612 102792 113792
 1.3 105612 102792 113792
 1.3 105612 102792 113792
 1.3 105612 102792 113792
 1.3 105612 102792 113792
 1.3 105612 102792 113792
 1.3 105612 102792 113792
 1.3 105612 102792 113792
 1.3 105612 102792 113792
 1.3 105612 102792 113792
 1.3 105612 102792 113792
 1.3 105612 102792 113792
 1.3 105612 102792 113792
 1.3 105612 102792 113792
 1.3 105612 102792 113792
 1.3 105612 102792 113792
 1.3 105612 102792 113792
 1.3 105612 102792 113792
 1.3 105612 102792 113792
 1.3 105612 102792 113792
 1.3 105612 102792 113792
 1.3 105612 102792 113792
 1.3 105612 102792 113792
 1.3 105612 102792 113792
 1.3 105612 102792 113792
 1.3 105612 102792 113792
 1.3 105612 102792 113792
 1.3 105612 102792 113792
 1.3 105612 102792 113792
 1.3 105612 102792 113792
 1.3 105612 102792 113792
 1.3 105612 102792 113792
 1.3 105612 102792 113792
 1.3 105612 102792 113792
 1.3 105612 102792 113792
 1.3 105612 102792 113792
 1.3 105612 102792 113792
 1.3 105612 102792 113792
 1.3 105612 102792 113792
 1.3 105612 102792 113792
 1.3 105612 102792 113792
 1.3 105612 102792 113792
 1.3 105612 102792 113792
 1.3 105612 102792 113792
 1.3 105612 102792 113792
 1.3 105612 102792 113792
 1.3 105612 102792 113792
 1.3 105612 102792 113792
 1.3 105612 102792 113792
 1.3 105612 102792 113792
 1.3 105612 102792 113792
 1.3 105612 102792 113792
 1.3 105612 102792 113792
 1.3 105612 102792 113792
 1.3 105612 102792 113792
 1.3 105612 102792 113792
 1.3 105612 102792 113792
 1.3 105612 102792 113792
 1.3 105612 102792 113792
 1.3 105612 102792 113792
 1.3 105612 102792 113792
 1.3 105612 102792 113792
 1.3 105612 102792 113792
 1.3 105612 102792 113792
 1.3 105612 102792 113792
 1.3 105612 102792 113792
 1.3 105612 102792 113792
 1.3 105612 102792 113792
 1.3 105612 102792 113792
 1.3 105612 102792 113792
 1.3 105612 102792 113792
 1.3 105612 102792 113792
 1.3 105612 102792 113792
 1.3 105612 102792 113792
 1.3 105612 102792 113792
 1.3 105612 102792 113792
 1.3 105612 102792 113792
 1.3 105612 102792 113792
 1.3 105612 102792 113792
 1.3 105612 102792 113792
 1.3 105612 102792 113792
 1.3 105612 102792 113792
 1.3 105612 102792 113792
 1.3 105612 102792 113792
 1.3 105612 102792 113792
 1.3 105612 102792 113792
 1.3 105612 102792 113792
 1.3 105612 102792 113792
 1.3 105612 102792 113792
 1.3 105612 102792 113792
 1.3 105612 102792 113792
 1.3 105612 102792 113792
 1.3 105612 102792 113792
 1.3 105612 102792 113792
 1.3 105612 102792 113792
 1.3 105612 102792 113792
 1.3 105612 102792 113792
 1.3 105612 102792 113792
 1.3 105612 102792 113792
 1.3 105612 102792 113792
 1.3 105612 102792 113792
 1.3 105612 102792 113792
 1.3 105612 102792 113792
 1.3 105612 102792 113792
 1.3 105612 102792 113792
 1.3 105612 102792 113792
 1.3 105612 102792 113792
 1.3 105612 102792 113792
 1.3 105612 102792 113792
 1.3 105612 102792 113792
 1.3 105612 102792 113792
 1.3 105612 102792 113792
 1.3 105612 102792 113792
 1.3 105612 102792 113792
 1.3 105612 102792 113792
 1.3 105612 102792 113792
 1.3 105612 102792 113792
 1.3 105612 102792 113792
 1.3 105612 102792 113792
 1.3 105612 102792 113792
 1.3 105612 102792 113792
 1.3 105612 102792 113792
 1.3 105612 102792 113792
 1.3 105612 102792 113792
 1.3 105612 102792 113792
 1.3 105612 102792 113792
 1.3 105612 102792 113792
 1.3 105612 102792 113792
 1.3 105612 102792 113792
 1.3 105612 102792 113792
 1.3 105612 102792 113792
 1.3 105612 102792 113792
 1.3 105612 102792 113792
 1.3 105612 102792 113792
 1.3 105612 102792 113792
 1.3 105612 102792 113792
 1.3 105612 102792 113792
 1.3 105612 102792 113792
 1.3 105612 102792 113792
 1.3 105612 102792 113792
 1.3 105612 102792 113792
 1.3 105612 102792 113792
 1.3 105612 102792 113792
 1.3 105612 102792 113792
 1.3 105612 102792 113792
 1.3 105612 102792 113792
 1.3 105612 102792 113792
 1.3 105612 102792 113792
 1.3 105612 102792 113792
 1.3 105612 102792 113792
 1.3 105612 102792 113792
 1.3 105612 102792 113792
 1.3 105612 102792 113792
 1.3 105612 102792 113792
 1.3 105612 102792 113792
 1.3 105612 102792 113792
 1.3 105612 102792 113792
 1.3 105612 102792 113792
 1.3 105612 102792 113792
 1.3 105612 102792 113792
 1.3 105612 102792 113792
 1.3 105612 102792 113792
 1.3 105612 102792 113792
 1.3 105612 102792 113792
 1.3 105612 102792 113792
 1.3 105612 102792 113792
 1.3 105612 102792 113792
 1.3 105612 102792 113792
 1.3 105612 102792 113792
 1.3 105612 102792 113792
 1.3 105612 102792 113792
 1.3 105612 102792 113792
 1.3 105612 102792 113792
 1.3 105612 102792 113792
 1.3 105612 102792 113792
 1.3 105612 102792 113792
 1.3 105612 102792 113792
 1.3 105612 102792 113792
 1.3 105612 102792 113792
 1.3 105612 102792 113792
 1.3 105612 102792 113792
 1.3 105612 102792 113792
 1.3 105612 102792 113792
 1.3 105612 102792 113792
 1.3 105612 102792 113792
 1.3 105612 102792 113792
 1.3 105612 102792 113792
 1.3 105612 102792 113792
 1.3 105612 102792 113792
 1.3 105612 102792 113792
 1.3 105612 102792 113792
 1.3 105612 102792 113792
 1.3 105612 102792 113792
 1.3 105612 102792 113792
 1.3 105612 102792 113792
 1.3 105612 102792 113792
 1.3 105612 102792 113792
 1.3 105612 102792 113792
 1.3 105612 102792 113792
 1.3 105612 102792 113792
 1.3 105612 102792 113792
 1.3 105612 102792 113792
 1.3 105612 102792 113792
 1.3 105612 102792 113792
 1.3 105612 102792 113792
 1.3 105612 102792 113792
 1.3 105612 102792 113792
 1.3 105612 102792 113792
 1.3 105612 102792 113792
 1.3 105612 102792 113792
 1.3 105612 102792 113792
 1.3 105612 102792 113792
 1.3 105612 102792 113792
 1.3 105612 102792 113792
 1.3 105612 102792 113792
 1.3 105612 102792 113792
 1.3 105612 102792 113792
 1.3 105612 102792 113792
 1.3 105612 102792 113792
 1.3 105612 102792 113792
 1.3 105612 102792 113792
 1.3 105612 102792 113792
 1.3 105612 102792 113792
 1.3 105612 102792 113792
 1.3 105612 102792 113792
 1.3 105612 102792 113792
 1.3 105612 102792 113792
 1.3 105612 102792 113792
 1.3 105612 102792 113792
 1.3 105612 102792 113792
 1.3 105612 102792 113792
 1.3 105612 102792 113792
 1.3 105612 102792 113792
 1.3 105612 102792 113792
 1.3 105612 102792 113792
 1.3 105612 102792 113792
 1.3 105612 102792 113792
 1.3 105612 102792 113792
 1.3 105612 102792 113792
 1.3 105612 102792 113792
 1.3 105612 102792 113792
 1.3 105612 102792 113792
 1.3 105612 102792 113792
 1.3 105612 102792 113792
 1.3 105612 102792 113792
 1.3 105612 102792 113792
 1.3 105612 102792 113792
 1.3 105612 102792 113792
 1.3 105612 102792 113792
 1.3 105612 102792 113792
 1.3 105612 102792 113792
 1.3 105612 102792 113792
 1.3 105612 102792 113792
 1.3 105612 102792 113792
 1.3 105612 102792 113792
 1.3 105612 102792 113792
 1.3 105612 102792 113792
 1.3 105612 102792 113792
 1.3 105612 102792 113792
 1.3 105612 102792 113792
 1.3 105612 102792 113792
 1.3 105612 102792 113792
 1.3 105612 102792 113792
 1.3 105612 102792 113792
 1.3 105612 102792 113792
 1.3 105612 102792 113792
 1.3 105612 102792 113792
 1.3 105612 102792 113792
 1.3 105612 102792 113792
 1.3 105612 102792 113792
 1.3 105612 102792 113792
 1.3 105612 102792 113792
 1.3 105612 102792 113792
 1.3 105612 102792 113792
 1.3 105612 102792 113792
 1.3 105612 102792 113792
 1.3 105612 102792 113792
 1.3 105612 102792 113792
 1.3 105612 102792 113792
 1.3 105612 102792 113792
 1.3 105612 102792 113792
 1.3 105612 102792 113792
 1.3 105612 102792 113792
 1.3 105612 102792 113792
 1.3 105612 102792 113792
 1.3 105612 102792 113792
 1.3 105612 102792 113792
 1.3 105612 102792 113792
 1.3 105612 102792 113792
 1.3 105612 102792 113792
 1.3 105612 102792 113792
 1.3 105612 102792 113792
 1.3 105612 102792 113792
 1.3 105612 102792 113792
 1.3 105612 102792 113792
 1.3 105612 102792 113792
 1.3 105612 102792 113792
 1.3 105612 102792 113792
 1.3 105612 102792 113792
 1.3 105612 102792 113792
 1.3 105612 102792 113792
 1.3 105612 102792 113792
 1.3 105612 102792 113792
 1.3 105612 102792 113792
 1.3 105612 102792 113792
 1.3 105612 102792 113792
 1.3 105612 102792 113792
 1.3 105612 102792 113792
 1.3 105612 102792 113792
 1.3 105612 102792 113792
 1.3 105612 102792 113792
 1.3 105612 102792 113792
 1.3 105612 102792 113792
 1.3 105612 102792 113792
 1.3 105612 102792 113792
 1.3 105612 102792 113792
 1.3 105612 102792 113792
 1.3 105612 102792 113792
 1.3 105612 102792 113792
 1.3 105612 102792 113792
 1.3 105612 102792 113792
 1.3 105612 102792 113792
 1.3 105612 102792 113792
 1.3 105612 102792 113792
 1.3 105612 102792 113792
 1.3 105612 102792 113792
 1.3 105612 102792 113792
 1.3 105612 102792 113792
 1.3 105612 102792 113792
 1.3 105612 102792 113792
 1.3 105612 102792 113792
 1.3 105612 102792 113792
 1.3 105612 102792 113792
 1.3 105612 102792 113792
 1.3 105612 102792 113792
 1.3 105612 102792 113792
 1.3 105612 102792 113792
 1.3 105612 102792 113792
 1.3 105612 102792 113792
 1.3 105612 102792 113792
 1.3 105612 102792 113792
 1.3 105612 102792 113792
 1.3 105612 102792 113792
 1.3 105612 102792 113792
 1.3 105612 102792 113792
 1.3 105612 102792 113792
 1.3 105612 102792 113792
 1.3 105612 102792 113792
 1.3 105612 102792 113792
 1.3 105612 102792 113792
 0.3 28668 26004  37004
 0.8 71012 70832  81832
 1.3 105840 102852 113852
 1.3 105840 102852 113852
 1.3 105840 102852 113852
 1.3 105840 102852 113852
 1.3 105840 102852 113852
 1.3 105840 102852 113852
 1.3 105840 102852 113852
 1.3 105840 102852 113852
 1.3 105840 102852 113852
 1.3 105840 102852 113852
 1.3 105840 102852 113852
 1.3 105840 102852 113852
 1.3 105840 102852 113852
 1.3 105840 102852 113852
 1.3 105840 102852 113852
 1.3 105840 102852 113852
 1.3 105840 102852 113852
 1.3 105840 102852 113852
 1.3 105840 102852 113852
 1.3 105840 102852 113852
 1.3 105840 102852 113852
 1.3 105840 102852 113852
 1.3 105840 102852 113852
 1.3 105840 102852 113852
 1.3 105840 102852 113852
 1.3 105840 102852 113852
 1.3 105840 102852 113852
 1.3 105840 102852 113852
 1.3 105840 102852 113852
 1.3 105840 102852 113852
 1.3 105840 102852 113852
 1.3 105840 102852 113852
 1.3 105840 102852 113852
 1.3 105840 102852 113852
 1.3 105840 102852 113852
 1.3 105840 102852 113852
 1.3 105840 102852 113852
 1.3 105840 102852 113852
 1.3 105840 102852 113852
 1.3 105840 102852 113852
 1.3 105840 102852 113852
 1.3 105840 102852 113852
 1.3 105840 102852 113852
 1.3 105840 102852 113852
 1.3 105840 102852 113852
 1.3 105840 102852 113852
 1.3 105840 102852 113852
 1.3 105840 102852 113852
 1.3 105840 102852 113852
 1.3 105840 102852 113852
 1.3 105840 102852 113852
 1.3 105840 102852 113852
 1.3 105840 102852 113852
 1.3 105840 102852 113852
 1.3 105840 102852 113852
 1.3 105840 102852 113852
 1.3 105840 102852 113852
 1.3 105840 102852 113852
 1.3 105840 102852 113852
 1.3 105840 102852 113852
 1.3 105840 102852 113852
 1.3 105840 102852 113852
 1.3 105840 102852 113852
 1.3 105840 102852 113852
 1.3 105840 102852 113852
 1.3 105840 102852 113852
 1.3 105840 102852 113852
 1.3 105840 102852 113852
 1.3 105840 102852 113852
 1.3 105840 102852 113852
 1.3 105840 102852 113852
 1.3 105840 102852 113852
 1.3 105840 102852 113852
 1.3 105840 102852 113852
 1.3 105840 102852 113852
 1.3 105840 102852 113852
 1.3 105840 102852 113852
 1.3 105840 102852 113852
 1.3 105840 102852 113852
 1.3 105840 102852 113852
 1.3 105840 102852 113852
 1.3 105840 102852 113852
 1.3 105840 102852 113852
 1.3 105840 102852 113852
 1.3 105840 102852 113852
 1.3 105840 102852 113852
 1.3 105840 102852 113852
 1.3 105840 102852 113852
 1.3 105840 102852 113852
 1.3 105840 102852 113852
 1.3 105840 102852 113852
 1.3 105840 102852 113852
 1.3 105840 102852 113852
 1.3 105840 102852 113852
 1.3 105840 102852 113852
 1.3 105840 102852 113852
 1.3 105840 102852 113852
 1.3 105840 102852 113852
 1.3 105840 102852 113852
 1.3 105840 102852 113852
 1.3 105840 102852 113852
 1.3 105840 102852 113852
 1.3 105840 102852 113852
 1.3 105840 102852 113852
 1.3 105840 102852 113852
 1.3 105840 102852 113852
 1.3 105840 102852 113852
 1.3 105840 102852 113852
 1.3 105840 102852 113852
 1.3 105840 102852 113852
 1.3 105840 102852 113852
 1.3 105840 102852 113852
 1.3 105840 102852 113852
 1.3 105840 102852 113852
 1.3 105840 102852 113852
 1.3 105840 102852 113852
 1.3 105840 102852 113852
 1.3 105840 102852 113852
 1.3 105840 102852 113852
 1.3 105840 102852 113852
 1.3 105840 102852 113852
 1.3 105840 102852 113852
 1.3 105840 102852 113852
 1.3 105840 102852 113852
 1.3 105840 102852 113852
 0.3 29028 26004  37004
 0.0  3412   388  11388
 0.1 12708 19012  30012
 0.7 59272 56260  67260
 1.2 99436 102820 113820
 1.2 99436 102820 113820
 1.2 99436 102820 113820
 1.2 99436 102820 113820
 1.2 99436 102820 113820
 1.2 99436 102820 113820
 1.2 99436 102820 113820
 1.2 99436 102820 113820
 1.2 99436 102820 113820
 1.2 99436 102820 113820
 1.2 99436 102820 113820
 1.2 99436 102820 113820
 1.2 99436 102820 113820
 1.2 99436 102820 113820
 1.2 99436 102820 113820
 1.2 99436 102820 113820
 1.2 99436 102820 113820
 1.2 99436 102820 113820
 1.2 99436 102820 113820
 1.2 99436 102820 113820
 1.2 99436 102820 113820
 1.2 99436 102820 113820
 1.2 99436 102820 113820
 1.2 99436 102820 113820
 1.2 99436 102820 113820
 1.2 99436 102820 113820
 1.2 99436 102820 113820
 1.2 99436 102820 113820
 1.2 99436 102820 113820
 1.2 99436 102820 113820
 1.2 99436 102820 113820
 1.2 99436 102820 113820
 1.2 99436 102820 113820
 1.2 99436 102820 113820
 1.2 99436 102820 113820
 1.2 99436 102820 113820
 1.2 99436 102820 113820
 1.2 99436 102820 113820
 1.2 99436 102820 113820
 1.2 99436 102820 113820
 1.2 99436 102820 113820
 1.2 99436 102820 113820
 1.2 99436 102820 113820
 1.2 99436 102820 113820
 1.2 99436 102820 113820
 1.2 99436 102820 113820
 1.2 99436 102820 113820
 1.2 99436 102820 113820
 1.2 99436 102820 113820
 1.2 99436 102820 113820
 1.2 99436 102820 113820
 1.2 99436 102820 113820
 1.2 99436 102820 113820
 1.2 99436 102820 113820
 1.2 99436 102820 113820
 1.2 99436 102820 113820
 1.2 99436 102820 113820
 1.2 99436 102820 113820
 1.2 99436 102820 113820
 1.2 99436 102820 113820
 1.2 99436 102820 113820
 1.2 99436 102820 113820
 1.2 99436 102820 113820
 1.2 99436 102820 113820
 1.2 99436 102820 113820
 1.2 99436 102820 113820
 1.2 99436 102820 113820
 1.2 99436 102820 113820
 1.2 99436 102820 113820
 1.2 99436 102820 113820
 1.2 99436 102820 113820
 1.2 99436 102820 113820
 1.2 99436 102820 113820
 1.2 99436 102820 113820
 1.2 99436 102820 113820
 1.2 99436 102820 113820
 1.2 99436 102820 113820
 1.2 99436 102820 113820
 1.2 99436 102820 113820
 1.2 99436 102820 113820
 1.2 99436 102820 113820
 1.2 99436 102820 113820
 1.2 99436 102820 113820
 1.2 99436 102820 113820
 1.2 99436 102820 113820
 1.2 99436 102820 113820
 1.2 99436 102820 113820
 1.2 99436 102820 113820
 1.2 99436 102820 113820
 1.2 99436 102820 113820
 1.2 99436 102820 113820
 1.2 99436 102820 113820
 1.2 99436 102820 113820
 1.2 99436 102820 113820
 1.2 99436 102820 113820
 1.2 99436 102820 113820
 1.2 99436 102820 113820
 1.2 99436 102820 113820
 1.2 99436 102820 113820
 1.2 99436 102820 113820
 1.2 99436 102820 113820
 1.2 99436 102820 113820
 1.2 99436 102820 113820
 1.2 99436 102820 113820
 1.2 99436 102820 113820
 1.2 99436 102820 113820
 1.2 99436 102820 113820
 1.2 99436 102820 113820
 1.2 99436 102820 113820
 1.2 99436 102820 113820
 1.2 99436 102820 113820
 1.2 99436 102820 113820
 1.2 99436 102820 113820
 1.2 99436 102820 113820
 1.2 99436 102820 113820
 1.2 99436 102820 113820
 1.2 99436 102820 113820
 1.2 99436 102820 113820
 1.2 99436 102820 113820
 1.2 99436 102820 113820
 1.2 99436 102820 113820
 1.2 99436 102820 113820
 1.2 99436 102820 113820
 1.2 99436 102820 113820
 1.2 99436 102820 113820
 1.2 99436 102820 113820
 1.2 99436 102820 113820
 1.2 99436 102820 113820
 1.2 99436 102820 113820
 1.2 99436 102820 113820
 1.2 99436 102820 113820
 1.2 99436 102820 113820
 1.2 99436 102820 113820
 1.2 99436 102820 113820
 1.2 99436 102820 113820
 1.2 99436 102820 113820
 1.2 99436 102820 113820
 1.2 99436 102820 113820
 1.2 99436 102820 113820
 1.2 99436 102820 113820
 1.2 99436 102820 113820
 1.2 99436 102820 113820
 1.2 99436 102820 113820
 1.2 99436 102820 113820
 1.2 99436 102820 113820
 1.2 99436 102820 113820
 1.2 99436 102820 113820
 1.2 99436 102820 113820
 1.2 99436 102820 113820
 1.2 99436 102820 113820
 1.2 99436 102820 113820
 1.2 99436 102820 113820
 1.2 99436 102820 113820
 1.2 99436 102820 113820
 1.2 99436 102820 113820
 1.2 99436 102820 113820
 1.2 99436 102820 113820
 1.2 99436 102820 113820
 1.2 99436 102820 113820
 1.2 99436 102820 113820
 1.2 99436 102820 113820
 1.2 99436 102820 113820
 1.2 99436 102820 113820
 1.2 99436 102820 113820
 1.2 99436 102820 113820
 1.2 99436 102820 113820
 1.2 99436 102820 113820
 1.2 99436 102820 113820
 1.2 99436 102820 113820
 1.2 99436 102820 113820
 1.2 99436 102820 113820
 1.2 99436 102820 113820
 1.2 99436 102820 113820
 1.2 99436 102820 113820
 1.2 99436 102820 113820
 1.2 99436 102820 113820
 1.2 99436 102820 113820
 1.2 99436 102820 113820
 1.2 99436 102820 113820
 1.2 99436 102820 113820
 1.2 99436 102820 113820
 1.2 99436 102820 113820
 1.2 99436 102820 113820
 1.2 99436 102820 113820
 1.2 99436 102820 113820
 1.2 99436 102820 113820
 1.2 99436 102820 113820
 1.2 99436 102820 113820
 1.2 99436 102820 113820
 1.2 99436 102820 113820
 1.2 99436 102820 113820
 1.2 99436 102820 113820
 1.2 99436 102820 113820
 1.2 99436 102820 113820
 1.2 99436 102820 113820
 1.2 99436 102820 113820
 1.2 99436 102820 113820
 1.2 99436 102820 113820
 1.2 99436 102820 113820
 1.2 99436 102820 113820
 1.2 99436 102820 113820
 1.2 99436 102820 113820
 1.2 99436 102820 113820
 1.2 99436 102820 113820
 1.2 99436 102820 113820
 1.2 99436 102820 113820
 1.2 99436 102820 113820
 1.2 99436 102820 113820
 1.2 99436 102820 113820
 1.2 99436 102820 113820
 1.2 99436 102820 113820
 1.2 99436 102820 113820
 1.2 99436 102820 113820
 1.2 99436 102820 113820
 1.2 99436 102820 113820
 1.2 99436 102820 113820
 1.2 99436 102820 113820
 1.2 99436 102820 113820
 1.2 99436 102820 113820
 1.2 99436 102820 113820
 1.2 99436 102820 113820
 1.2 99436 102820 113820
 1.2 99436 102820 113820
 1.2 99436 102820 113820
 1.2 99436 102820 113820
 1.2 99436 102820 113820
 1.2 99436 102820 113820
 1.2 99436 102820 113820
 1.2 99436 102820 113820
 1.2 99436 102820 113820
 1.2 99436 102820 113820
 1.2 99436 102820 113820
 1.2 99436 102820 113820
 1.2 99436 102820 113820
 1.2 99436 102820 113820
 1.2 99436 102820 113820
 1.2 99436 102820 113820
 1.2 99436 102820 113820
 1.2 99436 102820 113820
 1.2 99436 102820 113820
 1.2 99436 102820 113820
 1.2 99436 102820 113820
 1.2 99436 102820 113820
 1.2 99436 102820 113820
 1.2 99436 102820 113820
 1.2 99436 102820 113820
 1.2 99436 102820 113820
 1.2 99436 102820 113820
 1.2 99436 102820 113820
 1.2 99436 102820 113820
 1.2 99436 102820 113820
 1.2 99436 102820 113820
 1.2 99436 102820 113820
 1.2 99436 102820 113820
 1.2 99436 102820 113820
 1.2 99436 102820 113820
 1.2 99436 102820 113820
 1.2 99436 102820 113820
 1.2 99436 102820 113820
 1.2 99436 102820 113820
 1.2 99436 102820 113820
 1.2 99436 102820 113820
 1.2 99436 102820 113820
 1.2 99436 102820 113820
 1.2 99436 102820 113820
 1.2 99436 102820 113820
 1.2 99436 102820 113820
 1.2 99436 102820 113820
 1.2 99436 102820 113820
 1.2 99436 102820 113820
 1.2 99436 102820 113820
 1.2 99436 102820 113820
 1.2 99436 102820 113820
 1.2 99436 102820 113820
 1.2 99436 102820 113820
 1.2 99436 102820 113820
 1.2 99436 102820 113820
 1.2 99436 102820 113820
 1.2 99436 102820 113820
 1.2 99436 102820 113820
 1.2 99436 102820 113820
 1.2 99436 102820 113820
 1.2 99436 102820 113820
 1.2 99436 102820 113820
 1.2 99436 102820 113820
 1.2 99436 102820 113820
 1.2 99436 102820 113820
 1.2 99436 102820 113820
 1.2 99436 102820 113820
 1.2 99436 102820 113820
 1.2 99436 102820 113820
 1.2 99436 102820 113820
 1.2 99436 102820 113820
 1.2 99436 102820 113820
 1.2 99436 102820 113820
 1.2 99436 102820 113820
 1.2 99436 102820 113820
 1.2 99436 102820 113820
 1.2 99436 102820 113820
 1.2 99436 102820 113820
 1.2 99436 102820 113820
 1.2 99436 102820 113820
 1.2 99436 102820 113820
 1.2 99436 102820 113820
 1.2 99436 102820 113820
 1.2 99436 102820 113820
 1.2 99436 102820 113820
 1.2 99436 102820 113820
 1.2 99436 102820 113820
 1.2 99436 102820 113820
 1.2 99436 102820 113820
 1.2 99436 102820 113820
 1.2 99436 102820 113820
 1.2 99436 102820 113820
 1.2 99436 102820 113820
 1.2 99436 102820 113820
 1.2 99436 102820 113820
 1.2 99436 102820 113820
 1.2 99436 102820 113820
 1.2 99436 102820 113820
 1.2 99436 102820 113820
 1.2 99436 102820 113820
 1.2 99436 102820 113820
 1.2 99436 102820 113820
 1.2 99436 102820 113820
 1.2 99436 102820 113820
 1.2 99436 102820 113820
 1.2 99436 102820 113820
 1.2 99436 102820 113820
 1.2 99436 102820 113820
 1.2 99436 102820 113820
 1.2 99436 102820 113820
 1.2 99436 102820 113820
 1.2 99436 102820 113820
 1.2 99436 102820 113820
 0.4 34424 37636  48636
