coretemp-isa-0000
Adapter: ISA adapter
Package id 0:  +79.0°C  (high = +100.0°C, crit = +100.0°C)
Core 0:        +79.0°C  (high = +100.0°C, crit = +100.0°C)
Core 1:        +74.0°C  (high = +100.0°C, crit = +100.0°C)
Core 2:        +74.0°C  (high = +100.0°C, crit = +100.0°C)
Core 3:        +75.0°C  (high = +100.0°C, crit = +100.0°C)

pch_cannonlake-virtual-0
Adapter: Virtual device
temp1:        +61.0°C  

BAT0-acpi-0
Adapter: ACPI interface
in0:          12.61 V  
curr1:       1000.00 uA 

dell_smm-virtual-0
Adapter: Virtual device
fan1:        3937 RPM

radeon-pci-0100
Adapter: PCI adapter
temp1:            N/A  (crit = +120.0°C, hyst = +90.0°C)

acpitz-acpi-0
Adapter: ACPI interface
temp1:        +25.0°C  (crit = +107.0°C)

%CPU %MEM     ELAPSED
 1.5 122132 1024392 1035392
 2.1 169236 1024392 1035392
 2.7 216340 1024392 1035392
 3.1 249108 1024392 1035392
 3.4 275732 1024392 1035392
 4.0 320788 1024392 1035392
 4.6 367892 1024392 1035392
 5.0 404756 1049100 1125516
 5.1 408852 1049100 1125516
 5.1 412948 1049100 1125516
 5.1 412948 1049100 1125516
 5.2 417044 1049100 1125516
 5.2 421140 1049100 1125516
 5.2 421140 1049100 1125516
 5.2 421140 1049100 1125516
 5.3 425236 1049100 1125516
 5.3 425236 1049100 1125516
 5.3 425236 1049100 1125516
 5.3 429332 1049100 1125516
 5.4 433428 1049100 1125516
 5.4 433428 1049100 1125516
 5.4 433428 1049100 1125516
 5.4 433428 1049100 1125516
 5.4 433428 1049100 1125516
 5.4 433428 1049100 1125516
 5.4 437524 1049100 1125516
 5.4 437524 1049100 1125516
 5.5 441620 1049100 1125516
 5.5 441620 1049100 1125516
 5.5 441620 1049100 1125516
 5.5 441620 1049100 1125516
 5.5 445716 1049100 1125516
 5.6 449812 1049100 1125516
 5.6 451860 1049100 1125516
 5.6 453908 1049100 1125516
 5.6 453908 1049100 1125516
 5.6 453908 1049100 1125516
 5.7 458004 1049100 1125516
 5.7 458004 1049100 1125516
 5.7 458004 1049100 1125516
 5.7 458004 1049100 1125516
 5.7 460052 1049100 1125516
 5.7 462100 1049100 1125516
 5.7 462100 1049100 1125516
 5.7 462100 1049100 1125516
 5.7 462100 1049100 1125516
 5.7 462100 1049100 1125516
 5.8 466196 1049100 1125516
 5.8 468244 1049100 1125516
 5.8 470292 1049100 1125516
 5.8 470292 1049100 1125516
 5.9 474388 1049100 1125516
 5.9 474388 1049100 1125516
 5.9 474388 1049100 1125516
 5.9 474388 1049100 1125516
 5.9 474388 1049100 1125516
 5.9 478484 1049100 1125516
 5.9 478484 1049100 1125516
 5.9 478484 1049100 1125516
 6.0 480532 1049100 1125516
 6.0 482580 1049100 1125516
 6.0 482580 1049100 1125516
 6.0 484628 1049100 1125516
 6.0 486676 1049100 1125516
 6.1 488724 1049100 1125516
 6.1 492820 1049100 1125516
 6.1 492820 1049100 1125516
 6.1 494868 1049100 1125516
 6.1 494868 1049100 1125516
 6.1 494868 1049100 1125516
 6.1 494868 1049100 1125516
 6.2 496916 1049100 1125516
 6.2 496916 1049100 1125516
 6.2 501012 1049100 1125516
 6.2 503060 1049100 1125516
 6.2 503060 1049100 1125516
 6.2 503060 1049100 1125516
 6.2 503060 1049100 1125516
 6.2 503060 1049100 1125516
 6.2 503060 1049100 1125516
 6.2 503060 1049100 1125516
 6.2 503060 1049100 1125516
 6.2 503060 1049100 1125516
 6.2 503060 1049100 1125516
 6.2 503060 1049100 1125516
 6.2 503060 1049100 1125516
 6.3 505108 1049100 1125516
 6.3 507156 1049100 1125516
 6.3 507156 1049100 1125516
 6.3 509204 1049100 1125516
 6.4 513300 1049100 1125516
 6.4 513300 1049100 1125516
 6.4 513300 1049100 1125516
 6.4 517396 1049100 1125516
 6.4 517396 1049100 1125516
 6.4 519444 1049100 1125516
 6.5 521492 1049100 1125516
 6.5 521492 1049100 1125516
 6.5 521492 1049100 1125516
 6.5 521492 1049100 1125516
 6.5 523540 1049100 1125516
 6.5 525588 1049100 1125516
 6.5 525588 1049100 1125516
 6.5 525588 1049100 1125516
 6.5 525588 1049100 1125516
 6.6 529684 1049100 1125516
 6.6 529684 1049100 1125516
 6.6 529684 1049100 1125516
 6.6 529684 1049100 1125516
 6.6 529684 1049100 1125516
 6.6 529684 1049100 1125516
 6.6 529684 1049100 1125516
 6.6 529684 1049100 1125516
 6.6 529684 1049100 1125516
 6.6 529684 1049100 1125516
 6.7 541972 1049100 1125516
 6.9 552212 1049100 1125516
 7.0 560404 1049100 1125516
 7.1 569456 1049100 1125516
 7.1 575528 1049100 1125516
 7.2 581864 1049100 1125516
 7.3 585824 1049100 1125516
 7.3 590576 1049100 1125516
 7.4 596120 1049100 1125516
 7.5 601664 1049100 1125516
 7.5 606416 1049100 1125516
 7.6 609848 1049100 1125516
 7.6 615392 1049100 1125516
 7.8 623840 1049100 1125516
 7.8 631232 1049100 1125516
 7.9 638888 1049100 1125516
 8.1 647864 1049100 1125516
 8.2 656048 1049100 1125516
 8.3 663704 1049100 1125516
 8.4 672344 1049100 1125516
 8.5 683168 1049100 1125516
 8.6 693728 1049100 1125516
 8.8 704288 1049100 1125516
 8.8 709040 1049100 1125516
 8.8 711152 1049100 1125516
 8.9 714584 1049100 1125516
 8.9 717488 1049100 1125516
 9.0 721712 1049100 1125516
 9.0 724616 1049100 1125516
 9.1 729104 1049100 1125516
 9.1 731216 1049100 1125516
 9.1 733856 1049100 1125516
 9.2 739928 1049100 1125516
 9.3 746000 1049100 1125516
 9.4 751808 1049100 1125516
 9.4 758408 1049100 1125516
 9.5 765008 1049100 1125516
 9.6 771608 1049100 1125516
 9.7 777680 1049100 1125516
 9.7 783488 1049100 1125516
 9.8 787648 1049100 1125516
 9.8 789756 1049100 1125516
 9.8 789756 1049100 1125516
 9.8 789756 1049100 1125516
 9.8 789756 1049100 1125516
 9.8 789756 1049100 1125516
 9.8 789756 1049100 1125516
 9.9 792924 1049100 1125516
 9.9 798996 1049100 1125516
10.0 805860 1049100 1125516
10.0 807180 1049232 1191052
10.0 807180 1049232 1191052
10.1 810876 1049232 1191052
10.2 815892 1049232 1191052
10.2 815892 1049232 1191052
10.2 815892 1049232 1191052
10.2 815892 1049232 1191052
10.2 819588 1049232 1191052
10.2 820908 1049232 1191052
10.2 820908 1049232 1191052
10.3 825660 1049232 1191052
10.3 826716 1049232 1191052
10.3 826716 1049232 1191052
10.3 830412 1049232 1191052
10.4 831996 1049232 1191052
10.4 831996 1049232 1191052
10.4 835692 1049232 1191052
10.4 837276 1049232 1191052
10.4 837276 1049232 1191052
10.5 839916 1049232 1191052
10.5 841764 1049232 1191052
10.5 841764 1049232 1191052
10.5 844140 1049232 1191052
10.6 850740 1049232 1191052
10.6 851268 1049232 1191052
10.6 851268 1049232 1191052
10.7 859188 1049232 1191052
10.8 868692 1049232 1191052
10.8 870276 1049232 1191052
10.8 870276 1049232 1191052
10.8 870276 1049232 1191052
10.9 875556 1049232 1191052
11.0 882684 1049232 1191052
11.0 885060 1049232 1191052
11.0 885060 1049232 1191052
11.0 886644 1049232 1191052
11.1 893508 1049232 1191052
11.1 894828 1049232 1191052
11.1 894828 1049232 1191052
11.2 902484 1049232 1191052
11.3 911196 1049232 1191052
11.4 914628 1049232 1191052
11.4 914628 1049232 1191052
11.4 914628 1049232 1191052
11.4 916212 1049232 1191052
11.5 920700 1049232 1191052
11.5 922020 1049232 1191052
11.5 922020 1049232 1191052
11.5 925716 1049232 1191052
11.5 927036 1049232 1191052
11.5 927036 1049232 1191052
11.6 930204 1049232 1191052
11.6 933372 1049232 1191052
11.7 935748 1049232 1191052
11.7 935748 1049232 1191052
11.7 935748 1049232 1191052
11.7 935748 1049232 1191052
11.7 939444 1049232 1191052
11.7 943404 1049232 1191052
11.7 943404 1049232 1191052
11.7 943404 1049232 1191052
11.7 943404 1049232 1191052
11.8 943932 1049232 1191052
11.8 948156 1049232 1191052
11.9 951852 1049232 1191052
11.9 951852 1049232 1191052
11.9 951852 1049232 1191052
11.9 951852 1049232 1191052
11.9 955020 1049232 1191052
11.9 958452 1049232 1191052
11.9 958452 1049232 1191052
11.9 958452 1049232 1191052
12.0 966108 1049232 1191052
12.1 973236 1049232 1191052
12.2 976140 1049232 1191052
12.2 976140 1049232 1191052
12.2 976140 1049232 1191052
12.2 979044 1049232 1191052
12.3 987756 1049232 1191052
12.4 994620 1049232 1191052
12.5 1001748 1049232 1191052
12.5 1002276 1049232 1191052
12.5 1002276 1049232 1191052
12.5 1002276 1049232 1191052
12.6 1008084 1049232 1191052
12.6 1012044 1049232 1191052
12.6 1012044 1049232 1191052
12.6 1013628 1049232 1191052
12.7 1020228 1049232 1191052
12.8 1025508 1049232 1191052
12.8 1027092 1049232 1191052
12.8 1027092 1049232 1191052
12.8 1027092 1049232 1191052
12.8 1027496 1049232 1191052
12.8 1027496 1049232 1191052
12.8 1027496 1049232 1191052
12.8 1027496 1049232 1191052
12.8 1027496 1049232 1191052
12.8 1027496 1049232 1191052
12.8 1027496 1049232 1191052
12.8 1027496 1049232 1191052
12.8 1027496 1049232 1191052
12.8 1027496 1049232 1191052
12.8 1027496 1049232 1191052
12.8 1027496 1049232 1191052
12.8 1027496 1049232 1191052
12.8 1027496 1049232 1191052
12.8 1027496 1049232 1191052
12.8 1027496 1049232 1191052
12.8 1027496 1049232 1191052
12.8 1027496 1049232 1191052
12.8 1027496 1049232 1191052
12.8 1027496 1049232 1191052
12.8 1027496 1049232 1191052
12.8 1027496 1049232 1191052
12.8 1027496 1049232 1191052
12.8 1027496 1049232 1191052
12.8 1027496 1049232 1191052
12.8 1027496 1049232 1191052
12.8 1027496 1049232 1191052
12.8 1027496 1049232 1191052
12.8 1027496 1049232 1191052
12.8 1027496 1049232 1191052
12.8 1027496 1049232 1191052
12.8 1027496 1049232 1191052
12.8 1027496 1049232 1191052
12.8 1027496 1049232 1191052
12.8 1027496 1049232 1191052
12.8 1027496 1049232 1191052
12.8 1027496 1049232 1191052
12.8 1027496 1049232 1191052
12.8 1027496 1049232 1191052
12.8 1027496 1049232 1191052
12.8 1027496 1049232 1191052
12.8 1027496 1049232 1191052
12.8 1027496 1049232 1191052
12.8 1027496 1049232 1191052
12.8 1027496 1049232 1191052
12.8 1027496 1049232 1191052
12.8 1027496 1049232 1191052
12.8 1027496 1049232 1191052
12.8 1027496 1049232 1191052
12.8 1027496 1049232 1191052
12.8 1027496 1049232 1191052
12.8 1027496 1049232 1191052
12.8 1027496 1049232 1191052
12.8 1027496 1049232 1191052
12.8 1027496 1049232 1191052
12.8 1027496 1049232 1191052
12.8 1027496 1049232 1191052
12.8 1027496 1049232 1191052
12.8 1027496 1049232 1191052
12.8 1027496 1049232 1191052
12.8 1027496 1049232 1191052
12.8 1027496 1049232 1191052
12.8 1027496 1049232 1191052
12.8 1027496 1049232 1191052
12.8 1027496 1049232 1191052
12.8 1027496 1049232 1191052
12.8 1027496 1049232 1191052
12.8 1027496 1049232 1191052
12.8 1027496 1049232 1191052
12.8 1027496 1049232 1191052
12.8 1027496 1049232 1191052
12.8 1027496 1049232 1191052
12.8 1027496 1049232 1191052
12.8 1027496 1049232 1191052
12.8 1027496 1049232 1191052
12.8 1027496 1049232 1191052
12.8 1027496 1049232 1191052
12.8 1027496 1049232 1191052
12.8 1027496 1049232 1191052
12.8 1027496 1049232 1191052
12.8 1027496 1049232 1191052
12.8 1027496 1049232 1191052
12.8 1027496 1049232 1191052
12.8 1027496 1049232 1191052
12.8 1027496 1049232 1191052
12.8 1027496 1049232 1191052
12.8 1027496 1049232 1191052
12.8 1027496 1049232 1191052
12.8 1027496 1049232 1191052
12.8 1027496 1049232 1191052
12.8 1027496 1049232 1191052
12.8 1027496 1049232 1191052
12.8 1027496 1049232 1191052
12.8 1027496 1049232 1191052
12.8 1027496 1049232 1191052
12.8 1027496 1049232 1191052
12.8 1027496 1049232 1191052
12.8 1027496 1049232 1191052
12.8 1027496 1049232 1191052
12.8 1027496 1049232 1191052
12.8 1027496 1049232 1191052
12.8 1027496 1049232 1191052
12.8 1027496 1049232 1191052
12.8 1027496 1049232 1191052
12.8 1027496 1049232 1191052
12.8 1027496 1049232 1191052
12.8 1027496 1049232 1191052
12.8 1027496 1049232 1191052
12.8 1027496 1049232 1191052
12.8 1027496 1049232 1191052
12.8 1027496 1049232 1191052
12.8 1027496 1049232 1191052
12.8 1027496 1049232 1191052
12.8 1027496 1049232 1191052
12.8 1027496 1049232 1191052
12.8 1027496 1049232 1191052
12.8 1027496 1049232 1191052
12.8 1027496 1049232 1191052
12.8 1027496 1049232 1191052
12.8 1027496 1049232 1191052
12.8 1027496 1049232 1191052
12.8 1027496 1049232 1191052
12.8 1027496 1049232 1191052
12.8 1027496 1049232 1191052
12.8 1027496 1049232 1191052
12.8 1027496 1049232 1191052
12.8 1027496 1049232 1191052
12.8 1027496 1049232 1191052
12.8 1027496 1049232 1191052
12.8 1027496 1049232 1191052
12.8 1027496 1049232 1191052
12.8 1027496 1049232 1191052
12.8 1027496 1049232 1191052
12.8 1027496 1049232 1191052
12.8 1027496 1049232 1191052
12.8 1027496 1049232 1191052
12.8 1027496 1049232 1191052
12.8 1027496 1049232 1191052
12.8 1027496 1049232 1191052
12.8 1027496 1049232 1191052
12.8 1027496 1049232 1191052
12.8 1027496 1049232 1191052
12.8 1027496 1049232 1191052
12.8 1027496 1049232 1191052
12.8 1027496 1049232 1191052
12.8 1027496 1049232 1191052
12.8 1027496 1049232 1191052
12.8 1027496 1049232 1191052
12.8 1027496 1049232 1191052
12.8 1027496 1049232 1191052
12.8 1027496 1049232 1191052
12.8 1027496 1049232 1191052
12.8 1027496 1049232 1191052
12.8 1027496 1049232 1191052
12.8 1027496 1049232 1191052
12.8 1027496 1049232 1191052
12.8 1027496 1049232 1191052
12.8 1027496 1049232 1191052
12.8 1027496 1049232 1191052
12.8 1027496 1049232 1191052
12.8 1027496 1049232 1191052
12.8 1027496 1049232 1191052
12.8 1027496 1049232 1191052
12.8 1027496 1049232 1191052
12.8 1027496 1049232 1191052
12.8 1027496 1049232 1191052
12.8 1027496 1049232 1191052
12.8 1027496 1049232 1191052
12.8 1027496 1049232 1191052
12.8 1027496 1049232 1191052
12.8 1027496 1049232 1191052
12.8 1027496 1049232 1191052
12.8 1027496 1049232 1191052
12.8 1027496 1049232 1191052
12.8 1027496 1049232 1191052
12.8 1027496 1049232 1191052
12.8 1027496 1049232 1191052
12.8 1027496 1049232 1191052
12.8 1027496 1049232 1191052
12.8 1027496 1049232 1191052
12.8 1027496 1049232 1191052
12.8 1027496 1049232 1191052
12.8 1027496 1049232 1191052
12.8 1027496 1049232 1191052
12.8 1027496 1049232 1191052
12.8 1027496 1049232 1191052
12.8 1027496 1049232 1191052
12.8 1027496 1049232 1191052
12.8 1027496 1049232 1191052
12.8 1027496 1049232 1191052
12.8 1027496 1049232 1191052
12.8 1027496 1049232 1191052
12.8 1027496 1049232 1191052
12.8 1027496 1049232 1191052
12.8 1027496 1049232 1191052
12.8 1027496 1049232 1191052
12.8 1027496 1049232 1191052
12.8 1027496 1049232 1191052
12.8 1027496 1049232 1191052
12.8 1027496 1049232 1191052
12.8 1027496 1049232 1191052
12.8 1027496 1049232 1191052
12.8 1027496 1049232 1191052
12.8 1027496 1049232 1191052
12.8 1027496 1049232 1191052
12.8 1027496 1049232 1191052
12.8 1027500 1049232 1191052
12.8 1027500 1049232 1191052
12.8 1027500 1049232 1191052
12.8 1027500 1049232 1191052
12.8 1027500 1049232 1191052
12.8 1027500 1049232 1191052
12.8 1027500 1049232 1191052
12.8 1027500 1049232 1191052
12.8 1027500 1049232 1191052
12.8 1027500 1049232 1191052
12.8 1027500 1049232 1191052
12.8 1027500 1049232 1191052
12.8 1027500 1049232 1191052
12.8 1027500 1049232 1191052
12.8 1027500 1049232 1191052
12.8 1027500 1049232 1191052
12.8 1027500 1049232 1191052
12.8 1027500 1049232 1191052
12.8 1027500 1049232 1191052
12.8 1027500 1049232 1191052
12.8 1027500 1049232 1191052
12.8 1027500 1049232 1191052
12.8 1027500 1049232 1191052
12.8 1027500 1049232 1191052
12.8 1027500 1049232 1191052
12.8 1027500 1049232 1191052
12.8 1027500 1049232 1191052
12.8 1027500 1049232 1191052
12.8 1027500 1049232 1191052
12.8 1027500 1049232 1191052
12.8 1027500 1049232 1191052
12.8 1027500 1049232 1191052
12.8 1027500 1049232 1191052
12.8 1027500 1049232 1191052
12.8 1027500 1049232 1191052
12.8 1027500 1049232 1191052
12.8 1027500 1049232 1191052
12.8 1027500 1049232 1191052
12.8 1027500 1049232 1191052
12.8 1027500 1049232 1191052
12.8 1027500 1049232 1191052
12.8 1027500 1049232 1191052
12.8 1027500 1049232 1191052
12.8 1027500 1049232 1191052
12.8 1027500 1049232 1191052
12.8 1027500 1049232 1191052
12.8 1027500 1049232 1191052
12.8 1027500 1049232 1191052
12.8 1027500 1049232 1191052
12.8 1027500 1049232 1191052
12.8 1027500 1049232 1191052
12.8 1027500 1049232 1191052
12.8 1027500 1049232 1191052
12.8 1027500 1049232 1191052
12.8 1027500 1049232 1191052
12.8 1027500 1049232 1191052
12.8 1027500 1049232 1191052
12.8 1027500 1049232 1191052
12.8 1027500 1049232 1191052
12.8 1027500 1049232 1191052
12.8 1027500 1049232 1191052
12.8 1027500 1049232 1191052
12.8 1027500 1049232 1191052
12.8 1027500 1049232 1191052
12.8 1027500 1049232 1191052
12.8 1027500 1049232 1191052
12.8 1027500 1049232 1191052
12.8 1027500 1049232 1191052
12.8 1027500 1049232 1191052
12.8 1027500 1049232 1191052
12.8 1027500 1049232 1191052
12.8 1027500 1049232 1191052
12.8 1027500 1049232 1191052
12.8 1027500 1049232 1191052
12.8 1027500 1049232 1191052
12.8 1027500 1049232 1191052
12.8 1027500 1049232 1191052
12.8 1027500 1049232 1191052
12.8 1027500 1049232 1191052
12.8 1027500 1049232 1191052
12.8 1027500 1049232 1191052
12.8 1027500 1049232 1191052
12.8 1027500 1049232 1191052
12.8 1027500 1049232 1191052
12.8 1027500 1049232 1191052
12.8 1027500 1049232 1191052
12.8 1027500 1049232 1191052
12.8 1027500 1049232 1191052
12.8 1027500 1049232 1191052
12.8 1027500 1049232 1191052
12.8 1027500 1049232 1191052
12.8 1027500 1049232 1191052
12.8 1027500 1049232 1191052
12.8 1027500 1049232 1191052
12.8 1027500 1049232 1191052
12.8 1027500 1049232 1191052
12.8 1027500 1049232 1191052
12.8 1027500 1049232 1191052
12.8 1027500 1049232 1191052
12.8 1027500 1049232 1191052
12.8 1027500 1049232 1191052
12.8 1027500 1049232 1191052
12.8 1027500 1049232 1191052
12.8 1027500 1049232 1191052
12.8 1027500 1049232 1191052
12.8 1027500 1049232 1191052
12.8 1027500 1049232 1191052
12.8 1027500 1049232 1191052
12.8 1027500 1049232 1191052
12.8 1027500 1049232 1191052
12.8 1027500 1049232 1191052
12.8 1027500 1049232 1191052
12.8 1027500 1049232 1191052
12.8 1027500 1049232 1191052
12.8 1027500 1049232 1191052
12.8 1027500 1049232 1191052
12.8 1027500 1049232 1191052
12.8 1027500 1049232 1191052
12.8 1027500 1049232 1191052
12.8 1027500 1049232 1191052
12.8 1027500 1049232 1191052
12.8 1027500 1049232 1191052
12.8 1027500 1049232 1191052
12.8 1027500 1049232 1191052
12.8 1027500 1049232 1191052
12.8 1027500 1049232 1191052
12.8 1027500 1049232 1191052
12.8 1027500 1049232 1191052
12.8 1027500 1049232 1191052
12.8 1027500 1049232 1191052
12.8 1027500 1049232 1191052
12.8 1027500 1049232 1191052
12.8 1027500 1049232 1191052
12.8 1027500 1049232 1191052
12.8 1027500 1049232 1191052
12.8 1027500 1049232 1191052
12.8 1027500 1049232 1191052
12.8 1027500 1049232 1191052
12.8 1027500 1049232 1191052
12.8 1027500 1049232 1191052
12.8 1027500 1049232 1191052
12.8 1027500 1049232 1191052
12.8 1027500 1049232 1191052
12.8 1027500 1049232 1191052
12.8 1027500 1049232 1191052
12.8 1027500 1049232 1191052
12.8 1027500 1049232 1191052
12.8 1027500 1049232 1191052
12.8 1027500 1049232 1191052
12.8 1027500 1049232 1191052
12.8 1027500 1049232 1191052
12.8 1027500 1049232 1191052
12.8 1027500 1049232 1191052
12.8 1027500 1049232 1191052
12.8 1027500 1049232 1191052
12.8 1027500 1049232 1191052
12.8 1027500 1049232 1191052
12.8 1027500 1049232 1191052
12.8 1027500 1049232 1191052
12.8 1027500 1049232 1191052
12.8 1027500 1049232 1191052
12.8 1027500 1049232 1191052
12.8 1027500 1049232 1191052
12.8 1027500 1049232 1191052
12.8 1027500 1049232 1191052
12.8 1027500 1049232 1191052
12.8 1027500 1049232 1191052
12.8 1027500 1049232 1191052
12.8 1027500 1049232 1191052
12.8 1027500 1049232 1191052
12.8 1027500 1049232 1191052
12.8 1027500 1049232 1191052
12.8 1027500 1049232 1191052
12.8 1027500 1049232 1191052
12.8 1027500 1049232 1191052
12.8 1027500 1049232 1191052
12.8 1027500 1049232 1191052
12.8 1027500 1049232 1191052
12.8 1027500 1049232 1191052
12.8 1027500 1049232 1191052
12.8 1027500 1049232 1191052
12.8 1027500 1049232 1191052
12.8 1027500 1049232 1191052
12.8 1027500 1049232 1191052
12.8 1027500 1049232 1191052
12.8 1027500 1049232 1191052
12.8 1027500 1049232 1191052
12.8 1027500 1049232 1191052
12.8 1027500 1049232 1191052
12.8 1027500 1049232 1191052
12.8 1027500 1049232 1191052
12.8 1027500 1049232 1191052
12.8 1027500 1049232 1191052
12.8 1027500 1049232 1191052
12.8 1027500 1049232 1191052
12.8 1027500 1049232 1191052
12.8 1027500 1049232 1191052
12.8 1027500 1049232 1191052
12.8 1027500 1049232 1191052
12.8 1027500 1049232 1191052
12.8 1027500 1049232 1191052
12.8 1027500 1049232 1191052
12.8 1027500 1049232 1191052
12.8 1027500 1049232 1191052
12.8 1027500 1049232 1191052
12.8 1027500 1049232 1191052
12.8 1027500 1049232 1191052
12.8 1027500 1049232 1191052
12.8 1027500 1049232 1191052
12.8 1027500 1049232 1191052
12.8 1027500 1049232 1191052
12.8 1027500 1049232 1191052
12.8 1027500 1049232 1191052
12.8 1027500 1049232 1191052
12.8 1027500 1049232 1191052
12.8 1027500 1049232 1191052
12.8 1027500 1049232 1191052
12.8 1027500 1049232 1191052
12.8 1027500 1049232 1191052
12.8 1027500 1049232 1191052
12.8 1027500 1049232 1191052
12.8 1027500 1049232 1191052
12.8 1027500 1049232 1191052
12.8 1027500 1049232 1191052
12.8 1027500 1049232 1191052
12.8 1027500 1049232 1191052
12.8 1027500 1049232 1191052
12.8 1027500 1049232 1191052
12.8 1027500 1049232 1191052
12.8 1027500 1049232 1191052
12.8 1027500 1049232 1191052
12.8 1027500 1049232 1191052
12.8 1027500 1049232 1191052
12.8 1027500 1049232 1191052
12.8 1027500 1049232 1191052
12.8 1027500 1049232 1191052
12.8 1027500 1049232 1191052
12.8 1027500 1049232 1191052
12.8 1027500 1049232 1191052
12.8 1027500 1049232 1191052
12.8 1027500 1049232 1191052
12.8 1027500 1049232 1191052
12.8 1027500 1049232 1191052
12.8 1027500 1049232 1191052
12.8 1027500 1049232 1191052
12.8 1027500 1049232 1191052
12.8 1027500 1049232 1191052
12.8 1027500 1049232 1191052
12.8 1027500 1049232 1191052
12.8 1027500 1049232 1191052
12.8 1027500 1049232 1191052
12.8 1027500 1049232 1191052
12.8 1027500 1049232 1191052
12.8 1027500 1049232 1191052
12.8 1027500 1049232 1191052
12.8 1027500 1049232 1191052
12.8 1027500 1049232 1191052
12.8 1027500 1049232 1191052
12.8 1027500 1049232 1191052
12.8 1027500 1049232 1191052
12.8 1027500 1049232 1191052
12.8 1027500 1049232 1191052
12.8 1027500 1049232 1191052
12.8 1027500 1049232 1191052
12.8 1027500 1049232 1191052
12.8 1027500 1049232 1191052
12.8 1027500 1049232 1191052
12.8 1027500 1049232 1191052
12.8 1027500 1049232 1191052
12.8 1027500 1049232 1191052
12.8 1027500 1049232 1191052
12.8 1027500 1049232 1191052
12.8 1027500 1049232 1191052
12.8 1027500 1049232 1191052
12.8 1027500 1049232 1191052
12.8 1027500 1049232 1191052
12.8 1027500 1049232 1191052
12.8 1027500 1049232 1191052
12.8 1027500 1049232 1191052
12.8 1027500 1049232 1191052
12.8 1027500 1049232 1191052
12.8 1027500 1049232 1191052
12.8 1027500 1049232 1191052
12.8 1027500 1049232 1191052
12.8 1027500 1049232 1191052
12.8 1027500 1049232 1191052
12.8 1027500 1049232 1191052
12.8 1027500 1049232 1191052
12.8 1027500 1049232 1191052
12.8 1027500 1049232 1191052
12.8 1027500 1049232 1191052
12.8 1027500 1049232 1191052
12.8 1027500 1049232 1191052
12.8 1027500 1049232 1191052
12.8 1027500 1049232 1191052
12.8 1027500 1049232 1191052
12.8 1027500 1049232 1191052
12.8 1027500 1049232 1191052
12.8 1027500 1049232 1191052
12.8 1027500 1049232 1191052
12.8 1027500 1049232 1191052
12.8 1027500 1049232 1191052
12.8 1027500 1049232 1191052
12.8 1027500 1049232 1191052
12.8 1027500 1049232 1191052
12.8 1027500 1049232 1191052
12.8 1027500 1049232 1191052
12.8 1027500 1049232 1191052
12.8 1027500 1049232 1191052
12.8 1027500 1049232 1191052
12.8 1027500 1049232 1191052
12.8 1027500 1049232 1191052
12.8 1027500 1049232 1191052
12.8 1027500 1049232 1191052
12.8 1027500 1049232 1191052
12.8 1027500 1049232 1191052
12.8 1027500 1049232 1191052
12.8 1027500 1049232 1191052
12.8 1027500 1049232 1191052
12.8 1027500 1049232 1191052
12.8 1027500 1049232 1191052
12.8 1027500 1049232 1191052
12.8 1027500 1049232 1191052
12.8 1027500 1049232 1191052
12.8 1027500 1049232 1191052
12.8 1027500 1049232 1191052
12.8 1027500 1049232 1191052
12.8 1027500 1049232 1191052
12.8 1027500 1049232 1191052
12.8 1027500 1049232 1191052
12.8 1027500 1049232 1191052
12.8 1027500 1049232 1191052
12.8 1027500 1049232 1191052
12.8 1027500 1049232 1191052
12.8 1027500 1049232 1191052
12.8 1027500 1049232 1191052
12.8 1027500 1049232 1191052
12.8 1027500 1049232 1191052
12.8 1027500 1049232 1191052
12.8 1027500 1049232 1191052
12.8 1027500 1049232 1191052
12.8 1027500 1049232 1191052
12.8 1027500 1049232 1191052
12.8 1027500 1049232 1191052
12.8 1027500 1049232 1191052
12.8 1027500 1049232 1191052
12.8 1027500 1049232 1191052
12.8 1027500 1049232 1191052
12.8 1027500 1049232 1191052
12.8 1027500 1049232 1191052
12.8 1027500 1049232 1191052
12.8 1027500 1049232 1191052
12.8 1027500 1049232 1191052
12.8 1027500 1049232 1191052
12.8 1027500 1049232 1191052
12.8 1027500 1049232 1191052
12.8 1027500 1049232 1191052
12.8 1027500 1049232 1191052
12.8 1027500 1049232 1191052
12.8 1027500 1049232 1191052
12.8 1027500 1049232 1191052
12.8 1027500 1049232 1191052
12.8 1027500 1049232 1191052
12.8 1027500 1049232 1191052
12.8 1027500 1049232 1191052
12.8 1027500 1049232 1191052
12.8 1027500 1049232 1191052
12.8 1027500 1049232 1191052
12.8 1027500 1049232 1191052
12.8 1027500 1049232 1191052
12.8 1027500 1049232 1191052
12.8 1027500 1049232 1191052
12.8 1027500 1049232 1191052
12.8 1027500 1049232 1191052
12.8 1027500 1049232 1191052
12.8 1027500 1049232 1191052
12.8 1027500 1049232 1191052
12.8 1027500 1049232 1191052
12.8 1027500 1049232 1191052
12.8 1027500 1049232 1191052
12.8 1027500 1049232 1191052
12.8 1027500 1049232 1191052
12.8 1027500 1049232 1191052
12.8 1027500 1049232 1191052
12.8 1027500 1049232 1191052
12.8 1027500 1049232 1191052
12.8 1027500 1049232 1191052
12.8 1027500 1049232 1191052
12.8 1027500 1049232 1191052
12.8 1027500 1049232 1191052
12.8 1027500 1049232 1191052
12.8 1027500 1049232 1191052
12.8 1027500 1049232 1191052
12.8 1027500 1049232 1191052
12.8 1027500 1049232 1191052
12.8 1027500 1049232 1191052
12.8 1027500 1049232 1191052
12.8 1027500 1049232 1191052
12.8 1027500 1049232 1191052
12.8 1027500 1049232 1191052
12.8 1027500 1049232 1191052
12.8 1027500 1049232 1191052
12.8 1027500 1049232 1191052
12.8 1027500 1049232 1191052
12.8 1027500 1049232 1191052
12.8 1027500 1049232 1191052
12.8 1027500 1049232 1191052
12.8 1027500 1049232 1191052
12.8 1027500 1049232 1191052
12.8 1027500 1049232 1191052
12.8 1027500 1049232 1191052
12.8 1027500 1049232 1191052
12.8 1027500 1049232 1191052
12.8 1027500 1049232 1191052
12.8 1027500 1049232 1191052
12.8 1027500 1049232 1191052
12.8 1027500 1049232 1191052
12.8 1027500 1049232 1191052
12.8 1027500 1049232 1191052
12.8 1027500 1049232 1191052
12.8 1027500 1049232 1191052
12.8 1027500 1049232 1191052
12.8 1027500 1049232 1191052
12.8 1027500 1049232 1191052
12.8 1027500 1049232 1191052
12.8 1027500 1049232 1191052
12.8 1027500 1049232 1191052
12.8 1027500 1049232 1191052
12.8 1027500 1049232 1191052
12.8 1027500 1049232 1191052
12.8 1027500 1049232 1191052
12.8 1027500 1049232 1191052
12.8 1027500 1049232 1191052
12.8 1027500 1049232 1191052
12.8 1027500 1049232 1191052
12.8 1027500 1049232 1191052
12.8 1027500 1049232 1191052
12.8 1027500 1049232 1191052
12.8 1027500 1049232 1191052
12.8 1027500 1049232 1191052
12.8 1027500 1049232 1191052
12.8 1027500 1049232 1191052
12.8 1027500 1049232 1191052
12.8 1027500 1049232 1191052
12.8 1027500 1049232 1191052
12.8 1027500 1049232 1191052
12.8 1027500 1049232 1191052
12.8 1027500 1049232 1191052
12.8 1027500 1049232 1191052
12.8 1027500 1049232 1191052
12.8 1027500 1049232 1191052
12.8 1027500 1049232 1191052
12.8 1027500 1049232 1191052
12.8 1027500 1049232 1191052
12.8 1027500 1049232 1191052
12.8 1027500 1049232 1191052
12.8 1027500 1049232 1191052
12.8 1027500 1049232 1191052
12.8 1027500 1049232 1191052
12.8 1027500 1049232 1191052
12.8 1027500 1049232 1191052
12.8 1027500 1049232 1191052
12.8 1027500 1049232 1191052
12.8 1027500 1049232 1191052
12.8 1027500 1049232 1191052
12.8 1027500 1049232 1191052
12.8 1027500 1049232 1191052
12.8 1027500 1049232 1191052
12.8 1027500 1049232 1191052
12.8 1027500 1049232 1191052
12.8 1027500 1049232 1191052
12.8 1027500 1049232 1191052
12.8 1027500 1049232 1191052
12.8 1027500 1049232 1191052
12.8 1027500 1049232 1191052
12.8 1027500 1049232 1191052
12.8 1027500 1049232 1191052
12.8 1027500 1049232 1191052
12.8 1027500 1049232 1191052
12.8 1027500 1049232 1191052
12.8 1027500 1049232 1191052
12.8 1027500 1049232 1191052
12.8 1027500 1049232 1191052
12.8 1027500 1049232 1191052
12.8 1027500 1049232 1191052
12.8 1027500 1049232 1191052
12.8 1027500 1049232 1191052
12.8 1027500 1049232 1191052
12.8 1027500 1049232 1191052
12.8 1027500 1049232 1191052
12.8 1027500 1049232 1191052
12.8 1027500 1049232 1191052
12.8 1027500 1049232 1191052
12.8 1027500 1049232 1191052
12.8 1027500 1049232 1191052
12.8 1027500 1049232 1191052
12.8 1027500 1049232 1191052
12.8 1027500 1049232 1191052
12.8 1027500 1049232 1191052
12.8 1027500 1049232 1191052
12.8 1027500 1049232 1191052
12.8 1027500 1049232 1191052
12.8 1027500 1049232 1191052
12.8 1027500 1049232 1191052
12.8 1027500 1049232 1191052
12.8 1027500 1049232 1191052
12.8 1027500 1049232 1191052
12.8 1027500 1049232 1191052
12.8 1027500 1049232 1191052
12.8 1027500 1049232 1191052
12.8 1027500 1049232 1191052
12.8 1027500 1049232 1191052
12.8 1027500 1049232 1191052
12.8 1027500 1049232 1191052
12.8 1027500 1049232 1191052
12.8 1027500 1049232 1191052
12.8 1027500 1049232 1191052
12.8 1027500 1049232 1191052
12.8 1027500 1049232 1191052
12.8 1027500 1049232 1191052
12.8 1027500 1049232 1191052
12.8 1027500 1049232 1191052
12.8 1027500 1049232 1191052
12.8 1027500 1049232 1191052
12.8 1027500 1049232 1191052
12.8 1027500 1049232 1191052
12.8 1027500 1049232 1191052
12.8 1027500 1049232 1191052
12.8 1027500 1049232 1191052
12.8 1027500 1049232 1191052
12.8 1027500 1049232 1191052
12.8 1027500 1049232 1191052
12.8 1027500 1049232 1191052
12.8 1027500 1049232 1191052
12.8 1027500 1049232 1191052
12.8 1027500 1049232 1191052
12.8 1027500 1049232 1191052
12.8 1027500 1049232 1191052
12.8 1027500 1049232 1191052
12.8 1027500 1049232 1191052
12.8 1027500 1049232 1191052
12.8 1027500 1049232 1191052
12.8 1027500 1049232 1191052
12.8 1027500 1049232 1191052
12.8 1027500 1049232 1191052
12.8 1027500 1049232 1191052
12.8 1027500 1049232 1191052
12.8 1027500 1049232 1191052
12.8 1027500 1049232 1191052
12.8 1027500 1049232 1191052
12.8 1027500 1049232 1191052
12.8 1027500 1049232 1191052
12.8 1027500 1049232 1191052
12.8 1027500 1049232 1191052
12.8 1027500 1049232 1191052
12.8 1027500 1049232 1191052
12.8 1027500 1049232 1191052
12.8 1027500 1049232 1191052
12.8 1027500 1049232 1191052
12.8 1027500 1049232 1191052
12.8 1027500 1049232 1191052
12.8 1027500 1049232 1191052
12.8 1027500 1049232 1191052
12.8 1027500 1049232 1191052
12.8 1027500 1049232 1191052
12.8 1027500 1049232 1191052
12.8 1027500 1049232 1191052
12.8 1027500 1049232 1191052
12.8 1027500 1049232 1191052
12.8 1027500 1049232 1191052
12.8 1027500 1049232 1191052
12.8 1027500 1049232 1191052
12.8 1027500 1049232 1191052
12.8 1027500 1049232 1191052
12.8 1027500 1049232 1191052
12.8 1027500 1049232 1191052
12.8 1027500 1049232 1191052
12.8 1027500 1049232 1191052
12.8 1027500 1049232 1191052
12.8 1027500 1049232 1191052
12.8 1027500 1049232 1191052
12.8 1027500 1049232 1191052
12.8 1027500 1049232 1191052
12.8 1027500 1049232 1191052
12.8 1027500 1049232 1191052
12.8 1027500 1049232 1191052
12.8 1027500 1049232 1191052
12.8 1027500 1049232 1191052
12.8 1027500 1049232 1191052
12.8 1027500 1049232 1191052
12.8 1027500 1049232 1191052
12.8 1027500 1049232 1191052
12.8 1027500 1049232 1191052
12.8 1027500 1049232 1191052
12.8 1027500 1049232 1191052
12.8 1027500 1049232 1191052
12.8 1027500 1049232 1191052
12.8 1027500 1049232 1191052
12.8 1027500 1049232 1191052
12.8 1027500 1049232 1191052
12.8 1027500 1049232 1191052
12.8 1027500 1049232 1191052
12.8 1027500 1049232 1191052
12.8 1027500 1049232 1191052
12.8 1027500 1049232 1191052
12.8 1027500 1049232 1191052
12.8 1027500 1049232 1191052
12.8 1027500 1049232 1191052
12.8 1027500 1049232 1191052
12.8 1027500 1049232 1191052
12.8 1027500 1049232 1191052
12.8 1027500 1049232 1191052
12.8 1027500 1049232 1191052
12.8 1027500 1049232 1191052
12.8 1027500 1049232 1191052
12.8 1027500 1049232 1191052
12.8 1027500 1049232 1191052
12.8 1027500 1049232 1191052
12.8 1027500 1049232 1191052
12.8 1027500 1049232 1191052
12.8 1027500 1049232 1191052
12.8 1027500 1049232 1191052
12.8 1027500 1049232 1191052
12.8 1027500 1049232 1191052
12.8 1027500 1049232 1191052
12.8 1027500 1049232 1191052
12.8 1027500 1049232 1191052
12.8 1027500 1049232 1191052
12.8 1027500 1049232 1191052
12.8 1027500 1049232 1191052
12.8 1027500 1049232 1191052
12.8 1027500 1049232 1191052
12.8 1027500 1049232 1191052
12.8 1027500 1049232 1191052
12.8 1027500 1049232 1191052
12.8 1027500 1049232 1191052
12.8 1027500 1049232 1191052
12.8 1027500 1049232 1191052
12.8 1027500 1049232 1191052
12.8 1027500 1049232 1191052
12.8 1027500 1049232 1191052
12.8 1027500 1049232 1191052
12.8 1027500 1049232 1191052
12.8 1027500 1049232 1191052
12.8 1027500 1049232 1191052
12.8 1027500 1049232 1191052
12.8 1027500 1049232 1191052
12.8 1027500 1049232 1191052
12.8 1027500 1049232 1191052
12.8 1027500 1049232 1191052
12.8 1027500 1049232 1191052
12.8 1027500 1049232 1191052
12.8 1027500 1049232 1191052
12.8 1027500 1049232 1191052
12.8 1027500 1049232 1191052
12.8 1027500 1049232 1191052
12.8 1027500 1049232 1191052
12.8 1027500 1049232 1191052
12.8 1027500 1049232 1191052
12.8 1027500 1049232 1191052
12.8 1027500 1049232 1191052
12.8 1027500 1049232 1191052
12.8 1027500 1049232 1191052
12.8 1027500 1049232 1191052
12.8 1027500 1049232 1191052
12.8 1027500 1049232 1191052
12.8 1027500 1049232 1191052
12.8 1027500 1049232 1191052
12.8 1027500 1049232 1191052
12.8 1027500 1049232 1191052
12.8 1027500 1049232 1191052
12.8 1027500 1049232 1191052
12.8 1027500 1049232 1191052
12.8 1027500 1049232 1191052
12.8 1027500 1049232 1191052
12.8 1027500 1049232 1191052
12.8 1027500 1049232 1191052
12.8 1027500 1049232 1191052
12.8 1027500 1049232 1191052
12.8 1027500 1049232 1191052
12.8 1027500 1049232 1191052
12.8 1027500 1049232 1191052
12.8 1027500 1049232 1191052
12.8 1027500 1049232 1191052
 8.3 668184 1049232 1191052
 0.0  3616 25228 167048
 0.0  3616 25228 167048
 0.5 44584 230032 371852
 1.1 95784 230032 371852
 1.7 142888 230032 371852
 2.3 189992 230032 371852
 2.9 237068 434836 576656
 3.5 286220 434836 576656
 4.2 337456 434836 576656
 4.9 392752 434836 576656
 5.5 441800 639640 781460
 6.1 495048 639640 781460
 6.8 548408 639640 781460
 7.4 599608 639640 781460
 8.1 649488 844444 986264
 8.5 685656 844444 986264
 9.0 721032 844444 986264
 9.4 755880 844444 986264
 9.9 796272 844444 986264
10.4 837192 1049248 1191068
10.9 878376 1049248 1191068
11.5 922200 1049248 1191068
12.0 963384 1049248 1191068
12.5 1005360 1049248 1191068
12.8 1027536 1049248 1191068
12.8 1027536 1049248 1191068
12.8 1027536 1049248 1191068
12.8 1027536 1049248 1191068
12.8 1027536 1049248 1191068
12.8 1027536 1049248 1191068
12.8 1027536 1049248 1191068
12.8 1027536 1049248 1191068
12.8 1027536 1049248 1191068
12.8 1027536 1049248 1191068
12.8 1027536 1049248 1191068
12.8 1027536 1049248 1191068
12.8 1027536 1049248 1191068
12.8 1027536 1049248 1191068
12.8 1027536 1049248 1191068
12.8 1027536 1049248 1191068
12.8 1027536 1049248 1191068
12.8 1027536 1049248 1191068
12.8 1027536 1049248 1191068
12.8 1027536 1049248 1191068
12.8 1027536 1049248 1191068
12.8 1027536 1049248 1191068
12.8 1027536 1049248 1191068
12.8 1027536 1049248 1191068
12.8 1027536 1049248 1191068
12.8 1027536 1049248 1191068
12.8 1027536 1049248 1191068
12.8 1027536 1049248 1191068
12.8 1027536 1049248 1191068
12.8 1027536 1049248 1191068
12.8 1027536 1049248 1191068
12.8 1027536 1049248 1191068
12.8 1027536 1049248 1191068
12.8 1027536 1049248 1191068
12.8 1027536 1049248 1191068
12.8 1027536 1049248 1191068
12.8 1027536 1049248 1191068
12.8 1027536 1049248 1191068
12.8 1027536 1049248 1191068
12.8 1027536 1049248 1191068
12.8 1027536 1049248 1191068
12.8 1027536 1049248 1191068
12.8 1027536 1049248 1191068
12.8 1027536 1049248 1191068
12.8 1027536 1049248 1191068
12.8 1027536 1049248 1191068
12.8 1027536 1049248 1191068
12.8 1027536 1049248 1191068
12.8 1027536 1049248 1191068
12.8 1027536 1049248 1191068
12.8 1027536 1049248 1191068
12.8 1027536 1049248 1191068
12.8 1027536 1049248 1191068
12.8 1027536 1049248 1191068
12.8 1027536 1049248 1191068
12.8 1027536 1049248 1191068
12.8 1027536 1049248 1191068
12.8 1027536 1049248 1191068
12.8 1027536 1049248 1191068
12.8 1027536 1049248 1191068
12.8 1027536 1049248 1191068
12.8 1027536 1049248 1191068
12.8 1027536 1049248 1191068
12.8 1027536 1049248 1191068
12.8 1027536 1049248 1191068
12.8 1027536 1049248 1191068
12.8 1027536 1049248 1191068
12.8 1027536 1049248 1191068
12.8 1027536 1049248 1191068
12.8 1027536 1049248 1191068
12.8 1027536 1049248 1191068
12.8 1027536 1049248 1191068
12.8 1027536 1049248 1191068
12.8 1027536 1049248 1191068
12.8 1027536 1049248 1191068
12.8 1027536 1049248 1191068
12.8 1027536 1049248 1191068
12.8 1027536 1049248 1191068
12.8 1027536 1049248 1191068
12.8 1027536 1049248 1191068
12.8 1027536 1049248 1191068
12.8 1027536 1049248 1191068
12.8 1027536 1049248 1191068
12.8 1027536 1049248 1191068
12.8 1027536 1049248 1191068
12.8 1027536 1049248 1191068
12.8 1027536 1049248 1191068
12.8 1027536 1049248 1191068
12.8 1027536 1049248 1191068
12.8 1027536 1049248 1191068
12.8 1027536 1049248 1191068
12.8 1027536 1049248 1191068
12.8 1027536 1049248 1191068
12.8 1027536 1049248 1191068
12.8 1027536 1049248 1191068
12.8 1027536 1049248 1191068
12.8 1027536 1049248 1191068
12.8 1027536 1049248 1191068
12.8 1027536 1049248 1191068
12.8 1027536 1049248 1191068
12.8 1027536 1049248 1191068
12.8 1027536 1049248 1191068
12.8 1027536 1049248 1191068
12.8 1027536 1049248 1191068
12.8 1027536 1049248 1191068
12.8 1027536 1049248 1191068
12.8 1027536 1049248 1191068
12.8 1027536 1049248 1191068
12.8 1027536 1049248 1191068
12.8 1027536 1049248 1191068
12.8 1027536 1049248 1191068
12.8 1027536 1049248 1191068
12.8 1027536 1049248 1191068
12.8 1027536 1049248 1191068
12.8 1027536 1049248 1191068
12.8 1027536 1049248 1191068
12.8 1027536 1049248 1191068
12.8 1027536 1049248 1191068
12.8 1027536 1049248 1191068
12.8 1027536 1049248 1191068
12.8 1027536 1049248 1191068
12.8 1027536 1049248 1191068
12.8 1027536 1049248 1191068
12.8 1027536 1049248 1191068
12.8 1027536 1049248 1191068
12.8 1027536 1049248 1191068
12.8 1027536 1049248 1191068
12.8 1027536 1049248 1191068
12.8 1027536 1049248 1191068
12.8 1027536 1049248 1191068
12.8 1027536 1049248 1191068
12.8 1027536 1049248 1191068
12.8 1027536 1049248 1191068
12.8 1027536 1049248 1191068
12.8 1027536 1049248 1191068
12.8 1027536 1049248 1191068
12.8 1027536 1049248 1191068
12.8 1027536 1049248 1191068
12.8 1027536 1049248 1191068
12.8 1027536 1049248 1191068
12.8 1027536 1049248 1191068
12.8 1027536 1049248 1191068
12.8 1027536 1049248 1191068
12.8 1027536 1049248 1191068
12.8 1027536 1049248 1191068
12.8 1027536 1049248 1191068
12.8 1027536 1049248 1191068
12.8 1027536 1049248 1191068
12.8 1027536 1049248 1191068
12.8 1027536 1049248 1191068
12.8 1027536 1049248 1191068
12.8 1027536 1049248 1191068
12.8 1027536 1049248 1191068
12.8 1027536 1049248 1191068
12.8 1027536 1049248 1191068
12.8 1027536 1049248 1191068
12.8 1027536 1049248 1191068
12.8 1027536 1049248 1191068
12.8 1027536 1049248 1191068
12.8 1027536 1049248 1191068
12.8 1027536 1049248 1191068
12.8 1027536 1049248 1191068
12.8 1027536 1049248 1191068
12.8 1027536 1049248 1191068
12.8 1027536 1049248 1191068
12.8 1027536 1049248 1191068
12.8 1027536 1049248 1191068
12.8 1027536 1049248 1191068
12.8 1027536 1049248 1191068
12.8 1027536 1049248 1191068
12.8 1027536 1049248 1191068
12.8 1027536 1049248 1191068
12.8 1027536 1049248 1191068
12.8 1027536 1049248 1191068
12.8 1027536 1049248 1191068
12.8 1027536 1049248 1191068
12.8 1027536 1049248 1191068
12.8 1027536 1049248 1191068
12.8 1027536 1049248 1191068
12.8 1027536 1049248 1191068
12.8 1027536 1049248 1191068
12.8 1027536 1049248 1191068
12.8 1027536 1049248 1191068
12.8 1027536 1049248 1191068
12.8 1027536 1049248 1191068
12.8 1027536 1049248 1191068
12.8 1027536 1049248 1191068
12.8 1027536 1049248 1191068
12.8 1027536 1049248 1191068
12.8 1027536 1049248 1191068
12.8 1027536 1049248 1191068
12.8 1027536 1049248 1191068
12.8 1027536 1049248 1191068
12.8 1027536 1049248 1191068
12.8 1027536 1049248 1191068
12.8 1027536 1049248 1191068
12.8 1027536 1049248 1191068
12.8 1027536 1049248 1191068
12.8 1027536 1049248 1191068
12.8 1027536 1049248 1191068
12.8 1027536 1049248 1191068
12.8 1027536 1049248 1191068
12.8 1027536 1049248 1191068
12.8 1027536 1049248 1191068
12.8 1027536 1049248 1191068
12.8 1027536 1049248 1191068
12.8 1027536 1049248 1191068
12.8 1027536 1049248 1191068
12.8 1027536 1049248 1191068
12.8 1027536 1049248 1191068
12.8 1027536 1049248 1191068
12.8 1027536 1049248 1191068
12.8 1027536 1049248 1191068
12.8 1027536 1049248 1191068
12.8 1027536 1049248 1191068
12.8 1027536 1049248 1191068
12.8 1027536 1049248 1191068
12.8 1027536 1049248 1191068
12.8 1027536 1049248 1191068
12.8 1027536 1049248 1191068
12.8 1027536 1049248 1191068
12.8 1027536 1049248 1191068
12.8 1027536 1049248 1191068
12.8 1027536 1049248 1191068
12.8 1027536 1049248 1191068
12.8 1027536 1049248 1191068
12.8 1027536 1049248 1191068
12.8 1027536 1049248 1191068
12.8 1027536 1049248 1191068
12.8 1027536 1049248 1191068
12.8 1027536 1049248 1191068
12.8 1027536 1049248 1191068
12.8 1027536 1049248 1191068
12.8 1027536 1049248 1191068
12.8 1027536 1049248 1191068
12.8 1027536 1049248 1191068
12.8 1027536 1049248 1191068
12.8 1027536 1049248 1191068
12.8 1027536 1049248 1191068
12.8 1027536 1049248 1191068
12.8 1027536 1049248 1191068
12.8 1027536 1049248 1191068
12.8 1027536 1049248 1191068
12.8 1027536 1049248 1191068
12.8 1027536 1049248 1191068
12.8 1027536 1049248 1191068
12.8 1027536 1049248 1191068
12.8 1027536 1049248 1191068
12.8 1027536 1049248 1191068
12.8 1027536 1049248 1191068
12.8 1027536 1049248 1191068
12.8 1027536 1049248 1191068
12.8 1027536 1049248 1191068
12.8 1027536 1049248 1191068
12.8 1027536 1049248 1191068
12.8 1027536 1049248 1191068
12.8 1027536 1049248 1191068
12.8 1027536 1049248 1191068
12.8 1027536 1049248 1191068
12.8 1027536 1049248 1191068
12.8 1027536 1049248 1191068
12.8 1027536 1049248 1191068
12.8 1027536 1049248 1191068
12.8 1027536 1049248 1191068
12.8 1027536 1049248 1191068
12.8 1027536 1049248 1191068
12.8 1027536 1049248 1191068
12.8 1027536 1049248 1191068
12.8 1027536 1049248 1191068
12.8 1027536 1049248 1191068
12.8 1027536 1049248 1191068
12.8 1027536 1049248 1191068
12.8 1027536 1049248 1191068
12.8 1027536 1049248 1191068
12.8 1027536 1049248 1191068
12.8 1027536 1049248 1191068
12.8 1027536 1049248 1191068
12.8 1027536 1049248 1191068
12.8 1027536 1049248 1191068
12.8 1027536 1049248 1191068
12.8 1027536 1049248 1191068
12.8 1027536 1049248 1191068
12.8 1027536 1049248 1191068
12.8 1027536 1049248 1191068
12.8 1027536 1049248 1191068
12.8 1027536 1049248 1191068
12.8 1027536 1049248 1191068
12.8 1027536 1049248 1191068
12.8 1027536 1049248 1191068
12.8 1027536 1049248 1191068
12.8 1027536 1049248 1191068
12.8 1027536 1049248 1191068
12.8 1027536 1049248 1191068
12.8 1027536 1049248 1191068
12.8 1027536 1049248 1191068
12.8 1027536 1049248 1191068
12.8 1027536 1049248 1191068
12.8 1027536 1049248 1191068
12.8 1027536 1049248 1191068
12.8 1027536 1049248 1191068
12.8 1027536 1049248 1191068
12.8 1027536 1049248 1191068
12.8 1027536 1049248 1191068
12.8 1027536 1049248 1191068
12.8 1027536 1049248 1191068
12.8 1027536 1049248 1191068
12.8 1027536 1049248 1191068
12.8 1027536 1049248 1191068
12.8 1027536 1049248 1191068
12.8 1027536 1049248 1191068
12.8 1027536 1049248 1191068
12.8 1027536 1049248 1191068
12.8 1027536 1049248 1191068
12.8 1027536 1049248 1191068
12.8 1027536 1049248 1191068
12.8 1027536 1049248 1191068
12.8 1027536 1049248 1191068
12.8 1027536 1049248 1191068
12.8 1027536 1049248 1191068
12.8 1027536 1049248 1191068
12.8 1027536 1049248 1191068
12.8 1027536 1049248 1191068
12.8 1027536 1049248 1191068
12.8 1027536 1049248 1191068
12.8 1027536 1049248 1191068
12.8 1027536 1049248 1191068
12.8 1027536 1049248 1191068
12.8 1027536 1049248 1191068
12.8 1027536 1049248 1191068
12.8 1027536 1049248 1191068
 7.7 618052 639640 781460
 3.2 263064 434836 576656
 0.6 53276 230032 371852
