coretemp-isa-0000
Adapter: ISA adapter
Package id 0:  +60.0°C  (high = +100.0°C, crit = +100.0°C)
Core 0:        +60.0°C  (high = +100.0°C, crit = +100.0°C)
Core 1:        +59.0°C  (high = +100.0°C, crit = +100.0°C)
Core 2:        +59.0°C  (high = +100.0°C, crit = +100.0°C)
Core 3:        +59.0°C  (high = +100.0°C, crit = +100.0°C)

pch_cannonlake-virtual-0
Adapter: Virtual device
temp1:        +56.0°C  

BAT0-acpi-0
Adapter: ACPI interface
in0:          12.61 V  
curr1:       1000.00 uA 

dell_smm-virtual-0
Adapter: Virtual device
fan1:        3177 RPM

radeon-pci-0100
Adapter: PCI adapter
temp1:            N/A  (crit = +120.0°C, hyst = +90.0°C)

acpitz-acpi-0
Adapter: ACPI interface
temp1:        +25.0°C  (crit = +107.0°C)

%CPU %MEM     ELAPSED
 0.8 69224 102792 113792
 0.9 79576 102792 113792
 0.9 79576 102792 113792
 0.9 79576 102792 113792
 1.0 80368 102792 113792
 1.0 81424 102792 113792
 1.0 82216 102792 113792
 1.0 83536 102792 113792
 1.0 83536 102792 113792
 1.0 83536 102792 113792
 1.0 83536 102792 113792
 1.0 83536 102792 113792
 1.0 83536 102792 113792
 1.0 84328 102792 113792
 1.0 85120 102792 113792
 1.0 85912 102792 113792
 1.0 87232 102792 113792
 1.0 87760 102792 113792
 1.1 88552 102792 113792
 1.1 88816 102792 113792
 1.1 90664 102792 113792
 1.1 90664 102792 113792
 1.1 90664 102792 113792
 1.1 90664 102792 113792
 1.1 90664 102792 113792
 1.1 90664 102792 113792
 1.1 90664 102792 113792
 1.1 90664 102792 113792
 1.1 90664 102792 113792
 1.1 90664 102792 113792
 1.1 90664 102792 113792
 1.1 90664 102792 113792
 1.1 90664 102792 113792
 1.1 91192 102792 113792
 1.1 91984 102792 113792
 1.1 92512 102792 113792
 1.1 92776 102792 113792
 1.1 93832 102792 113792
 1.1 94360 102792 113792
 1.1 94360 102792 113792
 1.1 94624 102792 113792
 1.1 95680 102792 113792
 1.2 96736 102792 113792
 1.2 97264 102792 113792
 1.2 98056 102792 113792
 1.2 98056 102792 113792
 1.2 98056 102792 113792
 1.2 98056 102792 113792
 1.2 98056 102792 113792
 1.2 98584 102792 113792
 1.2 99640 102792 113792
 1.2 100432 102792 113792
 1.2 101224 102792 113792
 1.2 102280 102792 113792
 1.2 103072 102792 113792
 1.2 103864 102792 113792
 1.3 104392 102792 113792
 1.3 105712 102792 113792
 1.3 105712 102792 113792
 1.3 105712 102792 113792
 1.3 105712 102792 113792
 1.3 105712 102792 113792
 1.3 105712 102792 113792
 1.3 105712 102792 113792
 1.3 105712 102792 113792
 1.3 105712 102792 113792
 1.3 105712 102792 113792
 1.3 105712 102792 113792
 1.3 105712 102792 113792
 1.3 105712 102792 113792
 1.3 105712 102792 113792
 1.3 105712 102792 113792
 1.3 105712 102792 113792
 1.3 105712 102792 113792
 1.3 105712 102792 113792
 1.3 105712 102792 113792
 1.3 105712 102792 113792
 1.3 105712 102792 113792
 1.3 105712 102792 113792
 1.3 105712 102792 113792
 1.3 105712 102792 113792
 1.3 105712 102792 113792
 1.3 105712 102792 113792
 1.3 105712 102792 113792
 1.3 105712 102792 113792
 1.3 105712 102792 113792
 1.3 105712 102792 113792
 1.3 105712 102792 113792
 1.3 105712 102792 113792
 1.3 105712 102792 113792
 1.3 105712 102792 113792
 1.3 105712 102792 113792
 1.3 105712 102792 113792
 1.3 105712 102792 113792
 1.3 105712 102792 113792
 1.3 105712 102792 113792
 1.3 105712 102792 113792
 1.3 105712 102792 113792
 1.3 105712 102792 113792
 1.3 105712 102792 113792
 1.3 105712 102792 113792
 1.3 105712 102792 113792
 1.3 105712 102792 113792
 1.3 105712 102792 113792
 1.3 105712 102792 113792
 1.3 105712 102792 113792
 1.3 105712 102792 113792
 1.3 105712 102792 113792
 1.3 105712 102792 113792
 1.3 105712 102792 113792
 1.3 105712 102792 113792
 1.3 105712 102792 113792
 1.3 105712 102792 113792
 1.3 105712 102792 113792
 1.3 105712 102792 113792
 1.3 105712 102792 113792
 1.3 105712 102792 113792
 1.3 105712 102792 113792
 1.3 105712 102792 113792
 1.3 105712 102792 113792
 1.3 105712 102792 113792
 1.3 105712 102792 113792
 1.3 105712 102792 113792
 1.3 105712 102792 113792
 1.3 105712 102792 113792
 1.3 105712 102792 113792
 1.3 105712 102792 113792
 1.3 105712 102792 113792
 1.3 105712 102792 113792
 1.3 105712 102792 113792
 1.3 105712 102792 113792
 1.3 105712 102792 113792
 1.3 105712 102792 113792
 1.3 105712 102792 113792
 1.3 105712 102792 113792
 1.3 105712 102792 113792
 1.3 105712 102792 113792
 1.3 105712 102792 113792
 1.3 105712 102792 113792
 1.3 105712 102792 113792
 1.3 105712 102792 113792
 1.3 105712 102792 113792
 1.3 105712 102792 113792
 1.3 105712 102792 113792
 1.3 105712 102792 113792
 1.3 105712 102792 113792
 1.3 105712 102792 113792
 1.3 105712 102792 113792
 1.3 105712 102792 113792
 1.3 105712 102792 113792
 1.3 105712 102792 113792
 1.3 105712 102792 113792
 1.3 105712 102792 113792
 1.3 105712 102792 113792
 1.3 105712 102792 113792
 1.3 105712 102792 113792
 1.3 105712 102792 113792
 1.3 105712 102792 113792
 1.3 105712 102792 113792
 1.3 105712 102792 113792
 1.3 105712 102792 113792
 1.3 105712 102792 113792
 1.3 105712 102792 113792
 1.3 105712 102792 113792
 1.3 105712 102792 113792
 1.3 105712 102792 113792
 1.3 105712 102792 113792
 1.3 105712 102792 113792
 1.3 105712 102792 113792
 1.3 105712 102792 113792
 1.3 105712 102792 113792
 1.3 105712 102792 113792
 1.3 105712 102792 113792
 1.3 105712 102792 113792
 1.3 105712 102792 113792
 1.3 105712 102792 113792
 1.3 105712 102792 113792
 1.3 105712 102792 113792
 1.3 105712 102792 113792
 1.3 105712 102792 113792
 1.3 105712 102792 113792
 1.3 105712 102792 113792
 1.3 105712 102792 113792
 1.3 105712 102792 113792
 1.3 105712 102792 113792
 1.3 105712 102792 113792
 1.3 105712 102792 113792
 1.3 105712 102792 113792
 1.3 105712 102792 113792
 1.3 105712 102792 113792
 1.3 105712 102792 113792
 1.3 105712 102792 113792
 1.3 105712 102792 113792
 1.3 105712 102792 113792
 1.3 105712 102792 113792
 1.3 105712 102792 113792
 1.3 105712 102792 113792
 1.3 105712 102792 113792
 1.3 105712 102792 113792
 1.3 105712 102792 113792
 1.3 105712 102792 113792
 1.3 105712 102792 113792
 1.3 105712 102792 113792
 1.3 105712 102792 113792
 1.3 105712 102792 113792
 1.3 105712 102792 113792
 1.3 105712 102792 113792
 1.3 105712 102792 113792
 1.3 105712 102792 113792
 1.3 105712 102792 113792
 1.3 105712 102792 113792
 1.3 105712 102792 113792
 1.3 105712 102792 113792
 1.3 105712 102792 113792
 1.3 105712 102792 113792
 1.3 105712 102792 113792
 1.3 105712 102792 113792
 1.3 105712 102792 113792
 1.3 105712 102792 113792
 1.3 105712 102792 113792
 1.3 105712 102792 113792
 1.3 105712 102792 113792
 1.3 105712 102792 113792
 1.3 105712 102792 113792
 1.3 105712 102792 113792
 1.3 105712 102792 113792
 1.3 105712 102792 113792
 1.3 105712 102792 113792
 1.3 105712 102792 113792
 1.3 105712 102792 113792
 1.3 105712 102792 113792
 1.3 105712 102792 113792
 1.3 105712 102792 113792
 1.3 105712 102792 113792
 1.3 105712 102792 113792
 1.3 105712 102792 113792
 1.3 105712 102792 113792
 1.3 105712 102792 113792
 1.3 105712 102792 113792
 1.3 105712 102792 113792
 1.3 105712 102792 113792
 1.3 105712 102792 113792
 1.3 105712 102792 113792
 1.3 105712 102792 113792
 1.3 105712 102792 113792
 1.3 105712 102792 113792
 1.3 105712 102792 113792
 1.3 105712 102792 113792
 1.3 105712 102792 113792
 1.3 105712 102792 113792
 1.3 105712 102792 113792
 1.3 105712 102792 113792
 1.3 105712 102792 113792
 1.3 105712 102792 113792
 1.3 105712 102792 113792
 1.3 105712 102792 113792
 1.3 105712 102792 113792
 1.3 105712 102792 113792
 1.3 105712 102792 113792
 1.3 105712 102792 113792
 1.3 105712 102792 113792
 1.3 105712 102792 113792
 1.3 105712 102792 113792
 1.3 105712 102792 113792
 1.3 105712 102792 113792
 1.3 105712 102792 113792
 1.3 105712 102792 113792
 1.3 105712 102792 113792
 1.3 105712 102792 113792
 1.3 105712 102792 113792
 1.3 105712 102792 113792
 1.3 105712 102792 113792
 1.3 105712 102792 113792
 1.3 105712 102792 113792
 1.3 105712 102792 113792
 1.3 105712 102792 113792
 1.3 105712 102792 113792
 1.3 105712 102792 113792
 1.3 105712 102792 113792
 1.3 105712 102792 113792
 1.3 105712 102792 113792
 1.3 105712 102792 113792
 1.3 105712 102792 113792
 1.3 105712 102792 113792
 1.3 105712 102792 113792
 1.3 105712 102792 113792
 1.3 105712 102792 113792
 1.3 105712 102792 113792
 1.3 105712 102792 113792
 1.3 105712 102792 113792
 1.3 105712 102792 113792
 1.3 105712 102792 113792
 1.3 105712 102792 113792
 1.3 105712 102792 113792
 1.3 105712 102792 113792
 1.3 105712 102792 113792
 1.3 105712 102792 113792
 1.3 105712 102792 113792
 1.3 105712 102792 113792
 1.3 105712 102792 113792
 1.3 105712 102792 113792
 1.3 105712 102792 113792
 1.3 105712 102792 113792
 1.3 105712 102792 113792
 1.3 105712 102792 113792
 1.3 105712 102792 113792
 1.3 105712 102792 113792
 1.3 105712 102792 113792
 1.3 105712 102792 113792
 1.3 105712 102792 113792
 1.3 105712 102792 113792
 1.3 105712 102792 113792
 1.3 105712 102792 113792
 1.3 105712 102792 113792
 1.3 105712 102792 113792
 1.3 105712 102792 113792
 1.3 105712 102792 113792
 1.3 105712 102792 113792
 1.3 105712 102792 113792
 1.3 105712 102792 113792
 1.3 105712 102792 113792
 1.3 105712 102792 113792
 1.3 105712 102792 113792
 1.3 105712 102792 113792
 1.3 105712 102792 113792
 1.3 105712 102792 113792
 1.3 105712 102792 113792
 1.3 105712 102792 113792
 1.3 105712 102792 113792
 1.3 105712 102792 113792
 1.3 105712 102792 113792
 1.3 105712 102792 113792
 1.3 105712 102792 113792
 1.3 105712 102792 113792
 1.3 105712 102792 113792
 1.3 105712 102792 113792
 1.3 105712 102792 113792
 1.3 105712 102792 113792
 1.3 105712 102792 113792
 1.3 105712 102792 113792
 1.3 105712 102792 113792
 1.3 105712 102792 113792
 1.3 105712 102792 113792
 1.3 105712 102792 113792
 1.3 105712 102792 113792
 1.3 105712 102792 113792
 1.3 105712 102792 113792
 1.3 105712 102792 113792
 1.3 105712 102792 113792
 1.3 105712 102792 113792
 1.3 105712 102792 113792
 1.3 105712 102792 113792
 1.3 105712 102792 113792
 1.3 105712 102792 113792
 1.3 105712 102792 113792
 1.3 105712 102792 113792
 1.3 105712 102792 113792
 1.3 105712 102792 113792
 1.3 105712 102792 113792
 1.3 105712 102792 113792
 1.3 105712 102792 113792
 1.3 105712 102792 113792
 1.3 105712 102792 113792
 1.3 105712 102792 113792
 1.3 105712 102792 113792
 1.3 105712 102792 113792
 1.3 105712 102792 113792
 1.3 105712 102792 113792
 1.3 105712 102792 113792
 1.3 105712 102792 113792
 1.3 105712 102792 113792
 1.3 105712 102792 113792
 1.3 105712 102792 113792
 1.3 105712 102792 113792
 1.3 105712 102792 113792
 1.3 105712 102792 113792
 1.3 105712 102792 113792
 1.3 105712 102792 113792
 1.3 105712 102792 113792
 1.3 105712 102792 113792
 1.3 105712 102792 113792
 1.3 105712 102792 113792
 1.3 105712 102792 113792
 1.3 105712 102792 113792
 1.3 105712 102792 113792
 1.3 105712 102792 113792
 1.3 105712 102792 113792
 1.3 105712 102792 113792
 1.3 105712 102792 113792
 1.3 105712 102792 113792
 1.3 105712 102792 113792
 1.3 105712 102792 113792
 1.3 105712 102792 113792
 1.3 105712 102792 113792
 1.3 105712 102792 113792
 1.3 105712 102792 113792
 1.3 105712 102792 113792
 1.3 105712 102792 113792
 1.3 105712 102792 113792
 1.3 105712 102792 113792
 1.3 105712 102792 113792
 1.3 105712 102792 113792
 1.3 105712 102792 113792
 1.3 105712 102792 113792
 1.3 105712 102792 113792
 1.3 105712 102792 113792
 1.3 105712 102792 113792
 1.3 105712 102792 113792
 1.3 105712 102792 113792
 1.3 105712 102792 113792
 1.3 105712 102792 113792
 1.3 105712 102792 113792
 1.3 105712 102792 113792
 1.3 105712 102792 113792
 1.3 105712 102792 113792
 1.3 105712 102792 113792
 1.3 105712 102792 113792
 1.3 105712 102792 113792
 1.3 105712 102792 113792
 1.3 105712 102792 113792
 1.3 105712 102792 113792
 1.3 105712 102792 113792
 1.3 105712 102792 113792
 1.3 105712 102792 113792
 1.3 105712 102792 113792
 1.3 105712 102792 113792
 1.3 105712 102792 113792
 1.3 105712 102792 113792
 1.3 105712 102792 113792
 1.3 105712 102792 113792
 1.3 105712 102792 113792
 1.3 105712 102792 113792
 1.3 105712 102792 113792
 1.3 105712 102792 113792
 1.3 105712 102792 113792
 1.3 105712 102792 113792
 1.3 105712 102792 113792
 1.3 105712 102792 113792
 1.3 105712 102792 113792
 1.3 105712 102792 113792
 1.3 105712 102792 113792
 1.3 105712 102792 113792
 1.3 105712 102792 113792
 1.3 105712 102792 113792
 1.3 105712 102792 113792
 1.3 105712 102792 113792
 1.3 105712 102792 113792
 1.3 105712 102792 113792
 1.3 105712 102792 113792
 1.3 105712 102792 113792
 1.3 105712 102792 113792
 1.3 105712 102792 113792
 1.3 105712 102792 113792
 1.3 105712 102792 113792
 1.3 105712 102792 113792
 1.3 105712 102792 113792
 1.3 105712 102792 113792
 1.3 105712 102792 113792
 1.3 105712 102792 113792
 1.3 105712 102792 113792
 1.3 105712 102792 113792
 1.3 105712 102792 113792
 1.3 105712 102792 113792
 1.3 105712 102792 113792
 1.3 105712 102792 113792
 1.3 105712 102792 113792
 1.3 105712 102792 113792
 1.3 105712 102792 113792
 1.3 105712 102792 113792
 1.3 105712 102792 113792
 1.3 105712 102792 113792
 1.3 105712 102792 113792
 1.3 105712 102792 113792
 1.3 105712 102792 113792
 1.3 105712 102792 113792
 1.3 105712 102792 113792
 1.3 105712 102792 113792
 1.3 105712 102792 113792
 1.3 105712 102792 113792
 1.3 105712 102792 113792
 1.3 105712 102792 113792
 1.3 105712 102792 113792
 1.3 105712 102792 113792
 1.3 105712 102792 113792
 1.3 105712 102792 113792
 1.3 105712 102792 113792
 1.3 105712 102792 113792
 1.3 105712 102792 113792
 1.3 105712 102792 113792
 1.3 105712 102792 113792
 1.3 105712 102792 113792
 1.3 105712 102792 113792
 1.3 105712 102792 113792
 1.3 105712 102792 113792
 1.3 105712 102792 113792
 1.3 105712 102792 113792
 1.3 105712 102792 113792
 1.3 105712 102792 113792
 1.3 105712 102792 113792
 1.3 105712 102792 113792
 1.3 105712 102792 113792
 1.3 105712 102792 113792
 1.3 105712 102792 113792
 1.3 105712 102792 113792
 1.3 105712 102792 113792
 1.3 105712 102792 113792
 1.3 105712 102792 113792
 1.3 105712 102792 113792
 1.3 105712 102792 113792
 1.3 105712 102792 113792
 1.3 105712 102792 113792
 1.3 105712 102792 113792
 1.3 105712 102792 113792
 1.3 105712 102792 113792
 1.3 105712 102792 113792
 1.3 105712 102792 113792
 1.3 105712 102792 113792
 1.3 105712 102792 113792
 1.3 105712 102792 113792
 1.3 105712 102792 113792
 1.3 105712 102792 113792
 1.3 105712 102792 113792
 1.3 105712 102792 113792
 1.3 105712 102792 113792
 1.3 105712 102792 113792
 1.3 105712 102792 113792
 1.3 105712 102792 113792
 1.3 105712 102792 113792
 1.3 105712 102792 113792
 1.3 105712 102792 113792
 1.3 105712 102792 113792
 1.3 105712 102792 113792
 1.3 105712 102792 113792
 1.3 105712 102792 113792
 1.3 105712 102792 113792
 1.3 105712 102792 113792
 1.3 105712 102792 113792
 1.3 105712 102792 113792
 1.3 105712 102792 113792
 1.3 105712 102792 113792
 1.3 105712 102792 113792
 1.3 105712 102792 113792
 1.3 105712 102792 113792
 1.3 105712 102792 113792
 1.3 105712 102792 113792
 1.3 105712 102792 113792
 1.3 105712 102792 113792
 1.3 105712 102792 113792
 1.3 105712 102792 113792
 1.3 105712 102792 113792
 1.3 105712 102792 113792
 1.3 105712 102792 113792
 1.3 105712 102792 113792
 1.3 105712 102792 113792
 1.3 105712 102792 113792
 1.3 105712 102792 113792
 1.3 105712 102792 113792
 1.3 105712 102792 113792
 1.3 105712 102792 113792
 1.3 105712 102792 113792
 1.3 105712 102792 113792
 1.3 105712 102792 113792
 1.3 105712 102792 113792
 1.3 105712 102792 113792
 1.3 105712 102792 113792
 1.3 105712 102792 113792
 1.3 105712 102792 113792
 1.3 105712 102792 113792
 1.3 105712 102792 113792
 1.3 105712 102792 113792
 1.3 105712 102792 113792
 1.3 105712 102792 113792
 1.3 105712 102792 113792
 1.3 105712 102792 113792
 1.3 105712 102792 113792
 1.3 105712 102792 113792
 1.3 105712 102792 113792
 1.3 105712 102792 113792
 1.3 105712 102792 113792
 1.3 105712 102792 113792
 1.3 105712 102792 113792
 1.3 105712 102792 113792
 1.3 105712 102792 113792
 1.3 105712 102792 113792
 1.3 105712 102792 113792
 1.3 105712 102792 113792
 1.3 105712 102792 113792
 1.3 105712 102792 113792
 1.3 105712 102792 113792
 1.3 105712 102792 113792
 1.3 105712 102792 113792
 1.3 105712 102792 113792
 1.3 105712 102792 113792
 1.3 105712 102792 113792
 1.3 105712 102792 113792
 1.3 105712 102792 113792
 1.3 105712 102792 113792
 1.3 105712 102792 113792
 1.3 105712 102792 113792
 1.3 105712 102792 113792
 1.3 105712 102792 113792
 1.3 105712 102792 113792
 1.3 105712 102792 113792
 1.3 105712 102792 113792
 1.3 105712 102792 113792
 1.3 105712 102792 113792
 1.3 105712 102792 113792
 1.3 105712 102792 113792
 1.3 105712 102792 113792
 1.3 105712 102792 113792
 1.3 105712 102792 113792
 1.3 105712 102792 113792
 1.3 105712 102792 113792
 1.3 105712 102792 113792
 1.3 105712 102792 113792
 1.3 105712 102792 113792
 1.3 105712 102792 113792
 1.3 105712 102792 113792
 1.3 105712 102792 113792
 1.3 105712 102792 113792
 1.3 105712 102792 113792
 1.3 105712 102792 113792
 1.3 105712 102792 113792
 1.3 105712 102792 113792
 1.3 105712 102792 113792
 1.3 105712 102792 113792
 1.3 105712 102792 113792
 1.3 105712 102792 113792
 1.3 105712 102792 113792
 1.3 105712 102792 113792
 1.3 105712 102792 113792
 1.3 105712 102792 113792
 1.3 105712 102792 113792
 1.3 105712 102792 113792
 1.3 105712 102792 113792
 1.3 105712 102792 113792
 1.3 105712 102792 113792
 1.3 105712 102792 113792
 1.3 105712 102792 113792
 1.3 105712 102792 113792
 1.3 105712 102792 113792
 1.3 105712 102792 113792
 1.3 105712 102792 113792
 1.3 105712 102792 113792
 1.3 105712 102792 113792
 1.3 105712 102792 113792
 1.3 105712 102792 113792
 1.3 105712 102792 113792
 1.3 105712 102792 113792
 1.3 105712 102792 113792
 1.3 105712 102792 113792
 1.3 105712 102792 113792
 1.3 105712 102792 113792
 1.3 105712 102792 113792
 1.3 105712 102792 113792
 1.3 105712 102792 113792
 1.3 105712 102792 113792
 1.3 105712 102792 113792
 1.3 105712 102792 113792
 1.3 105712 102792 113792
 1.3 105712 102792 113792
 1.3 105712 102792 113792
 1.3 105712 102792 113792
 1.3 105712 102792 113792
 1.3 105712 102792 113792
 1.3 105712 102792 113792
 1.3 105712 102792 113792
 1.3 105712 102792 113792
 1.3 105712 102792 113792
 1.3 105712 102792 113792
 1.3 105712 102792 113792
 1.3 105712 102792 113792
 1.3 105712 102792 113792
 1.3 105712 102792 113792
 1.3 105712 102792 113792
 1.3 105712 102792 113792
 1.3 105712 102792 113792
 1.3 105712 102792 113792
 1.3 105712 102792 113792
 1.3 105712 102792 113792
 1.3 105712 102792 113792
 1.3 105712 102792 113792
 1.3 105712 102792 113792
 1.3 105712 102792 113792
 1.3 105712 102792 113792
 1.3 105712 102792 113792
 1.3 105712 102792 113792
 1.3 105712 102792 113792
 1.3 105712 102792 113792
 1.3 105712 102792 113792
 1.3 105712 102792 113792
 1.3 105712 102792 113792
 1.3 105712 102792 113792
 1.3 105712 102792 113792
 1.3 105712 102792 113792
 1.3 105712 102792 113792
 1.3 105712 102792 113792
 1.3 105712 102792 113792
 1.3 105712 102792 113792
 1.3 105712 102792 113792
 1.3 105712 102792 113792
 1.3 105712 102792 113792
 1.3 105712 102792 113792
 1.3 105712 102792 113792
 1.3 105712 102792 113792
 1.3 105712 102792 113792
 1.3 105712 102792 113792
 1.3 105712 102792 113792
 1.3 105712 102792 113792
 1.3 105712 102792 113792
 1.3 105712 102792 113792
 1.3 105712 102792 113792
 1.3 105712 102792 113792
 1.3 105712 102792 113792
 1.3 105712 102792 113792
 1.3 105712 102792 113792
 1.3 105712 102792 113792
 1.3 105712 102792 113792
 1.3 105712 102792 113792
 1.3 105712 102792 113792
 1.3 105712 102792 113792
 1.3 105712 102792 113792
 1.3 105712 102792 113792
 1.3 105712 102792 113792
 1.3 105712 102792 113792
 1.3 105712 102792 113792
 1.3 105712 102792 113792
 1.3 105712 102792 113792
 1.3 105712 102792 113792
 1.3 105712 102792 113792
 1.3 105712 102792 113792
 1.3 105712 102792 113792
 1.3 105712 102792 113792
 1.3 105712 102792 113792
 1.3 105712 102792 113792
 1.3 105712 102792 113792
 1.3 105712 102792 113792
 1.3 105712 102792 113792
 1.3 105712 102792 113792
 1.3 105712 102792 113792
 1.3 105712 102792 113792
 1.3 105712 102792 113792
 1.3 105712 102792 113792
 1.3 105712 102792 113792
 1.3 105712 102792 113792
 1.3 105712 102792 113792
 1.3 105712 102792 113792
 1.3 105712 102792 113792
 1.3 105712 102792 113792
 1.3 105712 102792 113792
 1.3 105712 102792 113792
 1.3 105712 102792 113792
 1.3 105712 102792 113792
 1.3 105712 102792 113792
 1.3 105712 102792 113792
 1.3 105712 102792 113792
 1.3 105712 102792 113792
 1.3 105712 102792 113792
 1.3 105712 102792 113792
 1.3 105712 102792 113792
 1.3 105712 102792 113792
 1.3 105712 102792 113792
 1.3 105712 102792 113792
 1.3 105712 102792 113792
 1.3 105712 102792 113792
 1.3 105712 102792 113792
 1.3 105712 102792 113792
 1.3 105712 102792 113792
 1.3 105712 102792 113792
 1.3 105712 102792 113792
 1.3 105712 102792 113792
 1.3 105712 102792 113792
 1.3 105712 102792 113792
 1.3 105712 102792 113792
 1.3 105712 102792 113792
 1.3 105712 102792 113792
 1.3 105712 102792 113792
 1.3 105712 102792 113792
 1.3 105712 102792 113792
 1.3 105712 102792 113792
 1.3 105712 102792 113792
 1.3 105712 102792 113792
 1.3 105712 102792 113792
 1.3 105712 102792 113792
 1.3 105712 102792 113792
 1.3 105712 102792 113792
 1.3 105712 102792 113792
 1.3 105712 102792 113792
 1.3 105712 102792 113792
 1.3 105712 102792 113792
 1.3 105712 102792 113792
 1.3 105712 102792 113792
 1.3 105712 102792 113792
 1.3 105712 102792 113792
 1.3 105712 102792 113792
 1.3 105712 102792 113792
 1.3 105712 102792 113792
 1.3 105712 102792 113792
 1.3 105712 102792 113792
 1.3 105712 102792 113792
 1.3 105712 102792 113792
 1.3 105712 102792 113792
 1.3 105712 102792 113792
 1.3 105712 102792 113792
 1.3 105712 102792 113792
 1.3 105712 102792 113792
 1.3 105712 102792 113792
 1.3 105712 102792 113792
 1.3 105712 102792 113792
 1.3 105712 102792 113792
 1.3 105712 102792 113792
 1.3 105712 102792 113792
 1.3 105712 102792 113792
 1.3 105712 102792 113792
 1.3 105712 102792 113792
 1.3 105712 102792 113792
 1.3 105712 102792 113792
 1.3 105712 102792 113792
 1.3 105712 102792 113792
 1.3 105712 102792 113792
 1.3 105712 102792 113792
 1.3 105712 102792 113792
 1.3 105712 102792 113792
 1.3 105712 102792 113792
 1.3 105712 102792 113792
 1.3 105712 102792 113792
 1.3 105712 102792 113792
 1.3 105712 102792 113792
 1.3 105712 102792 113792
 1.3 105712 102792 113792
 1.3 105712 102792 113792
 1.3 105712 102792 113792
 1.3 105712 102792 113792
 1.3 105712 102792 113792
 1.3 105712 102792 113792
 1.3 105712 102792 113792
 1.3 105712 102792 113792
 1.3 105712 102792 113792
 1.3 105712 102792 113792
 1.3 105712 102792 113792
 1.3 105712 102792 113792
 1.3 105712 102792 113792
 1.3 105712 102792 113792
 1.3 105712 102792 113792
 1.3 105712 102792 113792
 1.3 105712 102792 113792
 1.3 105712 102792 113792
 1.3 105712 102792 113792
 1.3 105712 102792 113792
 1.3 105712 102792 113792
 1.3 105712 102792 113792
 1.3 105712 102792 113792
 1.3 105712 102792 113792
 1.3 105712 102792 113792
 1.3 105712 102792 113792
 1.3 105712 102792 113792
 1.3 105712 102792 113792
 1.3 105712 102792 113792
 1.3 105712 102792 113792
 1.3 105712 102792 113792
 1.3 105712 102792 113792
 1.3 105712 102792 113792
 1.3 105712 102792 113792
 1.3 105712 102792 113792
 1.3 105712 102792 113792
 1.3 105712 102792 113792
 1.3 105712 102792 113792
 1.3 105712 102792 113792
 1.3 105712 102792 113792
 1.3 105712 102792 113792
 1.3 105712 102792 113792
 1.3 105712 102792 113792
 1.3 105712 102792 113792
 1.3 105712 102792 113792
 1.3 105712 102792 113792
 1.3 105712 102792 113792
 1.3 105712 102792 113792
 1.3 105712 102792 113792
 1.3 105712 102792 113792
 1.3 105712 102792 113792
 1.3 105712 102792 113792
 1.3 105712 102792 113792
 1.3 105712 102792 113792
 1.3 105712 102792 113792
 1.3 105712 102792 113792
 1.3 105712 102792 113792
 1.3 105712 102792 113792
 1.3 105712 102792 113792
 1.3 105712 102792 113792
 1.3 105712 102792 113792
 1.3 105712 102792 113792
 1.3 105712 102792 113792
 1.3 105712 102792 113792
 1.3 105712 102792 113792
 1.3 105712 102792 113792
 1.3 105712 102792 113792
 1.3 105712 102792 113792
 1.3 105712 102792 113792
 1.3 105712 102792 113792
 1.3 105712 102792 113792
 1.3 105712 102792 113792
 1.3 105712 102792 113792
 1.3 105712 102792 113792
 1.3 105712 102792 113792
 1.3 105712 102792 113792
 1.3 105712 102792 113792
 1.3 105712 102792 113792
 1.3 105712 102792 113792
 1.3 105712 102792 113792
 1.3 105712 102792 113792
 1.3 105712 102792 113792
 1.3 105712 102792 113792
 1.3 105712 102792 113792
 1.3 105712 102792 113792
 1.3 105712 102792 113792
 1.3 105712 102792 113792
 1.3 105712 102792 113792
 1.3 105712 102792 113792
 1.3 105712 102792 113792
 1.3 105712 102792 113792
 1.3 105712 102792 113792
 1.3 105712 102792 113792
 1.3 105712 102792 113792
 1.3 105712 102792 113792
 1.3 105712 102792 113792
 1.3 105712 102792 113792
 1.3 105712 102792 113792
 1.3 105712 102792 113792
 1.3 105712 102792 113792
 1.3 105712 102792 113792
 1.3 105712 102792 113792
 1.3 105712 102792 113792
 1.3 105712 102792 113792
 1.3 105712 102792 113792
 1.3 105712 102792 113792
 1.3 105712 102792 113792
 1.3 105712 102792 113792
 1.3 105712 102792 113792
 1.3 105712 102792 113792
 1.3 105712 102792 113792
 1.3 105712 102792 113792
 1.3 105712 102792 113792
 1.3 105712 102792 113792
 1.3 105712 102792 113792
 1.3 105712 102792 113792
 1.3 105712 102792 113792
 1.3 105712 102792 113792
 1.3 105712 102792 113792
 1.3 105712 102792 113792
 1.3 105712 102792 113792
 1.3 105712 102792 113792
 1.3 105712 102792 113792
 1.3 105712 102792 113792
 1.3 105712 102792 113792
 1.3 105712 102792 113792
 1.3 105712 102792 113792
 1.3 105712 102792 113792
 1.3 105712 102792 113792
 1.3 105712 102792 113792
 1.3 105712 102792 113792
 1.3 105712 102792 113792
 1.3 105712 102792 113792
 1.3 105712 102792 113792
 1.3 105712 102792 113792
 1.3 105712 102792 113792
 1.3 105712 102792 113792
 1.3 105712 102792 113792
 1.3 105712 102792 113792
 1.3 105712 102792 113792
 1.3 105712 102792 113792
 1.3 105712 102792 113792
 1.3 105712 102792 113792
 1.3 105712 102792 113792
 1.3 105712 102792 113792
 1.3 105712 102792 113792
 1.3 105712 102792 113792
 1.3 105712 102792 113792
 1.3 105712 102792 113792
 1.3 105712 102792 113792
 1.3 105712 102792 113792
 1.3 105712 102792 113792
 1.3 105712 102792 113792
 1.3 105712 102792 113792
 1.3 105712 102792 113792
 1.3 105712 102792 113792
 1.3 105712 102792 113792
 1.3 105712 102792 113792
 1.3 105712 102792 113792
 1.3 105712 102792 113792
 1.3 105712 102792 113792
 1.3 105712 102792 113792
 1.3 105712 102792 113792
 1.3 105712 102792 113792
 1.3 105712 102792 113792
 1.3 105712 102792 113792
 1.3 105712 102792 113792
 1.3 105712 102792 113792
 1.3 105712 102792 113792
 1.3 105712 102792 113792
 1.3 105712 102792 113792
 1.3 105712 102792 113792
 1.3 105712 102792 113792
 1.3 105712 102792 113792
 1.3 105712 102792 113792
 1.3 105712 102792 113792
 1.3 105712 102792 113792
 1.3 105712 102792 113792
 1.3 105712 102792 113792
 1.3 105712 102792 113792
 1.3 105712 102792 113792
 1.3 105712 102792 113792
 1.3 105712 102792 113792
 1.3 105712 102792 113792
 1.3 105712 102792 113792
 1.3 105712 102792 113792
 1.3 105712 102792 113792
 1.3 105712 102792 113792
 1.3 105712 102792 113792
 1.3 105712 102792 113792
 1.3 105712 102792 113792
 1.3 105712 102792 113792
 1.3 105712 102792 113792
 1.3 105712 102792 113792
 1.3 105712 102792 113792
 1.3 105712 102792 113792
 1.3 105712 102792 113792
 1.3 105712 102792 113792
 1.3 105712 102792 113792
 1.3 105712 102792 113792
 1.3 105712 102792 113792
 1.3 105712 102792 113792
 1.3 105712 102792 113792
 1.3 105712 102792 113792
 1.3 105712 102792 113792
 1.3 105712 102792 113792
 1.3 105712 102792 113792
 1.3 105712 102792 113792
 1.3 105712 102792 113792
 1.3 105712 102792 113792
 1.3 105712 102792 113792
 1.3 105712 102792 113792
 1.3 105712 102792 113792
 1.3 105712 102792 113792
 1.3 105712 102792 113792
 1.3 105712 102792 113792
 1.3 105712 102792 113792
 1.3 105712 102792 113792
 1.3 105712 102792 113792
 1.3 105712 102792 113792
 1.3 105712 102792 113792
 1.3 105712 102792 113792
 1.3 105712 102792 113792
 1.3 105712 102792 113792
 1.3 105712 102792 113792
 1.3 105712 102792 113792
 1.3 105712 102792 113792
 1.3 105712 102792 113792
 1.3 105712 102792 113792
 1.3 105712 102792 113792
 1.3 105712 102792 113792
 1.3 105712 102792 113792
 1.3 105712 102792 113792
 1.3 105712 102792 113792
 1.3 105712 102792 113792
 1.3 105712 102792 113792
 1.3 105712 102792 113792
 1.3 105712 102792 113792
 1.3 105712 102792 113792
 1.3 105712 102792 113792
 1.3 105712 102792 113792
 1.3 105712 102792 113792
 1.3 105712 102792 113792
 1.3 105712 102792 113792
 1.3 105712 102792 113792
 1.3 105712 102792 113792
 1.3 105712 102792 113792
 1.3 105712 102792 113792
 1.3 105712 102792 113792
 1.3 105712 102792 113792
 1.3 105712 102792 113792
 1.3 105712 102792 113792
 1.3 105712 102792 113792
 1.3 105712 102792 113792
 1.3 105712 102792 113792
 1.3 105712 102792 113792
 1.3 105712 102792 113792
 1.3 105712 102792 113792
 1.3 105712 102792 113792
 1.3 105712 102792 113792
 1.3 105712 102792 113792
 1.3 105712 102792 113792
 1.3 105712 102792 113792
 1.3 105712 102792 113792
 1.3 105712 102792 113792
 1.3 105712 102792 113792
 1.3 105712 102792 113792
 1.3 105712 102792 113792
 1.3 105712 102792 113792
 1.3 105712 102792 113792
 1.3 105712 102792 113792
 1.3 105712 102792 113792
 1.3 105712 102792 113792
 1.3 105712 102792 113792
 1.3 105712 102792 113792
 1.3 105712 102792 113792
 1.3 105712 102792 113792
 1.3 105712 102792 113792
 1.3 105712 102792 113792
 1.3 105712 102792 113792
 1.3 105712 102792 113792
 1.3 105712 102792 113792
 1.3 105712 102792 113792
 1.3 105712 102792 113792
 1.3 105712 102792 113792
 1.3 105712 102792 113792
 1.3 105712 102792 113792
 1.3 105712 102792 113792
 1.3 105712 102792 113792
 1.3 105712 102792 113792
 1.3 105712 102792 113792
 1.3 105712 102792 113792
 1.3 105712 102792 113792
 1.3 105712 102792 113792
 1.3 105712 102792 113792
 1.3 105712 102792 113792
 1.3 105712 102792 113792
 1.3 105712 102792 113792
 1.3 105712 102792 113792
 1.3 105712 102792 113792
 1.3 105712 102792 113792
 1.3 105712 102792 113792
 1.3 105712 102792 113792
 1.3 105712 102792 113792
 1.3 105712 102792 113792
 1.3 105712 102792 113792
 1.3 105712 102792 113792
 1.3 105712 102792 113792
 1.3 105712 102792 113792
 1.3 105712 102792 113792
 1.3 105712 102792 113792
 1.3 105712 102792 113792
 1.3 105712 102792 113792
 1.3 105712 102792 113792
 1.3 105712 102792 113792
 1.3 105712 102792 113792
 1.3 105712 102792 113792
 1.3 105712 102792 113792
 1.3 105712 102792 113792
 1.3 105712 102792 113792
 1.3 105712 102792 113792
 1.3 105712 102792 113792
 1.3 105712 102792 113792
 1.3 105712 102792 113792
 1.3 105712 102792 113792
 1.3 105712 102792 113792
 1.3 105712 102792 113792
 1.3 105712 102792 113792
 1.3 105712 102792 113792
 1.3 105712 102792 113792
 1.3 105712 102792 113792
 1.3 105712 102792 113792
 1.3 105712 102792 113792
 1.3 105712 102792 113792
 1.3 105712 102792 113792
 1.3 105712 102792 113792
 1.3 105712 102792 113792
 1.3 105712 102792 113792
 1.3 105712 102792 113792
 1.3 105712 102792 113792
 1.3 105712 102792 113792
 1.3 105712 102792 113792
 1.3 105712 102792 113792
 1.3 105712 102792 113792
 1.3 105712 102792 113792
 1.3 105712 102792 113792
 1.3 105712 102792 113792
 1.3 105712 102792 113792
 1.3 105712 102792 113792
 1.3 105712 102792 113792
 1.3 105712 102792 113792
 1.3 105712 102792 113792
 1.3 105712 102792 113792
 1.3 105712 102792 113792
 1.3 105712 102792 113792
 1.3 105712 102792 113792
 1.3 105712 102792 113792
 1.3 105712 102792 113792
 1.3 105712 102792 113792
 1.3 105712 102792 113792
 1.3 105712 102792 113792
 1.3 105712 102792 113792
 1.3 105712 102792 113792
 1.3 105712 102792 113792
 1.3 105712 102792 113792
 1.3 105712 102792 113792
 1.3 105712 102792 113792
 1.3 105712 102792 113792
 1.3 105712 102792 113792
 1.3 105712 102792 113792
 1.3 105712 102792 113792
 1.3 105712 102792 113792
 1.3 105712 102792 113792
 1.3 105712 102792 113792
 1.3 105712 102792 113792
 1.3 105712 102792 113792
 1.3 105712 102792 113792
 1.3 105712 102792 113792
 1.3 105712 102792 113792
 1.3 105712 102792 113792
 1.3 105712 102792 113792
 1.3 105712 102792 113792
 1.3 105712 102792 113792
 1.3 105712 102792 113792
 1.3 105712 102792 113792
 1.3 105712 102792 113792
 1.3 105712 102792 113792
 1.3 105712 102792 113792
 1.3 105712 102792 113792
 1.3 105712 102792 113792
 1.3 105712 102792 113792
 1.3 105712 102792 113792
 1.3 105712 102792 113792
 1.3 105712 102792 113792
 1.3 105712 102792 113792
 0.0  3372   388  11388
 0.1 13460 14044  25044
 0.7 56792 55012  66012
 1.2 99008 95980 106980
 1.3 105608 102808 113808
 1.3 105608 102808 113808
 1.3 105608 102808 113808
 1.3 105608 102808 113808
 1.3 105608 102808 113808
 1.3 105608 102808 113808
 1.3 105608 102808 113808
 1.3 105608 102808 113808
 1.3 105608 102808 113808
 1.3 105608 102808 113808
 1.3 105608 102808 113808
 1.3 105608 102808 113808
 1.3 105608 102808 113808
 1.3 105608 102808 113808
 1.3 105608 102808 113808
 1.3 105608 102808 113808
 1.3 105608 102808 113808
 1.3 105608 102808 113808
 1.3 105608 102808 113808
 1.3 105608 102808 113808
 1.3 105608 102808 113808
 1.3 105608 102808 113808
 1.3 105608 102808 113808
 1.3 105608 102808 113808
 1.3 105608 102808 113808
 1.3 105608 102808 113808
 1.3 105608 102808 113808
 1.3 105608 102808 113808
 1.3 105608 102808 113808
 1.3 105608 102808 113808
 1.3 105608 102808 113808
 1.3 105608 102808 113808
 1.3 105608 102808 113808
 1.3 105608 102808 113808
 1.3 105608 102808 113808
 1.3 105608 102808 113808
 1.3 105608 102808 113808
 1.3 105608 102808 113808
 1.3 105608 102808 113808
 1.3 105608 102808 113808
 1.3 105608 102808 113808
 1.3 105608 102808 113808
 1.3 105608 102808 113808
 1.3 105608 102808 113808
 1.3 105608 102808 113808
 1.3 105608 102808 113808
 1.3 105608 102808 113808
 1.3 105608 102808 113808
 1.3 105608 102808 113808
 1.3 105608 102808 113808
 1.3 105608 102808 113808
 1.3 105608 102808 113808
 1.3 105608 102808 113808
 1.3 105608 102808 113808
 1.3 105608 102808 113808
 1.3 105608 102808 113808
 1.3 105608 102808 113808
 1.3 105608 102808 113808
 1.3 105608 102808 113808
 1.3 105608 102808 113808
 1.3 105608 102808 113808
 1.3 105608 102808 113808
 1.3 105608 102808 113808
 1.3 105608 102808 113808
 1.3 105608 102808 113808
 1.3 105608 102808 113808
 1.3 105608 102808 113808
 1.3 105608 102808 113808
 1.3 105608 102808 113808
 1.3 105608 102808 113808
 1.3 105608 102808 113808
 1.3 105608 102808 113808
 1.3 105608 102808 113808
 1.3 105608 102808 113808
 1.3 105608 102808 113808
 1.3 105608 102808 113808
 1.3 105608 102808 113808
 1.3 105608 102808 113808
 1.3 105608 102808 113808
 1.3 105608 102808 113808
 1.3 105608 102808 113808
 1.3 105608 102808 113808
 1.3 105608 102808 113808
 1.3 105608 102808 113808
 1.3 105608 102808 113808
 1.3 105608 102808 113808
 1.3 105608 102808 113808
 1.3 105608 102808 113808
 1.3 105608 102808 113808
 1.3 105608 102808 113808
 1.3 105608 102808 113808
 1.3 105608 102808 113808
 1.3 105608 102808 113808
 1.3 105608 102808 113808
 1.3 105608 102808 113808
 1.3 105608 102808 113808
 1.3 105608 102808 113808
 1.3 105608 102808 113808
 1.3 105608 102808 113808
 1.3 105608 102808 113808
 1.3 105608 102808 113808
 1.3 105608 102808 113808
 1.3 105608 102808 113808
 1.3 105608 102808 113808
 1.3 105608 102808 113808
 1.3 105608 102808 113808
 1.3 105608 102808 113808
 1.3 105608 102808 113808
 1.3 105608 102808 113808
 1.3 105608 102808 113808
 1.3 105608 102808 113808
 1.3 105608 102808 113808
 1.3 105608 102808 113808
 1.3 105608 102808 113808
 1.3 105608 102808 113808
 1.3 105608 102808 113808
 1.3 105608 102808 113808
 1.3 105608 102808 113808
 1.3 105608 102808 113808
 1.3 105608 102808 113808
 1.3 105608 102808 113808
 1.3 105608 102808 113808
 1.3 105608 102808 113808
 1.3 105608 102808 113808
 1.3 105608 102808 113808
 1.3 105608 102808 113808
 1.3 105608 102808 113808
 1.3 105608 102808 113808
 1.3 105608 102808 113808
 1.3 105608 102808 113808
 1.3 105608 102808 113808
 1.3 105608 102808 113808
 1.3 105608 102808 113808
 1.3 105608 102808 113808
 1.3 105608 102808 113808
 1.3 105608 102808 113808
 1.3 105608 102808 113808
 1.3 105608 102808 113808
 1.3 105608 102808 113808
 1.3 105608 102808 113808
 1.3 105608 102808 113808
 1.3 105608 102808 113808
 1.3 105608 102808 113808
 1.3 105608 102808 113808
 1.3 105608 102808 113808
 1.3 105608 102808 113808
 1.3 105608 102808 113808
 1.3 105608 102808 113808
 1.3 105608 102808 113808
 1.3 105608 102808 113808
 1.3 105608 102808 113808
 1.3 105608 102808 113808
 1.3 105608 102808 113808
 1.3 105608 102808 113808
 1.3 105608 102808 113808
 1.3 105608 102808 113808
 1.3 105608 102808 113808
 1.3 105608 102808 113808
 1.3 105608 102808 113808
 1.3 105608 102808 113808
 1.3 105608 102808 113808
 1.3 105608 102808 113808
 1.3 105608 102808 113808
 1.3 105608 102808 113808
 1.3 105608 102808 113808
 1.3 105608 102808 113808
 1.3 105608 102808 113808
 1.3 105608 102808 113808
 1.3 105608 102808 113808
 1.3 105608 102808 113808
 1.3 105608 102808 113808
 1.3 105608 102808 113808
 1.3 105608 102808 113808
 1.3 105608 102808 113808
 1.3 105608 102808 113808
 1.3 105608 102808 113808
 1.3 105608 102808 113808
 1.3 105608 102808 113808
 1.3 105608 102808 113808
 1.3 105608 102808 113808
 1.3 105608 102808 113808
 1.3 105608 102808 113808
 1.3 105608 102808 113808
 1.3 105608 102808 113808
 1.3 105608 102808 113808
 1.3 105608 102808 113808
 1.3 105608 102808 113808
 1.3 105608 102808 113808
 1.3 105608 102808 113808
 0.4 37576 34528  45528
