coretemp-isa-0000
Adapter: ISA adapter
Package id 0:  +74.0°C  (high = +100.0°C, crit = +100.0°C)
Core 0:        +74.0°C  (high = +100.0°C, crit = +100.0°C)
Core 1:        +74.0°C  (high = +100.0°C, crit = +100.0°C)
Core 2:        +72.0°C  (high = +100.0°C, crit = +100.0°C)
Core 3:        +73.0°C  (high = +100.0°C, crit = +100.0°C)

pch_cannonlake-virtual-0
Adapter: Virtual device
temp1:        +59.0°C  

BAT0-acpi-0
Adapter: ACPI interface
in0:          12.86 V  
curr1:            N/A  

dell_smm-virtual-0
Adapter: Virtual device
fan1:        5025 RPM

radeon-pci-0100
Adapter: PCI adapter
temp1:            N/A  (crit = +120.0°C, hyst = +90.0°C)

acpitz-acpi-0
Adapter: ACPI interface
temp1:        +25.0°C  (crit = +107.0°C)

%MEM   RSS  SIZE    VSZ
 0.0  2176   424   8636
 0.0  2176   424   8636
 0.0  2176   424   8636
 0.0  2176   424   8636
 0.0  2176   424   8636
 0.0  2176   424   8636
 0.0  2176   424   8636
 0.0  2176   424   8636
 0.0  2176   424   8636
 0.0  2176   424   8636
 0.0  2176   424   8636
 0.0  2176   424   8636
 0.0  2176   424   8636
 0.0  2176   424   8636
 0.0  2176   424   8636
 0.0  2176   424   8636
 0.0  2176   424   8636
 0.0  2176   424   8636
 0.0  2176   424   8636
 0.0  2176   424   8636
 0.0  2176   424   8636
 0.0  2176   424   8636
 0.0  2176   424   8636
 0.0  2176   424   8636
 0.0  2176   424   8636
 0.0  3888   588   8800
 0.0  3888   756   8968
 0.0  4792  9080  17296
 0.0  5812  9192  17408
 0.1 10492 116872 452160
 0.1 10492 117016 517696
 0.1 12456 118996 585080
 0.1 14568 121108 587192
 0.2 16416 122956 589040
 0.2 18792 125332 591416
 0.2 20640 127312 593396
 0.2 22752 129424 595508
 0.3 24864 131536 597620
 0.3 26976 133516 599600
 0.3 29088 135760 601844
 0.3 31464 137872 603956
 0.4 33576 140116 606200
 0.4 35688 142228 608312
 0.4 37800 144340 610424
 0.4 39912 146584 612668
 0.5 42024 148564 614648
 0.5 44136 150676 616760
 0.5 46248 152788 618872
 0.6 48096 154636 620720
 0.6 50208 156880 622964
 0.6 52584 158992 625076
 0.6 54696 161104 627188
 0.7 56544 163216 629300
 0.7 58656 165196 631280
 0.7 60768 167308 633392
 0.7 62880 169420 635504
 0.8 64728 171268 637352
 0.8 66840 173380 639464
 0.8 68952 175360 641444
 0.8 70800 177472 643556
 0.9 72912 179320 645404
 0.9 74760 181432 647516
 0.9 76872 183544 649628
 0.9 78720 185260 651344
 1.0 80832 187372 653456
 1.0 82680 189352 655436
 1.0 84792 191332 657416
 1.0 86640 193312 659396
 1.1 88752 195292 661376
 1.1 90864 197404 663488
 1.1 92712 199384 665468
 1.1 94824 201496 667580
 1.2 96936 203476 669560
 1.2 99048 205456 671540
 1.2 100896 207304 673388
 1.2 102744 209416 675500
 1.3 104856 211396 677480
 1.3 106440 212980 679064
 1.3 108552 215224 681308
 1.3 110664 217204 683288
 1.4 112512 219184 685268
 1.4 114624 221164 687248
 1.4 116472 223144 689228
 1.4 118848 225256 691340
 1.5 120696 227368 693452
 1.5 122808 229348 695432
 1.5 124656 231328 697412
 1.5 126768 233308 699392
 1.6 128616 235156 701240
 1.6 130464 236872 702956
 1.6 132048 238456 704540
 1.6 133896 240568 706652
 1.7 136008 242548 708632
 1.7 137592 244264 710348
 1.7 139440 246112 712196
 1.7 141552 248092 714176
 1.7 143664 250204 716288
 1.8 145776 252184 718268
 1.8 147624 254296 720380
 1.8 149736 256276 722360
 1.8 151848 258388 724472
 1.9 153696 260236 726320
 1.9 155544 262216 728300
 1.9 157656 264196 730280
 1.9 159768 266308 732392
 2.0 161616 268156 734240
 2.0 163728 270136 736220
 2.0 165576 272248 738332
 2.1 167952 274360 740444
 2.1 170064 276604 742688
 2.1 172176 278716 744800
 2.1 174288 280828 746912
 2.2 176400 282808 748892
 2.2 178512 284920 751004
 2.2 180360 286900 752984
 2.2 182472 289012 755096
 2.3 184320 290860 756944
 2.3 186432 292972 759056
 2.3 188544 295084 761168
 2.3 190920 297328 763412
 2.4 193032 299440 765524
 2.4 194880 301552 767636
 2.4 196728 303136 769220
 2.4 198840 305380 771464
 2.5 200688 307360 773444
 2.5 202800 309340 775424
 2.5 204912 311452 777536
 2.5 206760 313432 779516
 2.6 209136 315676 781760
 2.6 210984 317656 783740
 2.6 213096 319636 785720
 2.6 215208 321616 787700
 2.7 217320 323728 789812
 2.7 219168 325840 791924
 2.7 221280 327820 793904
 2.7 223392 329800 795884
 2.8 225240 331912 797996
 2.8 227088 333760 799844
 2.8 229200 335740 801824
 2.8 231312 337852 803936
 2.9 233160 339700 805784
 2.9 235008 341548 807632
 2.9 237120 343528 809612
 2.9 239232 345640 811724
 3.0 241080 347752 813836
 3.0 242928 349600 815684
 3.0 245304 351712 817796
 3.0 247152 353692 819776
 3.1 249000 355672 821756
 3.1 251376 357916 824000
 3.1 253488 360028 826112
 3.1 255336 362008 828092
 3.2 257448 363856 829940
 3.2 259296 365836 831920
 3.2 261144 367816 833900
 3.2 263256 369928 836012
 3.3 265368 371908 837992
 3.3 267480 374020 840104
 3.3 269328 375868 841952
 3.3 271440 377848 843932
 3.4 273288 379828 845912
 3.4 275136 381808 847892
 3.4 277248 383920 850004
 3.4 279360 385900 851984
 3.5 281472 388012 854096
 3.5 283320 389728 855812
 3.5 285168 391840 857924
 3.5 287016 393556 859640
 3.6 288864 395404 861488
 3.6 290976 397384 863468
 3.6 292824 399364 865448
 3.6 294408 401080 867164
 3.7 296520 403192 869276
 3.7 298632 405172 871256
 3.7 300744 407284 873368
 3.7 302592 409264 875348
 3.8 304704 411112 877196
 3.8 306288 412828 878912
 3.8 308136 414676 880760
 3.8 310248 416656 882740
 3.9 312360 418768 884852
 3.9 314208 420880 886964
 3.9 316056 422728 888812
 3.9 318168 424840 890924
 4.0 320280 426820 892904
 4.0 322392 428932 895016
 4.0 324504 431044 897128
 4.0 326352 433024 899108
 4.1 328464 435004 901088
 4.1 330576 436984 903068
 4.1 332424 438964 905048
 4.1 334536 441076 907160
 4.2 336648 443188 909272
 4.2 338496 445168 911252
 4.2 340608 447148 913232
 4.2 342192 448864 914948
 4.3 344568 450976 917060
 4.3 346416 452956 919040
 4.3 348528 455200 921284
 4.3 350640 457180 923264
 4.4 352488 459160 925244
 4.4 354600 461140 927224
 4.4 356712 463252 929336
 4.4 358560 465232 931316
 4.5 360672 467212 933296
 4.5 362784 469324 935408
 4.5 364896 471436 937520
 4.5 366744 473284 939368
 4.6 368856 475396 941480
 4.6 370704 477376 943460
 4.6 372816 479488 945572
 4.6 374664 481204 947288
 4.7 376776 483448 949532
 4.7 378888 485560 951644
 4.7 381000 487540 953624
 4.7 383112 489520 955604
 4.8 384960 491632 957716
 4.8 387072 493612 959696
 4.8 388920 495592 961676
 4.8 391032 497572 963656
 4.9 392880 499420 965504
 4.9 394992 501664 967748
 4.9 397104 503644 969728
 4.9 398952 505624 971708
 5.0 401064 507604 973688
 5.0 403440 509848 975932
 5.0 405288 511960 978044
 5.0 407136 513676 979760
 5.1 409248 515788 981872
 5.1 411096 517768 983852
 5.1 413208 519748 985832
 5.1 415320 521992 988076
 5.2 417432 524104 990188
 5.2 419544 526084 992168
 5.2 421656 528064 994148
 5.2 423768 530176 996260
 5.3 425616 532288 998372
 5.3 427728 534400 1000484
 5.3 429840 536380 1002464
 5.3 431424 537964 1004048
 5.4 433536 539944 1006028
 5.4 435648 542056 1008140
 5.4 437496 544168 1010252
 5.4 439608 546016 1012100
 5.5 441456 548128 1014212
 5.5 443832 550240 1016324
 5.5 445944 552352 1018436
 5.6 447792 554464 1020548
 5.6 449904 556444 1022528
 5.6 452016 558424 1024508
 5.6 453864 560536 1026620
 5.6 455448 562120 1028204
 5.7 457560 564100 1030184
 5.7 459408 566080 1032164
 5.7 461520 568060 1034144
 5.7 463632 570172 1036256
 5.8 465480 571888 1037972
 5.8 467328 573736 1039820
 5.8 469176 575716 1041800
 5.8 471288 577828 1043912
 5.9 473136 579808 1045892
 5.9 475248 581788 1047872
 5.9 477096 583768 1049852
 5.9 478944 585616 1051700
 6.0 481056 587596 1053680
 6.0 483168 589576 1055660
 6.0 485016 591688 1057772
 6.0 487128 593668 1059752
 6.1 489240 595780 1061864
 6.1 491088 597760 1063844
 6.1 493200 599740 1065824
 6.1 495312 601852 1067936
 6.2 497160 603832 1069916
 6.2 499272 605812 1071896
 6.2 501120 607660 1073744
 6.2 502704 609376 1075460
 6.3 505080 611488 1077572
 6.3 506928 613468 1079552
 6.3 509040 615448 1081532
 6.3 510888 617428 1083512
 6.4 513000 619540 1085624
 6.4 514848 621388 1087472
 6.4 516960 623368 1089452
 6.4 518808 625348 1091432
 6.5 520920 627460 1093544
 6.5 522768 629440 1095524
 6.5 524880 631420 1097504
 6.5 526728 633268 1099352
 6.6 528576 635248 1101332
 6.6 530688 637360 1103444
 6.6 532800 639340 1105424
 6.6 534912 641452 1107536
 6.7 536760 643300 1109384
 6.7 538872 645412 1111496
 6.7 540720 647260 1113344
 6.7 542832 649372 1115456
 6.8 544680 651220 1117304
 6.8 546792 653200 1119284
 6.8 548904 655312 1121396
 6.8 550488 657028 1123112
 6.9 552072 658612 1124696
 6.9 554184 660724 1126808
 6.9 556032 662704 1128788
 6.9 558144 664816 1130900
 7.0 560256 666928 1133012
 7.0 562368 668908 1134992
 7.0 564480 670888 1136972
 7.0 566328 673000 1139084
 7.1 568176 674716 1140800
 7.1 569760 676300 1142384
 7.1 571344 677884 1143968
 7.1 572928 679468 1145552
 7.1 574512 681184 1147268
 7.2 576096 682768 1148852
 7.2 577944 684352 1150436
 7.2 579264 685804 1151888
 7.2 581376 687916 1154000
 7.2 583224 689896 1155980
 7.3 585336 691876 1157960
 7.3 587448 693988 1160072
 7.3 589560 696100 1162184
 7.3 591408 697948 1164032
 7.4 592992 699532 1165616
 7.4 594840 701380 1167464
 7.4 596688 703360 1169444
 7.4 599064 705736 1171820
 7.5 601176 707848 1173932
 7.5 603288 709960 1176044
 7.5 605400 711808 1177892
 7.5 607248 713920 1180004
 7.6 609360 715768 1181852
 7.6 611208 717748 1183832
 7.6 613320 719860 1185944
 7.6 614904 721576 1187660
 7.7 616752 723424 1189508
 7.7 618864 725536 1191620
 7.7 620976 727516 1193600
 7.9 633912 740596 1206668
 8.0 642888 749460 1215512
 8.0 645000 751588 1217624
 8.0 646848 753472 1219472
 8.1 648696 755320 1221320
 8.1 650280 757036 1223036
 8.1 652128 758804 1224752
 8.1 654240 760784 1226732
 8.2 656088 762764 1228712
 8.2 657936 764744 1230692
 8.2 660048 766724 1232672
 8.2 662684 769376 1235324
 8.3 664532 771092 1237040
 8.3 666116 772676 1238624
 8.3 667964 774524 1240472
 8.3 669812 776372 1242320
 8.4 671660 778220 1244168
 8.4 673508 780200 1246148
 8.4 675620 782048 1247996
 8.4 677468 783896 1249844
 8.4 679316 785876 1251824
 8.5 681164 787724 1253672
 8.5 683136 789712 1255660
 8.5 685248 791824 1257772
 8.5 687096 793804 1259752
 8.6 689208 795652 1261600
 8.6 690792 797368 1263316
 8.6 692904 799612 1265560
 8.6 694752 801328 1267276
 8.7 696600 803308 1269256
 8.7 698976 805552 1271500
 8.7 700824 807400 1273348
 8.7 702408 808984 1274932
 8.8 704520 811096 1277044
 8.8 706896 813604 1279552
 8.8 708480 815056 1281004
 8.8 710856 817432 1283380
 8.9 712968 819676 1285624
 8.9 715080 821656 1287604
 8.9 717192 823768 1289716
 8.9 719304 826012 1291960
 9.0 721944 828520 1294468
 9.0 723528 830240 1296184
 9.0 725548 831976 1297916
 9.1 727924 834352 1300292
 9.1 730036 836336 1302272
 9.1 731884 838192 1304120
 9.1 733732 840172 1306100
 9.1 735580 841892 1307816
 9.2 737428 843876 1309796
 9.2 739276 845860 1311776
 9.2 741388 847976 1313888
 9.2 743500 849956 1315868
 9.3 745348 851940 1317848
 9.3 747460 853792 1319696
 9.3 749308 855776 1321676
 9.3 751156 857628 1323524
 9.4 753268 859744 1325636
 9.4 755380 861728 1327616
 9.4 757228 863844 1329728
 9.4 759340 865956 1331840
 9.5 761452 868072 1333952
 9.5 763300 869792 1335668
 9.5 765148 871644 1337516
 9.5 766996 873496 1339364
 9.6 768844 875348 1341212
 9.6 771092 877496 1343324
10.7 860764 967288 1494772
10.7 863272 969468 1496752
10.8 866212 971932 1498996
10.8 868300 973972 1500844
10.8 870412 976236 1502956
10.9 873352 978796 1505332
10.9 875824 980852 1507180
10.9 878500 983148 1509292
11.0 881176 985328 1511272
11.0 883288 987624 1513384
11.0 885964 989932 1515496
11.1 889228 992792 1518136
11.1 891904 994968 1520116
11.1 894580 997564 1522492
11.2 896692 999840 1524604
11.2 899368 1002136 1526716
11.2 898524 1004332 1528828
11.2 901380 1006312 1530808
11.3 904380 1008820 1533316
11.3 906756 1010932 1535428
11.3 909168 1013044 1537540
11.4 912108 1015420 1539916
11.4 916992 1018984 1543480
11.5 919668 1021096 1545592
11.5 922044 1023472 1547968
11.5 924720 1025584 1550080
11.5 927132 1027432 1551928
11.6 929868 1029544 1554040
11.6 931980 1031788 1556284
11.6 934920 1034032 1558528
11.7 937596 1036012 1560508
11.7 940008 1037992 1562488
11.7 943008 1040440 1564732
11.8 945384 1043136 1567240
11.8 948060 1045432 1569352
11.8 950472 1047608 1571332
11.9 953148 1049916 1573444
11.8 951320 1051908 1575424
11.9 953912 1053888 1577404
11.9 956912 1056000 1579516
12.0 959588 1058244 1581760
12.0 961964 1060620 1584136
12.0 964376 1062336 1585852
12.0 967052 1064580 1588096
12.1 969788 1066824 1590340
12.1 972464 1068804 1592320
12.1 974576 1070916 1594432
12.2 977252 1072896 1596412
12.2 979400 1074744 1598260
12.2 982400 1076988 1600504
12.3 984512 1079232 1602748
12.3 986924 1081080 1604596
12.3 986680 1082928 1606444
12.3 988792 1085172 1608688
12.4 991648 1087284 1610800
12.4 994588 1089528 1613044
12.4 997852 1092168 1615684
12.4 999436 1094016 1617532
12.5 1002112 1095996 1619512
12.5 1004788 1098108 1621624
12.6 1007728 1100352 1623868
12.6 1010200 1102332 1625848
12.6 1012048 1104180 1627696
12.6 1014988 1106424 1629940
12.7 1017664 1108668 1632184
12.7 1019776 1110780 1634296
12.7 1022452 1113024 1636540
12.8 1025188 1115004 1638520
12.8 1027564 1117380 1640896
12.8 1030504 1119624 1643140
12.9 1033180 1121868 1645384
12.9 1035856 1124112 1647628
12.9 1038592 1126092 1649608
13.0 1040440 1128072 1651588
13.0 1039804 1130184 1653700
13.0 1041916 1132296 1655812
13.0 1044856 1134672 1658188
13.0 1047268 1136784 1660300
13.1 1049944 1138764 1662280
13.1 1052680 1140876 1664392
13.2 1056112 1144308 1667824
13.2 1058448 1146288 1669804
13.2 1060848 1147872 1671388
13.2 1061672 1147872 1671388
13.2 1061672 1147872 1671388
13.2 1062228 1147872 1671388
13.2 1062780 1147872 1671388
13.2 1063336 1147872 1671388
13.2 1063336 1147872 1671388
13.2 1061140 1147872 1671388
13.2 1061140 1147872 1671388
13.2 1061868 1147872 1671388
13.2 1062424 1147872 1671388
13.2 1062976 1147872 1671388
13.3 1063532 1147872 1671388
13.3 1064084 1147872 1671388
13.3 1064640 1147872 1671388
13.3 1064640 1147872 1671388
13.3 1065192 1147872 1671388
13.3 1065748 1147872 1671388
13.3 1066300 1147872 1671388
13.3 1066856 1147872 1671388
13.3 1066856 1147872 1671388
13.3 1067408 1147872 1671388
13.3 1067964 1147872 1671388
13.3 1068516 1147872 1671388
13.3 1069072 1147872 1671388
13.3 1069624 1147872 1671388
13.3 1070180 1147872 1671388
13.3 1070180 1147872 1671388
13.3 1070732 1147908 1671388
13.3 1066736 1147932 1671388
13.3 1067524 1147932 1671388
13.3 1068076 1147932 1671388
13.3 1068632 1147932 1671388
13.3 1069184 1147932 1671388
13.3 1069740 1147932 1671388
13.3 1070292 1147932 1671388
13.3 1070292 1147932 1671388
13.3 1070848 1147932 1671388
13.3 1071400 1147932 1671388
13.4 1071956 1147932 1671388
13.4 1072508 1147932 1671388
13.4 1073064 1147932 1671388
13.4 1073064 1147932 1671388
13.4 1073616 1147932 1671388
13.3 1071380 1147932 1671388
13.3 1071380 1147932 1671388
13.4 1072052 1147932 1671388
13.4 1072604 1147932 1671388
13.4 1073160 1147932 1671388
13.4 1073160 1147932 1671388
13.4 1073712 1147932 1671388
13.4 1074268 1147932 1671388
13.4 1074820 1147932 1671388
13.4 1074820 1147932 1671388
13.4 1075376 1147932 1671388
13.4 1075928 1147932 1671388
13.4 1076484 1147932 1671388
13.4 1077036 1147932 1671388
13.4 1077592 1147932 1671388
13.4 1077592 1147932 1671388
13.4 1078144 1147932 1671388
13.4 1078756 1147932 1671388
13.4 1079312 1147932 1671388
13.5 1079864 1147932 1671388
13.5 1079864 1147932 1671388
13.5 1080420 1147932 1671388
13.4 1076920 1147988 1671388
13.4 1076920 1147988 1671388
13.4 1077648 1147988 1671388
13.4 1078204 1147988 1671388
13.4 1078756 1147988 1671388
13.4 1078756 1147988 1671388
13.4 1079312 1147988 1671388
13.5 1079864 1147988 1671388
13.5 1080420 1147988 1671388
13.5 1080972 1147988 1671388
13.5 1081528 1147988 1671388
13.5 1081528 1147988 1671388
13.5 1082080 1147988 1671388
13.5 1082636 1147988 1671388
13.5 1080720 1147988 1671388
13.5 1080720 1147988 1671388
13.5 1081448 1147988 1671388
13.5 1082004 1147988 1671388
13.5 1082556 1147988 1671388
13.5 1082556 1147988 1671388
13.5 1083112 1147988 1671388
13.5 1083664 1147988 1671388
13.5 1084220 1147988 1671388
13.5 1084832 1147988 1671388
13.5 1084832 1147988 1671388
13.5 1085384 1147988 1671388
13.5 1085940 1147988 1671388
13.5 1086492 1147988 1671388
13.5 1086492 1147988 1671388
13.5 1087048 1147988 1671388
13.6 1087600 1147988 1671388
13.6 1088156 1147988 1671388
13.6 1088156 1147988 1671388
13.6 1088708 1147988 1671388
13.5 1085848 1147988 1671388
13.5 1085848 1147988 1671388
13.5 1086520 1147988 1671388
13.5 1087076 1147988 1671388
13.6 1087640 1147988 1671388
13.6 1088204 1147988 1671388
13.6 1088204 1147988 1671388
13.6 1088768 1147988 1671388
13.6 1089392 1147988 1671388
13.6 1089392 1147988 1671388
13.6 1089956 1147988 1671388
13.6 1090520 1147988 1671388
13.6 1091084 1147988 1671388
13.6 1091708 1147988 1671388
13.6 1091708 1147988 1671388
13.6 1092272 1147988 1671388
13.6 1089436 1147988 1671388
13.6 1090180 1147988 1671388
13.6 1090744 1147988 1671388
13.6 1091368 1147988 1671388
13.6 1091368 1147988 1671388
13.6 1091932 1147988 1671388
13.6 1092496 1147988 1671388
13.6 1093060 1147988 1671388
13.6 1093684 1147988 1671388
13.6 1093684 1147988 1671388
13.6 1094248 1147988 1671388
13.6 1094812 1147988 1671388
13.6 1095376 1147988 1671388
13.6 1095376 1147988 1671388
13.7 1096000 1147988 1671388
13.7 1096564 1147988 1671388
13.7 1097128 1147988 1671388
13.7 1097692 1147988 1671388
13.7 1097692 1147988 1671388
13.7 1098316 1147988 1671388
13.7 1098880 1147988 1671388
13.7 1099444 1147988 1671388
13.7 1099444 1148068 1671388
13.7 1095816 1148116 1671388
13.7 1095816 1148116 1671388
13.7 1096560 1148116 1671388
13.7 1097184 1148116 1671388
13.7 1097748 1148116 1671388
13.7 1098312 1148116 1671388
13.7 1098876 1148116 1671388
13.7 1098876 1148116 1671388
13.7 1099500 1148116 1671388
13.7 1100064 1148116 1671388
13.7 1100628 1148116 1671388
13.7 1100628 1148116 1671388
13.7 1101192 1148116 1671388
13.7 1101816 1148116 1671388
13.7 1102380 1148116 1671388
13.7 1102380 1148116 1671388
13.7 1102380 1148116 1671388
13.7 1102380 1148116 1671388
13.7 1102380 1148116 1671388
13.7 1102380 1148116 1671388
13.7 1102380 1148116 1671388
13.7 1102380 1148116 1671388
13.7 1102380 1148116 1671388
13.7 1102380 1148116 1671388
13.4 1077988 1078188 1601436
13.4 1077988 1078188 1601436
13.4 1077988 1078188 1601436
13.4 1078248 1078452 1601700
13.4 1078248 1078452 1601700
13.4 1078248 1078452 1601700
13.4 1078248 1078732 1601980
13.4 1078248 1078732 1601980
13.4 1078248 1078732 1601980
13.4 1078248 1078732 1601980
13.4 1078248 1078732 1601980
13.4 1078248 1078732 1601980
13.4 1078248 1078732 1601980
13.4 1078248 1078732 1601980
13.4 1078512 1078732 1601980
12.7 1016452 1045964 1507164
12.7 1016452 1045964 1507164
12.7 1016452 1045964 1507164
12.7 1016452 1045964 1507164
12.7 1015888 1045400 1506600
12.7 1015888 1045400 1506600
12.7 1015888 1045400 1506600
12.7 1015888 1045400 1506600
12.7 1015888 1045400 1506600
12.7 1015888 1045400 1506600
12.7 1015888 1045400 1506600
12.7 1015888 1045400 1506600
12.7 1015888 1045400 1506600
12.7 1015888 1045400 1506600
12.7 1015888 1045400 1506600
12.7 1015888 1045400 1506600
12.7 1015888 1045400 1506600
12.7 1015888 1045400 1506600
12.7 1015888 1045400 1506600
12.7 1015888 1045400 1506600
12.7 1015888 1045400 1506600
12.7 1015888 1045400 1506600
12.7 1015888 1045400 1506600
12.7 1015888 1045400 1506600
12.7 1015888 1045400 1506600
12.7 1015888 1045400 1506600
12.7 1015888 1045400 1506600
12.7 1015888 1045400 1506600
12.7 1015888 1045400 1506600
12.7 1015888 1045400 1506600
12.7 1015888 1045400 1506600
12.7 1015888 1045400 1506600
12.7 1015888 1045400 1506600
12.7 1015888 1045400 1506600
12.7 1015888 1045400 1506600
12.7 1015888 1045400 1506600
