coretemp-isa-0000
Adapter: ISA adapter
Package id 0:  +62.0°C  (high = +100.0°C, crit = +100.0°C)
Core 0:        +56.0°C  (high = +100.0°C, crit = +100.0°C)
Core 1:        +62.0°C  (high = +100.0°C, crit = +100.0°C)
Core 2:        +59.0°C  (high = +100.0°C, crit = +100.0°C)
Core 3:        +59.0°C  (high = +100.0°C, crit = +100.0°C)

pch_cannonlake-virtual-0
Adapter: Virtual device
temp1:        +50.0°C  

BAT0-acpi-0
Adapter: ACPI interface
in0:          12.81 V  
curr1:       1000.00 uA 

dell_smm-virtual-0
Adapter: Virtual device
fan1:        3157 RPM

radeon-pci-0100
Adapter: PCI adapter
temp1:            N/A  (crit = +120.0°C, hyst = +90.0°C)

acpitz-acpi-0
Adapter: ACPI interface
temp1:        +25.0°C  (crit = +107.0°C)

%MEM   RSS  SIZE    VSZ
 0.0  2180   424   8636
 0.0  2180   424   8636
 0.0  2180   424   8636
 0.0  2180   424   8636
 0.0  2180   424   8636
 0.0  2180   424   8636
 0.0  2180   424   8636
 0.0  2180   424   8636
 0.0  2180   424   8636
 0.0  2180   424   8636
 0.0  2180   424   8636
 0.0  2180   424   8636
 0.0  2180   424   8636
 0.0  2180   424   8636
 0.0  2180   424   8636
 0.0  2180   424   8636
 0.0  2180   424   8636
 0.0  2180   424   8636
 0.0  2180   424   8636
 0.0  2180   424   8636
 0.0  2180   424   8636
 0.0  2180   424   8636
 0.0  2180   424   8636
 0.0  2180   424   8636
 0.0  2180   424   8636
 0.0  2180   424   8636
 0.0  2180   424   8636
 0.0  2180   424   8636
 0.0  2180   424   8636
 0.0  2180   424   8636
 0.0  2180   424   8636
 0.0  2180   424   8636
 0.0  3952   752   8964
 0.0  4892   884   9096
 0.0  4892  9076  17292
 0.0  5796  9188  17404
 0.1  8220 50808 320660
 0.1 10068 52656 322508
 0.1 11916 54768 324620
 0.1 14028 56748 326600
 0.1 15876 58596 328448
 0.2 17988 60576 330428
 0.2 19836 62556 332408
 0.2 21948 64668 334520
 0.2 23796 66516 336368
 0.3 25908 68628 338480
 0.3 27756 70608 340460
 0.3 29868 72588 342440
 0.3 31980 74700 344552
 0.4 34092 76680 346532
 0.4 35940 78792 348644
 0.4 38052 80640 350492
 0.4 39900 82620 352472
 0.5 42012 84600 354452
 0.5 43860 86580 356432
 0.5 45972 88692 358544
 0.5 47820 90672 360524
 0.6 49932 92652 362504
 0.6 51780 94632 364484
 0.6 53892 96612 366464
 0.6 55740 98460 368312
 0.7 57588 100440 370292
 0.7 59700 102420 372272
 0.7 61548 104400 374252
 0.7 63660 106380 376232
 0.8 65508 108360 378212
 0.8 67620 110340 380192
 0.8 69468 112188 382040
 0.8 71316 114168 384020
 0.9 73428 116148 386000
 0.9 75276 118128 387980
 0.9 77388 120108 389960
 0.9 79236 122088 391940
 1.0 81348 124068 393920
 1.0 83196 126048 395900
 1.0 85308 128028 397880
 1.0 87156 130008 399860
 1.1 89268 131988 401840
 1.1 91116 133968 403820
 1.1 93228 135948 405800
 1.1 95076 137928 407780
 1.2 97188 139908 409760
 1.2 99036 141888 411740
 1.2 101148 143736 413588
 1.2 102996 145716 415568
 1.3 105108 147828 417680
 1.3 106956 149808 419660
 1.3 109068 151788 421640
 1.3 110916 153768 423620
 1.4 113028 155748 425600
 1.4 114876 157728 427580
 1.4 116988 159708 429560
 1.4 118836 161688 431540
 1.5 120948 163668 433520
 1.5 122796 165648 435500
 1.5 124904 167580 436688
 1.5 125696 168508 436688
 1.5 127016 169712 436688
 1.5 127808 170624 436688
 1.6 128864 171576 436688
 1.6 129920 172536 436688
 1.6 130712 173504 436688
 1.6 131768 174420 436688
 1.6 132560 175268 436688
 1.6 133616 176248 436688
 1.6 134408 177080 436688
 1.6 135200 178020 436688
 1.7 136520 179164 436688
 1.7 137312 180032 436688
 1.7 138104 180928 436688
 1.7 138896 181596 436688
 1.7 138896 181596 436688
 1.7 138896 181596 436688
 1.7 138896 181596 436688
 1.7 138896 181596 436688
 1.7 138896 181596 436688
 1.7 138896 181596 436688
 1.7 138896 181596 436688
 1.7 138896 181596 436688
 1.7 138896 181596 436688
 1.7 138896 181596 436688
 1.7 138896 181596 436688
 1.7 138896 181596 436688
 1.7 138896 181596 436688
 1.7 138896 181596 436688
 1.7 138896 181596 436688
 1.7 138896 181596 436688
 1.7 138896 181596 436688
 1.7 138896 181596 436688
 1.7 138896 181596 436688
 1.7 138896 181596 436688
 1.7 138896 181596 436688
 1.7 138896 181596 436688
 1.7 138896 181596 436688
 1.7 138896 181596 436688
 1.7 138896 181596 436688
 1.7 138896 181596 436688
 1.7 138896 181596 436688
 1.7 138896 181596 436688
 1.7 139684 182272 436688
 1.7 139948 182696 436688
 1.7 140740 183388 436688
 1.7 141532 184228 436688
 1.7 142588 185208 436688
 1.7 143380 186200 436688
 1.8 144436 187044 436688
 1.8 144964 187564 436688
 1.8 145756 188380 436688
 1.8 146812 189428 436688
 1.8 147076 189904 436688
 1.8 148396 190992 436688
 1.8 149188 191796 436688
 1.8 149452 192272 436688
 1.8 150244 193016 436688
 1.8 150772 193372 436688
 1.8 150772 193372 436688
 1.8 150772 193372 436688
 1.8 150772 193372 436688
 1.8 150772 193372 436688
 1.8 150772 193372 436688
 1.8 150772 193372 436688
 1.8 150772 193372 436688
 1.8 150772 193372 436688
 1.8 150772 193372 436688
 1.8 150772 193372 436688
 1.8 150772 193372 436688
 1.8 150772 193372 436688
 1.8 150772 193372 436688
 1.8 150772 193372 436688
 1.8 150772 193372 436688
 1.8 150772 193372 436688
 1.8 150772 193372 436688
 1.8 150772 193372 436688
 1.8 150772 193372 436688
 1.8 150772 193372 436688
 1.8 150772 193372 436688
 1.8 150772 193372 436688
 1.8 150772 193372 436688
 1.8 150772 193372 436688
 1.8 150772 193372 436688
 1.8 150772 193372 436688
 1.8 150772 193372 436688
 1.8 150772 193372 436688
 1.8 150772 193372 436688
 1.8 150772 193372 436688
 1.8 150772 193372 436688
 1.8 151564 194172 436688
 1.8 151828 194528 436688
 1.9 152356 195024 436688
 1.9 153148 195756 436688
 1.9 153412 196156 436688
 1.9 154204 196748 436688
 1.9 154732 197344 436688
 1.9 155260 197804 436688
 1.9 155788 198444 436688
 1.9 156316 199056 436688
 1.9 157108 199712 436688
 1.9 157900 200412 436688
 1.9 158164 200832 436688
 1.9 158692 201368 436688
 1.9 159220 201968 436688
 1.9 159748 202372 436688
 2.0 160276 202916 436688
 2.0 161068 203656 436688
 2.0 161332 204068 436688
 2.0 162124 204800 436688
 2.0 162916 205416 436688
 2.0 163708 206260 436688
 2.0 164500 207132 436688
 2.0 164764 207312 436688
 2.0 165820 208412 436688
 2.0 166612 209212 436688
 2.0 167404 210004 436688
 2.0 167404 210004 436688
 2.0 167404 210004 436688
 2.0 167404 210004 436688
 2.0 167404 210004 436688
 2.0 167404 210004 436688
 2.0 167404 210004 436688
 2.0 167404 210004 436688
 2.0 167404 210004 436688
 2.0 167404 210004 436688
 2.0 167404 210004 436688
 2.0 167404 210004 436688
 2.0 167404 210004 436688
 2.0 167404 210004 436688
 2.0 167404 210004 436688
 2.0 167404 210004 436688
 2.0 167404 210004 436688
 2.0 167668 210408 436688
 2.1 168460 211160 436688
 2.1 169252 211904 436688
 2.1 169780 212396 436688
 2.1 170572 213180 436688
 2.1 170836 213552 436688
 2.1 171628 214328 436688
 2.1 172156 214820 436688
 2.1 172948 215560 436688
 2.1 172948 215560 436688
 2.1 172948 215560 436688
 2.1 172948 215560 436688
 2.1 172948 215560 436688
 2.1 172948 215560 436688
 2.1 172948 215560 436688
 2.1 172948 215560 436688
 2.1 172948 215560 436688
 2.1 172948 215560 436688
 2.1 172948 215560 436688
 2.1 172948 215560 436688
 2.1 172948 215560 436688
 2.1 172948 215560 436688
 2.1 172948 215560 436688
 2.1 172948 215560 436688
 2.1 172948 215560 436688
 2.1 172948 215560 436688
 2.1 172948 215560 436688
 2.1 172948 215560 436688
 2.1 172948 215560 436688
 2.1 172948 215560 436688
 2.1 172948 215560 436688
 2.1 172948 215560 436688
 2.1 172948 215560 436688
 2.1 172948 215560 436688
 2.1 172948 215560 436688
 2.1 172948 215560 436688
 2.1 172948 215560 436688
 2.1 172948 215560 436688
 2.1 172948 215560 436688
 2.1 172948 215560 436688
 2.1 172948 215560 436688
 2.1 172948 215560 436688
 2.1 172948 215560 436688
 2.1 174268 216880 438008
 2.2 176116 218860 439988
 2.2 178228 220840 441968
 2.2 180076 222688 443816
 2.2 181924 224668 445796
 2.3 184036 226648 447776
 2.3 185884 228496 449624
 2.3 187732 230476 451604
 2.3 189844 232456 453584
 2.4 191956 234436 455564
 2.4 193804 236416 457544
 2.4 195652 238396 459524
 2.4 197764 240376 461504
 2.4 199612 242224 463352
 2.5 201460 244204 465332
 2.5 203572 246184 467312
 2.5 205420 248192 469292
 2.5 206476 249008 469688
 2.5 207532 250156 469688
 2.6 208060 250616 469688
 2.6 208588 251260 469688
 2.6 209116 251808 469688
 2.6 209908 252528 469688
 2.6 210700 253320 469688
 2.6 210964 253660 469688
 2.6 211492 254192 469688
 2.6 212284 254900 469688
 2.6 213076 255672 469688
 2.6 213340 256016 469688
 2.6 213868 256504 469688
 2.6 214660 257312 469688
 2.6 215452 258064 469688
 2.7 216244 258844 469688
 2.7 217036 259648 469688
 2.7 217300 260048 469688
 2.7 218092 260656 469688
 2.7 218620 261224 469688
 2.7 218884 261536 469688
 2.7 219412 262032 469688
 2.7 220204 262860 469688
 2.7 221520 264052 469688
 2.7 223632 266280 469688
 2.8 224688 267308 469688
 2.8 225216 268044 469688
 2.8 227064 270004 469688
 2.8 227592 270408 469688
 2.8 229176 271924 469688
 2.8 229704 272232 469688
 2.8 229704 272232 469688
 2.8 229704 272232 469688
 2.8 229704 272232 469688
 2.8 229704 272232 469688
 2.8 229704 272232 469688
 2.8 229704 272232 469688
 2.8 229704 272232 469688
 2.8 229704 272232 469688
 2.8 229704 272232 469688
 2.8 229704 272232 469688
 2.8 229704 272232 469688
 2.8 229704 272232 469688
 2.8 229704 272232 469688
 2.8 229704 272232 469688
 2.8 229704 272232 469688
 2.8 229704 272232 469688
 2.8 229704 272232 469688
 2.8 229704 272232 469688
 2.8 229704 272232 469688
 2.8 229704 272232 469688
 2.8 229704 272232 469688
 2.8 229704 272232 469688
 2.8 229704 272232 469688
 2.8 229704 272232 469688
 2.8 229704 272232 469688
 2.8 229704 272232 469688
 2.8 229704 272232 469688
 2.8 229704 272232 469688
 2.8 229704 272232 469688
 2.8 229704 272232 469688
 2.8 229704 272232 469688
 2.8 229704 272232 469688
 2.8 229704 272232 469688
 2.8 229704 272232 469688
 2.8 229704 272232 469688
 2.8 229704 272232 469688
 2.8 229704 272232 469688
 2.8 229704 272232 469688
 2.8 229704 272232 469688
 2.8 229704 272232 469688
 2.8 229704 272232 469688
 2.8 229704 272232 469688
 2.8 229704 272232 469688
 2.8 229704 272232 469688
 2.8 229704 272232 469688
 2.8 229704 272232 469688
 2.8 229704 272232 469688
 2.8 229704 272232 469688
 2.8 229704 272232 469688
 2.8 229704 272232 469688
 2.8 229704 272232 469688
 2.8 229704 272232 469688
 2.8 229704 272232 469688
 2.8 229704 272232 469688
 2.8 229704 272232 469688
 2.8 229704 272232 469688
 2.8 229704 272232 469688
 2.8 230232 272892 470348
 2.9 232344 274872 472328
 2.9 234456 276852 474308
 2.9 236304 278832 476288
 2.9 238416 280812 478268
 3.0 240264 282792 480248
 3.0 242112 284640 482096
 3.0 244224 286620 484076
 3.0 246072 288732 486188
 3.1 248184 290712 488168
 3.1 250032 292692 490148
 3.1 252144 294672 492128
 3.1 253992 296652 494108
 3.1 255840 298500 495956
 3.2 257952 300480 497936
 3.2 260064 302592 500048
 3.2 261384 303932 501368
 3.2 261384 304076 501512
 3.2 261384 304112 501512
 3.2 261384 304156 501512
 3.2 261492 304132 501488
 3.2 261492 304168 501488
 3.2 262284 305036 501488
 3.2 262284 305068 501488
 3.2 263336 306268 501488
 3.3 264656 307632 501488
 3.3 267560 310396 501488
 3.3 269672 312628 501488
 3.3 270728 313716 501488
 3.3 270728 313716 501488
 3.3 270728 313716 501488
 3.4 273632 316488 501488
 3.4 275216 318256 501488
 3.4 277328 320148 501488
 3.4 278648 321672 501488
 3.4 279440 322424 501488
 3.5 280232 323112 501488
 3.5 280232 323112 501488
 3.5 280232 323112 501488
 3.5 280232 323112 501488
 3.5 280232 323112 501488
 3.5 280232 323112 501488
 3.5 280232 323112 501488
 3.5 280232 323112 501488
 3.5 280232 323112 501488
 3.5 280232 323112 501488
 3.5 280232 323112 501488
 3.5 280232 323112 501488
 3.5 280232 323112 501488
 3.5 280232 323112 501488
 3.5 280232 323112 501488
 3.5 280232 323112 501488
 3.5 280232 323112 501488
 3.5 280232 323112 501488
 3.4 278336 323112 501488
 3.4 278336 323112 501488
 3.4 278336 323112 501488
 3.4 278336 323112 501488
 3.4 278336 323112 501488
 3.4 278336 323112 501488
 3.4 278336 323112 501488
 3.4 278336 323112 501488
 3.4 274500 306728 485096
 3.4 274500 306728 485096
 3.3 271476 306728 485096
 3.3 271476 306728 485096
 3.3 271476 306728 485096
 0.0     0     0      0
