coretemp-isa-0000
Adapter: ISA adapter
Package id 0:  +79.0°C  (high = +100.0°C, crit = +100.0°C)
Core 0:        +76.0°C  (high = +100.0°C, crit = +100.0°C)
Core 1:        +77.0°C  (high = +100.0°C, crit = +100.0°C)
Core 2:        +75.0°C  (high = +100.0°C, crit = +100.0°C)
Core 3:        +79.0°C  (high = +100.0°C, crit = +100.0°C)

pch_cannonlake-virtual-0
Adapter: Virtual device
temp1:        +63.0°C  

BAT0-acpi-0
Adapter: ACPI interface
in0:          12.87 V  
curr1:       1000.00 uA 

dell_smm-virtual-0
Adapter: Virtual device
fan1:        3937 RPM

radeon-pci-0100
Adapter: PCI adapter
temp1:            N/A  (crit = +120.0°C, hyst = +90.0°C)

acpitz-acpi-0
Adapter: ACPI interface
temp1:        +25.0°C  (crit = +107.0°C)

%MEM   RSS  SIZE    VSZ
 0.0  2180   424   8636
 0.0  2180   424   8636
 0.0  2180   424   8636
 0.0  2180   424   8636
 0.0  2180   424   8636
 0.0  2180   424   8636
 0.0  2180   424   8636
 0.0  2180   424   8636
 0.0  2180   424   8636
 0.0  2180   424   8636
 0.0  2180   424   8636
 0.0  2180   424   8636
 0.0  2180   424   8636
 0.0  2180   424   8636
 0.0  2180   424   8636
 0.0  2180   424   8636
 0.0  2180   424   8636
 0.0  2180   424   8636
 0.0  2180   424   8636
 0.0  2180   424   8636
 0.0  2180   424   8636
 0.0  2180   424   8636
 0.0  2180   424   8636
 0.0  3892   588   8800
 0.0  4844   756   8968
 0.0  4844  9080  17296
 0.0  6032  9192  17408
 0.1  8644 116872 452160
 0.1  8644 117016 517696
 0.1 10812 119392 650880
 0.1 12924 121504 652992
 0.1 14772 123484 654972
 0.2 17148 125728 657216
 0.2 19260 127840 659328
 0.2 21372 129952 661440
 0.2 23484 132064 663552
 0.3 25596 134176 665664
 0.3 27708 136288 667776
 0.3 29820 138400 669888
 0.3 31932 140644 672132
 0.4 34308 143020 674508
 0.4 36420 145132 676620
 0.4 38532 147112 678600
 0.5 40380 148960 680448
 0.5 42228 150808 682296
 0.5 44076 152656 684144
 0.5 46188 154768 686256
 0.6 48300 157012 688500
 0.6 50676 159256 690744
 0.6 52524 161104 692592
 0.6 54636 163216 694704
 0.7 56484 165196 696684
 0.7 58332 167044 698532
 0.7 60180 169024 700512
 0.7 62292 171004 702492
 0.8 64140 172852 704340
 0.8 66252 174964 706452
 0.8 68100 176812 708300
 0.8 70212 178924 710412
 0.9 72060 180772 712260
 0.9 74172 182752 714240
 0.9 76020 184732 716220
 0.9 77868 186580 718068
 0.9 79716 188428 719916
 1.0 81828 190540 722028
 1.0 83940 192520 724008
 1.0 86052 194632 726120
 1.1 88164 196744 728232
 1.1 90012 198724 730212
 1.1 91860 200572 732060
 1.1 93972 202552 734040
 1.1 95820 204532 736020
 1.2 97668 206380 737868
 1.2 99780 208360 739848
 1.2 101628 210340 741828
 1.2 103212 211924 743412
 1.3 105324 213904 745392
 1.3 107172 215884 747372
 1.3 109548 218128 749616
 1.3 111396 220108 751596
 1.4 113508 222088 753576
 1.4 115092 223804 755292
 1.4 116940 225520 757008
 1.4 118788 227632 759120
 1.5 120900 229480 760968
 1.5 122484 231196 762684
 1.5 124332 232912 764400
 1.5 126180 234892 766380
 1.6 128292 236872 768360
 1.6 130404 238984 770472
 1.6 132516 241096 772584
 1.6 134364 242944 774432
 1.7 136212 244924 776412
 1.7 138588 247168 778656
 1.7 140436 249148 780636
 1.7 142548 251128 782616
 1.8 144396 253108 784596
 1.8 146244 254956 786444
 1.8 148356 256936 788424
 1.8 150204 258916 790404
 1.9 152580 261160 792648
 1.9 154692 263404 794892
 1.9 156540 265120 796608
 1.9 157860 266440 797928
 1.9 159180 267760 799248
 2.0 160500 269212 800700
 2.0 162612 271192 802680
 2.0 164460 273172 804660
 2.0 166044 274624 806112
 2.0 167892 276604 808092
 2.1 170004 278584 810072
 2.1 171852 280564 812052
 2.1 173964 282544 814032
 2.1 175812 284392 815880
 2.2 177660 286372 817860
 2.2 179772 288352 819840
 2.2 181884 290464 821952
 2.2 183732 292444 823932
 2.3 185844 294424 825912
 2.3 187692 296404 827892
 2.3 189804 298516 830004
 2.3 191652 300232 831720
 2.4 193500 302212 833700
 2.4 195612 304324 835812
 2.4 197724 306304 837792
 2.4 199572 308284 839772
 2.5 201684 310264 841752
 2.5 203532 312244 843732
 2.5 205644 314224 845712
 2.5 207756 316336 847824
 2.6 209604 318316 849804
 2.6 211716 320296 851784
 2.6 213564 322276 853764
 2.6 215676 324256 855744
 2.7 217524 326236 857724
 2.7 219636 328216 859704
 2.7 221484 330196 861684
 2.7 223596 332308 863796
 2.8 225708 334288 865776
 2.8 227556 336268 867756
 2.8 229668 338380 869868
 2.8 231780 340360 871848
 2.9 233892 342472 873960
 2.9 235740 344452 875940
 2.9 237852 346432 877920
 2.9 239700 348544 880032
 3.0 241812 350524 882012
 3.0 243924 352504 883992
 3.0 245772 354484 885972
 3.1 247884 356596 888084
 3.1 249996 358576 890064
 3.1 251844 360688 892176
 3.1 254220 362800 894288
 3.2 256068 364780 896268
 3.2 258180 366760 898248
 3.2 260292 368872 900360
 3.2 262140 370852 902340
 3.3 264252 372964 904452
 3.3 266364 375076 906564
 3.3 268476 377056 908544
 3.3 270588 379168 910656
 3.4 272436 381148 912636
 3.4 274548 383128 914616
 3.4 276660 385240 916728
 3.4 278508 387220 918708
 3.5 280620 389332 920820
 3.5 282732 391312 922800
 3.5 284580 393160 924648
 3.5 286428 395272 926760
 3.6 288540 397252 928740
 3.6 290652 399364 930852
 3.6 292764 401476 932964
 3.6 294876 403456 934944
 3.7 296988 405568 937056
 3.7 299100 407680 939168
 3.7 300948 409660 941148
 3.7 302796 411508 942996
 3.8 305172 413752 945240
 3.8 307020 415732 947220
 3.8 309132 417712 949200
 3.8 311244 419824 951312
 3.9 313356 421936 953424
 3.9 315468 424048 955536
 3.9 317316 426028 957516
 3.9 319428 428008 959496
 4.0 321276 429856 961344
 4.0 323388 431968 963456
 4.0 325236 433948 965436
 4.0 327348 435928 967416
 4.1 329460 438040 969528
 4.1 331308 440020 971508
 4.1 333420 442000 973488
 4.1 335268 443980 975468
 4.2 337380 445960 977448
 4.2 339228 447940 979428
 4.2 341604 450316 981804
 4.2 343716 452428 983916
 4.3 345828 454408 985896
 4.3 347940 456520 988008
 4.3 350316 458896 990384
 4.4 352164 460744 992232
 4.4 354012 462724 994212
 4.4 355860 464572 996060
 4.4 357972 466552 998040
 4.5 359820 468400 999888
 4.5 361668 470380 1001868
 4.5 364044 472624 1004112
 4.5 365892 474604 1006092
 4.6 368004 476584 1008072
 4.6 369852 478564 1010052
 4.6 371964 480544 1012032
 4.6 374076 482656 1014144
 4.7 375924 484636 1016124
 4.7 378036 486616 1018104
 4.7 379884 488596 1020084
 4.7 381996 490708 1022196
 4.8 384108 492820 1024308
 4.8 386220 494800 1026288
 4.8 388068 496780 1028268
 4.8 390180 498760 1030248
 4.9 392292 500872 1032360
 4.9 394140 502852 1034340
 4.9 396252 504832 1036320
 4.9 398100 506944 1038432
 5.0 400212 508924 1040412
 5.0 402324 510904 1042392
 5.0 404172 512884 1044372
 5.0 406284 514864 1046352
 5.1 408132 516844 1048332
 5.1 410244 518956 1050444
 5.1 412356 520936 1052424
 5.1 414204 522916 1054404
 5.2 416316 524896 1056384
 5.2 418164 526876 1058364
 5.2 420276 528856 1060344
 5.2 422124 530836 1062324
 5.3 424236 532816 1064304
 5.3 426348 534928 1066416
 5.3 428460 537040 1068528
 5.3 430308 539020 1070508
 5.4 432156 540868 1072356
 5.4 434268 542848 1074336
 5.4 436116 544828 1076316
 5.4 438228 546808 1078296
 5.5 440076 548788 1080276
 5.5 442188 550900 1082388
 5.5 444300 552880 1084368
 5.5 446148 554992 1086480
 5.6 448260 556972 1088460
 5.6 450372 558952 1090440
 5.6 452220 560800 1092288
 5.6 454332 562912 1094400
 5.7 456180 564892 1096380
 5.7 458292 567004 1098492
 5.7 460404 568984 1100472
 5.7 462252 570964 1102452
 5.8 464364 572944 1104432
 5.8 466212 574924 1106412
 5.8 468324 577036 1108524
 5.8 470172 578884 1110372
 5.9 472284 580864 1112352
 5.9 474396 582976 1114464
 5.9 476244 584824 1116312
 5.9 478092 586804 1118292
 6.0 480204 588916 1120404
 6.0 482316 590896 1122384
 6.0 484164 592876 1124364
 6.0 486276 594856 1126344
 6.1 488124 596836 1128324
 6.1 490236 598816 1130304
 6.1 492084 600796 1132284
 6.1 493932 602644 1134132
 6.2 496044 604624 1136112
 6.2 498156 606736 1138224
 6.2 500004 608716 1140204
 6.2 501852 610564 1142052
 6.2 503700 612412 1143900
 6.3 505812 614524 1146012
 6.3 507924 616504 1147992
 6.3 509508 618220 1149708
 6.3 511620 620332 1151820
 6.4 513732 622444 1153932
 6.4 515580 624160 1155648
 6.4 517692 626272 1157760
 6.5 519804 628516 1160004
 6.5 521916 630628 1162116
 6.5 524028 632740 1164228
 6.5 526140 634720 1166208
 6.6 527988 636700 1168188
 6.6 530100 638680 1170168
 6.6 531948 640660 1172148
 6.6 534060 642640 1174128
 6.7 535908 644488 1175976
 6.7 537756 646468 1177956
 6.7 539868 648448 1179936
 6.7 541452 650164 1181652
 6.7 543564 652276 1183632
 6.8 545412 654124 1185612
 6.8 547524 656104 1187592
 6.8 549372 658084 1189572
 6.8 551484 660064 1191552
 6.9 553332 662044 1193532
 6.9 555444 664024 1195512
 6.9 557292 666004 1197492
 6.9 559404 668116 1199604
 7.0 561252 669964 1201452
 7.0 563364 672076 1203564
 7.0 565476 674056 1205544
 7.0 567324 676036 1207524
 7.1 569436 678016 1209504
 7.1 571548 680128 1211616
 7.1 573396 682108 1213596
 7.1 575508 684088 1215576
 7.2 577356 686068 1217556
 7.2 579468 688048 1219536
 7.2 581316 690028 1221516
 7.2 583428 692008 1223496
 7.3 585540 694120 1225608
 7.3 587388 695968 1227456
 7.3 589500 698080 1229568
 7.3 591348 700060 1231548
 7.4 593196 701776 1233264
 7.4 595308 703888 1235376
 7.4 597156 705868 1237356
 7.4 599268 707848 1239336
 7.5 601116 709828 1241316
 7.5 603228 711808 1243296
 7.5 605076 713788 1245276
 7.5 607188 715768 1247256
 7.6 609036 717748 1249236
 7.6 611148 719728 1251216
 7.6 612996 721708 1253196
 7.6 615108 723688 1255176
 7.7 616956 725668 1257156
 7.7 618804 727516 1259004
 7.9 632004 740716 1337608
 8.0 645996 754740 1351600
 8.1 647844 756588 1353448
 8.1 649428 758320 1355164
 8.1 651012 759940 1356748
 8.1 652596 761524 1358332
 8.1 653916 762844 1359652
 8.1 655500 764348 1361104
 8.2 656820 765800 1362556
 8.2 658404 767252 1364008
 8.2 659988 768968 1365724
 8.2 661836 770684 1367440
 8.2 663156 772136 1368892
 8.3 665000 773732 1370488
 8.3 666320 775184 1371940
 8.3 667904 776768 1373524
 8.3 670280 779012 1375768
 8.4 671864 780596 1377352
 8.4 673712 782576 1379332
 8.4 675824 784556 1381312
 8.4 677672 786536 1383292
 8.5 679784 788648 1385404
 8.5 681632 790364 1387120
 8.5 683608 792352 1389108
 8.5 685720 794464 1391220
 8.5 687568 796444 1393200
 8.6 689680 798556 1395312
 8.6 691792 800668 1397424
 8.6 693904 802780 1399536
 8.7 696016 804760 1401516
 8.7 697864 806608 1403364
 8.7 699712 808456 1405212
 8.7 701296 810040 1406796
 8.7 703408 812284 1409040
 8.8 705256 814132 1410888
 8.8 707368 816112 1412868
 8.8 709480 818224 1414980
 8.8 711328 820204 1416960
 8.9 713704 822448 1419204
 8.9 715816 824560 1421316
 8.9 717664 826540 1423296
 8.9 719512 828388 1425144
 9.0 721888 830632 1427388
 9.0 724172 832896 1429648
 9.0 726020 834748 1431496
 9.1 728132 836736 1433476
 9.1 729716 838452 1435192
 9.1 731564 840304 1437040
 9.1 733676 842420 1439152
 9.1 735524 844140 1440868
 9.2 737372 846124 1442848
 9.2 739748 848504 1445224
 9.2 741596 850356 1447072
 9.3 743972 852604 1449316
 9.3 746084 854852 1451560
 9.3 748196 856968 1453672
 9.3 749384 857896 1454596
 9.3 749388 857900 1454596
 9.3 749388 857904 1454596
 9.3 749388 857908 1454596
 9.3 749388 857912 1454596
 9.3 749388 857916 1454596
 9.3 749388 857920 1454596
 9.3 749388 857920 1454596
 9.3 749388 857924 1454596
 9.3 749388 857928 1454596
 9.6 769824 871116 1530204
 9.6 771548 871272 1530204
 9.6 771548 871444 1530204
 9.6 772052 871604 1530204
 9.6 772556 871792 1530204
 9.6 772556 871932 1530204
 9.6 773180 872128 1530204
 9.6 773744 872336 1530204
 9.6 774308 872512 1530204
 9.6 774308 872708 1530204
 9.6 774872 872904 1530204
 9.6 775496 873112 1530204
 9.6 773580 873160 1530204
 9.6 774324 873160 1530204
 9.6 774888 873160 1530204
 9.6 775452 873160 1530204
 9.6 775452 873160 1530204
 9.7 776016 873160 1530204
 9.7 776640 873160 1530204
 9.7 776640 873160 1530204
 9.7 776640 873160 1530204
 9.7 776640 873160 1530204
 9.7 776640 873160 1530204
 9.7 776640 873160 1530204
 9.7 776640 873160 1530204
 9.7 778704 873160 1530204
 9.7 778704 873160 1530204
 9.7 779268 873160 1530204
 9.7 779268 873160 1530204
 9.7 779268 873160 1530204
 9.7 779268 873160 1530204
 9.7 779268 873160 1530204
 9.7 779268 873160 1530204
 9.7 779268 873160 1530204
 9.7 779268 873160 1530204
 9.7 779268 873160 1530204
 9.7 781752 873160 1530204
 9.7 782436 873160 1530204
 9.7 783000 873320 1530204
 9.7 783564 873504 1530204
 9.7 783564 873700 1530204
 9.8 784128 873900 1530204
 9.8 784752 874084 1530204
 9.8 784752 874096 1530204
 9.8 784752 874096 1530204
 9.8 784752 874096 1530204
 9.8 784752 874096 1530204
 9.8 784752 874096 1530204
 9.8 784752 874096 1530204
 9.7 782944 874096 1530204
 9.8 785128 874096 1530204
 9.8 785128 874096 1530204
 9.8 785128 874096 1530204
 9.8 785128 874096 1530204
 9.8 785128 874096 1530204
 9.8 785128 874096 1530204
 9.8 786772 874096 1530204
 9.8 786772 874096 1530204
 9.8 786772 874096 1530204
 9.8 786772 874096 1530204
 9.8 786772 874096 1530204
 9.8 788356 874096 1530204
 9.8 788356 874096 1530204
 9.8 788356 874096 1530204
 9.8 788356 874096 1530204
 9.8 788356 874096 1530204
 9.8 789760 874096 1530204
 9.8 790324 874096 1530204
 9.8 790888 874096 1530204
 9.8 790888 874096 1530204
 9.8 791452 874096 1530204
 9.9 792076 874096 1530204
 9.9 792640 874096 1530204
 9.8 789776 874108 1530204
 9.8 790520 874108 1530204
 9.8 790520 874108 1530204
 9.8 791084 874108 1530204
 9.9 791648 874108 1530204
 9.9 792272 874108 1530204
 9.8 791320 874108 1530204
 9.9 792064 874108 1530204
 9.9 792064 874108 1530204
 9.9 792628 874108 1530204
 9.9 793192 874108 1530204
 9.9 793756 874108 1530204
 9.9 794380 874108 1530204
 9.9 794380 874108 1530204
 9.9 794944 874108 1530204
 9.9 793864 874108 1530204
 9.9 793864 874108 1530204
 9.9 794608 874108 1530204
 9.9 795172 874108 1530204
 9.9 795796 874108 1530204
 9.9 795796 874108 1530204
 9.9 796360 874108 1530204
 9.9 796924 874108 1530204
 9.9 797488 874108 1530204
 9.9 798112 874108 1530204
 9.9 798112 874108 1530204
 9.9 798676 874108 1530204
 9.9 799240 874108 1530204
10.0 799804 874108 1530204
10.0 800428 874108 1530204
10.0 800428 874108 1530204
10.0 800992 874244 1530204
10.0 801556 874372 1530204
10.0 801556 874500 1530204
10.0 802120 874628 1530204
10.0 802120 874756 1530204
10.0 802744 874872 1530204
10.0 802744 874988 1530204
10.0 803308 875124 1530204
10.0 803308 875264 1530204
10.0 799836 875332 1530204
10.0 799836 875332 1530204
10.0 800520 875332 1530204
10.0 801084 875332 1530204
10.0 801084 875332 1530204
10.0 801708 875332 1530204
10.0 801708 875332 1530204
10.0 802272 875332 1530204
10.0 802836 875332 1530204
10.0 803400 875332 1530204
10.0 801860 875332 1530204
10.0 801860 875332 1530204
10.0 802604 875332 1530204
10.0 803228 875332 1530204
10.0 803228 875332 1530204
10.0 803792 875332 1530204
10.0 803792 875332 1530204
10.0 804356 875332 1530204
10.0 804356 875332 1530204
10.0 804920 875332 1530204
10.0 805544 875332 1530204
10.0 805544 875332 1530204
10.0 806108 875332 1530204
10.0 806108 875332 1530204
10.0 806672 875332 1530204
10.0 806672 875332 1530204
10.0 807236 875332 1530204
10.0 807236 875332 1530204
10.1 807860 875332 1530204
10.1 808424 875332 1530204
10.1 808988 875332 1530204
10.1 809552 875332 1530204
10.1 809552 875332 1530204
10.1 810176 875332 1530204
10.1 810740 875332 1530204
10.1 811304 875332 1530204
10.0 807288 875332 1530204
10.1 808032 875332 1530204
10.1 808656 875332 1530204
10.1 808656 875332 1530204
10.1 809220 875332 1530204
10.1 809784 875332 1530204
10.1 810348 875332 1530204
10.1 810972 875332 1530204
10.1 811536 875332 1530204
10.1 812100 875332 1530204
10.1 812100 875332 1530204
10.1 812100 875332 1530204
10.1 812100 875332 1530204
10.1 812100 875332 1530204
10.1 812100 875332 1530204
10.1 812100 875332 1530204
10.1 812100 875332 1530204
10.1 812100 875332 1530204
10.1 812100 875332 1530204
10.1 812100 875332 1530204
10.1 814824 875332 1530204
10.1 815568 875332 1530204
10.1 815568 875332 1530204
10.2 816132 875332 1530204
10.2 816696 875332 1530204
10.2 817320 875332 1530204
10.2 817884 875332 1530204
10.2 817884 875332 1530204
10.2 818448 875332 1530204
10.2 819012 875332 1530204
10.2 819636 875332 1530204
10.2 820200 875332 1530204
10.2 820200 875460 1530204
10.2 820764 875660 1530204
10.2 816308 875692 1530204
10.2 817052 875692 1530204
10.2 817676 875692 1530204
10.2 818240 875692 1530204
10.2 818864 875692 1530204
10.2 818864 875692 1530204
10.2 819428 875692 1530204
10.2 819992 875692 1530204
10.2 820556 875692 1530204
10.2 821180 875692 1530204
10.2 821180 875692 1530204
10.2 821180 875692 1530204
10.2 821180 875692 1530204
10.2 821180 875692 1530204
10.2 821180 875692 1530204
10.2 821180 875692 1530204
10.2 821180 875692 1530204
10.2 821180 875692 1530204
10.2 821180 875692 1530204
10.2 821180 875692 1530204
10.3 823964 875692 1530204
10.3 824528 875692 1530204
10.3 825092 875692 1530204
10.3 825092 875692 1530204
10.3 825656 875692 1530204
10.3 826280 875692 1530204
10.3 826844 875692 1530204
10.3 826844 875692 1530204
10.3 827408 875692 1530204
10.3 827972 875692 1530204
10.3 828596 875692 1530204
10.3 829160 875692 1530204
10.3 829724 875692 1530204
10.3 827732 875704 1530204
10.3 827732 875704 1530204
10.3 827732 875704 1530204
10.3 827732 875704 1530204
10.3 827732 875704 1530204
10.3 827732 875704 1530204
10.3 827732 875704 1530204
10.3 827732 875704 1530204
10.3 827732 875704 1530204
10.3 827732 875704 1530204
10.3 827732 875704 1530204
10.3 827732 875704 1530204
10.3 827732 875704 1530204
10.3 827732 875704 1530204
10.3 827732 875704 1530204
10.3 827732 875704 1530204
10.4 831896 875704 1530204
10.4 831896 875704 1530204
10.4 831896 875704 1530204
10.4 831896 875704 1530204
10.4 831896 875704 1530204
10.4 833420 875704 1530204
10.4 833984 875704 1530204
10.4 833984 875704 1530204
10.4 834548 875704 1530204
10.4 835172 875704 1530204
10.4 835736 875704 1530204
10.4 836300 875704 1530204
10.4 836300 875704 1530204
10.4 836864 875704 1530204
10.4 837488 875704 1530204
10.4 837488 875704 1530204
10.4 837488 875704 1530204
10.4 837488 875704 1530204
10.4 837488 875704 1530204
10.4 837488 875704 1530204
10.4 837488 875704 1530204
10.4 837488 875704 1530204
10.4 837488 875704 1530204
10.4 837488 875704 1530204
10.4 837488 875704 1530204
10.2 816716 846388 1500884
10.1 814832 813620 1468100
10.1 814832 813620 1468100
10.1 814832 813620 1468100
10.1 814832 813620 1468100
10.1 814832 813620 1468100
10.1 814832 813816 1468296
10.1 814832 813816 1468296
10.1 814832 813816 1468296
10.1 814832 813816 1468296
10.1 814832 813816 1468296
10.1 814832 813948 1468428
10.1 814832 813948 1468428
 9.4 752344 781180 1372964
 9.4 752344 781180 1372964
 9.4 751780 780616 1372400
 9.4 751780 780616 1372400
 9.4 751780 780616 1372400
 9.4 751780 780616 1372400
 9.4 751780 780616 1372400
 9.4 751780 780616 1372400
 9.4 751780 780616 1372400
 9.4 751780 780616 1372400
 9.4 751780 780616 1372400
 9.4 751780 780616 1372400
 9.4 751780 780616 1372400
 9.4 751780 780616 1372400
 9.4 751780 780616 1372400
 9.4 751780 780616 1372400
 9.4 751780 780616 1372400
 9.4 751780 780616 1372400
 9.4 751780 780616 1372400
 9.4 751780 780616 1372400
 9.4 751780 780616 1372400
 9.4 751780 780616 1372400
 9.4 751780 780616 1372400
 9.4 751780 780616 1372400
 9.4 751780 780616 1372400
 9.4 751780 780616 1372400
 9.4 751780 780616 1372400
 9.4 751780 780616 1372400
 9.4 751780 780616 1372400
 0.0     0     0      0
