coretemp-isa-0000
Adapter: ISA adapter
Package id 0:  +71.0°C  (high = +100.0°C, crit = +100.0°C)
Core 0:        +70.0°C  (high = +100.0°C, crit = +100.0°C)
Core 1:        +67.0°C  (high = +100.0°C, crit = +100.0°C)
Core 2:        +69.0°C  (high = +100.0°C, crit = +100.0°C)
Core 3:        +71.0°C  (high = +100.0°C, crit = +100.0°C)

pch_cannonlake-virtual-0
Adapter: Virtual device
temp1:        +56.0°C  

BAT0-acpi-0
Adapter: ACPI interface
in0:          12.60 V  
curr1:       1000.00 uA 

dell_smm-virtual-0
Adapter: Virtual device
fan1:        3237 RPM

radeon-pci-0100
Adapter: PCI adapter
temp1:            N/A  (crit = +120.0°C, hyst = +90.0°C)

acpitz-acpi-0
Adapter: ACPI interface
temp1:        +25.0°C  (crit = +107.0°C)

%CPU %MEM     ELAPSED
 0.7 62712 102792 113792
 0.9 77024 102792 113792
 0.9 77552 102792 113792
 0.9 78080 102792 113792
 0.9 78872 102792 113792
 0.9 79400 102792 113792
 0.9 79400 102792 113792
 0.9 79928 102792 113792
 1.0 80720 102792 113792
 1.0 81776 102792 113792
 1.0 82304 102792 113792
 1.0 83096 102792 113792
 1.0 83096 102792 113792
 1.0 83096 102792 113792
 1.0 83096 102792 113792
 1.0 83096 102792 113792
 1.0 83624 102792 113792
 1.0 84416 102792 113792
 1.0 85472 102792 113792
 1.0 86000 102792 113792
 1.0 87320 102792 113792
 1.0 87848 102792 113792
 1.1 88640 102792 113792
 1.1 89960 102792 113792
 1.1 90488 102792 113792
 1.1 90488 102792 113792
 1.1 90488 102792 113792
 1.1 90488 102792 113792
 1.1 90488 102792 113792
 1.1 90488 102792 113792
 1.1 90488 102792 113792
 1.1 90488 102792 113792
 1.1 90488 102792 113792
 1.1 90488 102792 113792
 1.1 90488 102792 113792
 1.1 90488 102792 113792
 1.1 90752 102792 113792
 1.1 91544 102792 113792
 1.1 92336 102792 113792
 1.1 92600 102792 113792
 1.1 93128 102792 113792
 1.1 94448 102792 113792
 1.1 94448 102792 113792
 1.1 94448 102792 113792
 1.1 94976 102792 113792
 1.1 95768 102792 113792
 1.2 96824 102792 113792
 1.2 98144 102792 113792
 1.2 98144 102792 113792
 1.2 98144 102792 113792
 1.2 98144 102792 113792
 1.2 98144 102792 113792
 1.2 98144 102792 113792
 1.2 98936 102792 113792
 1.2 99992 102792 113792
 1.2 100784 102792 113792
 1.2 102104 102792 113792
 1.2 102896 102792 113792
 1.2 103424 102792 113792
 1.2 103688 102792 113792
 1.3 105536 102792 113792
 1.3 105536 102792 113792
 1.3 105536 102792 113792
 1.3 105536 102792 113792
 1.3 105536 102792 113792
 1.3 105536 102792 113792
 1.3 105536 102792 113792
 1.3 105536 102792 113792
 1.3 105536 102792 113792
 1.3 105536 102792 113792
 1.3 105536 102792 113792
 1.3 105536 102792 113792
 1.3 105536 102792 113792
 1.3 105536 102792 113792
 1.3 105536 102792 113792
 1.3 105536 102792 113792
 1.3 105536 102792 113792
 1.3 105536 102792 113792
 1.3 105536 102792 113792
 1.3 105536 102792 113792
 1.3 105536 102792 113792
 1.3 105536 102792 113792
 1.3 105536 102792 113792
 1.3 105536 102792 113792
 1.3 105536 102792 113792
 1.3 105536 102792 113792
 1.3 105536 102792 113792
 1.3 105536 102792 113792
 1.3 105536 102792 113792
 1.3 105536 102792 113792
 1.3 105536 102792 113792
 1.3 105536 102792 113792
 1.3 105536 102792 113792
 1.3 105536 102792 113792
 1.3 105536 102792 113792
 1.3 105536 102792 113792
 1.3 105536 102792 113792
 1.3 105536 102792 113792
 1.3 105536 102792 113792
 1.3 105536 102792 113792
 1.3 105536 102792 113792
 1.3 105536 102792 113792
 1.3 105536 102792 113792
 1.3 105536 102792 113792
 1.3 105536 102792 113792
 1.3 105536 102792 113792
 1.3 105536 102792 113792
 1.3 105536 102792 113792
 1.3 105536 102792 113792
 1.3 105536 102792 113792
 1.3 105536 102792 113792
 1.3 105536 102792 113792
 1.3 105536 102792 113792
 1.3 105536 102792 113792
 1.3 105536 102792 113792
 1.3 105536 102792 113792
 1.3 105536 102792 113792
 1.3 105536 102792 113792
 1.3 105536 102792 113792
 1.3 105536 102792 113792
 1.3 105536 102792 113792
 1.3 105536 102792 113792
 1.3 105536 102792 113792
 1.3 105536 102792 113792
 1.3 105536 102792 113792
 1.3 105536 102792 113792
 1.3 105536 102792 113792
 1.3 105536 102792 113792
 1.3 105536 102792 113792
 1.3 105536 102792 113792
 1.3 105536 102792 113792
 1.3 105536 102792 113792
 1.3 105536 102792 113792
 1.3 105536 102792 113792
 1.3 105536 102792 113792
 1.3 105536 102792 113792
 1.3 105536 102792 113792
 1.3 105536 102792 113792
 1.3 105536 102792 113792
 1.3 105536 102792 113792
 1.3 105536 102792 113792
 1.3 105536 102792 113792
 1.3 105536 102792 113792
 1.3 105536 102792 113792
 1.3 105536 102792 113792
 1.3 105536 102792 113792
 1.3 105536 102792 113792
 1.3 105536 102792 113792
 1.3 105536 102792 113792
 1.3 105536 102792 113792
 1.3 105536 102792 113792
 1.3 105536 102792 113792
 1.3 105536 102792 113792
 1.3 105536 102792 113792
 1.3 105536 102792 113792
 1.3 105536 102792 113792
 1.3 105536 102792 113792
 1.3 105536 102792 113792
 1.3 105536 102792 113792
 1.3 105536 102792 113792
 1.3 105536 102792 113792
 1.3 105536 102792 113792
 1.3 105536 102792 113792
 1.3 105536 102792 113792
 1.3 105536 102792 113792
 1.3 105536 102792 113792
 1.3 105536 102792 113792
 1.3 105536 102792 113792
 1.3 105536 102792 113792
 1.3 105536 102792 113792
 1.3 105536 102792 113792
 1.3 105536 102792 113792
 1.3 105536 102792 113792
 1.3 105536 102792 113792
 1.3 105536 102792 113792
 1.3 105536 102792 113792
 1.3 105536 102792 113792
 1.3 105536 102792 113792
 1.3 105536 102792 113792
 1.3 105536 102792 113792
 1.3 105536 102792 113792
 1.3 105536 102792 113792
 1.3 105536 102792 113792
 1.3 105536 102792 113792
 1.3 105536 102792 113792
 1.3 105536 102792 113792
 1.3 105536 102792 113792
 1.3 105536 102792 113792
 1.3 105536 102792 113792
 1.3 105536 102792 113792
 1.3 105536 102792 113792
 1.3 105536 102792 113792
 1.3 105536 102792 113792
 1.3 105536 102792 113792
 1.3 105536 102792 113792
 1.3 105536 102792 113792
 1.3 105536 102792 113792
 1.3 105536 102792 113792
 1.3 105536 102792 113792
 1.3 105536 102792 113792
 1.3 105536 102792 113792
 1.3 105536 102792 113792
 1.3 105536 102792 113792
 1.3 105536 102792 113792
 1.3 105536 102792 113792
 1.3 105536 102792 113792
 1.3 105536 102792 113792
 1.3 105536 102792 113792
 1.3 105536 102792 113792
 1.3 105536 102792 113792
 1.3 105536 102792 113792
 1.3 105536 102792 113792
 1.3 105536 102792 113792
 1.3 105536 102792 113792
 1.3 105536 102792 113792
 1.3 105536 102792 113792
 1.3 105536 102792 113792
 1.3 105536 102792 113792
 1.3 105536 102792 113792
 1.3 105536 102792 113792
 1.3 105536 102792 113792
 1.3 105536 102792 113792
 1.3 105536 102792 113792
 1.3 105536 102792 113792
 1.3 105536 102792 113792
 1.3 105536 102792 113792
 1.3 105536 102792 113792
 1.3 105536 102792 113792
 1.3 105536 102792 113792
 1.3 105536 102792 113792
 1.3 105536 102792 113792
 1.3 105536 102792 113792
 1.3 105536 102792 113792
 1.3 105536 102792 113792
 1.3 105536 102792 113792
 1.3 105536 102792 113792
 1.3 105536 102792 113792
 1.3 105536 102792 113792
 1.3 105536 102792 113792
 1.3 105536 102792 113792
 1.3 105536 102792 113792
 1.3 105536 102792 113792
 1.3 105536 102792 113792
 1.3 105536 102792 113792
 1.3 105536 102792 113792
 1.3 105536 102792 113792
 1.3 105536 102792 113792
 1.3 105536 102792 113792
 1.3 105536 102792 113792
 1.3 105536 102792 113792
 1.3 105536 102792 113792
 1.3 105536 102792 113792
 1.3 105536 102792 113792
 1.3 105536 102792 113792
 1.3 105536 102792 113792
 1.3 105536 102792 113792
 1.3 105536 102792 113792
 1.3 105536 102792 113792
 1.3 105536 102792 113792
 1.3 105536 102792 113792
 1.3 105536 102792 113792
 1.3 105536 102792 113792
 1.3 105536 102792 113792
 1.3 105536 102792 113792
 1.3 105536 102792 113792
 1.3 105536 102792 113792
 1.3 105536 102792 113792
 1.3 105536 102792 113792
 1.3 105536 102792 113792
 1.3 105536 102792 113792
 1.3 105536 102792 113792
 1.3 105536 102792 113792
 1.3 105536 102792 113792
 1.3 105536 102792 113792
 1.3 105536 102792 113792
 1.3 105536 102792 113792
 1.3 105536 102792 113792
 1.3 105536 102792 113792
 1.3 105536 102792 113792
 1.3 105536 102792 113792
 1.3 105536 102792 113792
 1.3 105536 102792 113792
 1.3 105536 102792 113792
 1.3 105536 102792 113792
 1.3 105536 102792 113792
 1.3 105536 102792 113792
 1.3 105536 102792 113792
 1.3 105536 102792 113792
 1.3 105536 102792 113792
 1.3 105536 102792 113792
 1.3 105536 102792 113792
 1.3 105536 102792 113792
 1.3 105536 102792 113792
 1.3 105536 102792 113792
 1.3 105536 102792 113792
 1.3 105536 102792 113792
 1.3 105536 102792 113792
 1.3 105536 102792 113792
 1.3 105536 102792 113792
 1.3 105536 102792 113792
 1.3 105536 102792 113792
 1.3 105536 102792 113792
 1.3 105536 102792 113792
 1.3 105536 102792 113792
 1.3 105536 102792 113792
 1.3 105536 102792 113792
 1.3 105536 102792 113792
 1.3 105536 102792 113792
 1.3 105536 102792 113792
 1.3 105536 102792 113792
 1.3 105536 102792 113792
 1.3 105536 102792 113792
 1.3 105536 102792 113792
 1.3 105536 102792 113792
 1.3 105536 102792 113792
 1.3 105536 102792 113792
 1.3 105536 102792 113792
 1.3 105536 102792 113792
 1.3 105536 102792 113792
 1.3 105536 102792 113792
 1.3 105536 102792 113792
 1.3 105536 102792 113792
 1.3 105536 102792 113792
 1.3 105536 102792 113792
 1.3 105536 102792 113792
 1.3 105536 102792 113792
 1.3 105536 102792 113792
 1.3 105536 102792 113792
 1.3 105536 102792 113792
 1.3 105536 102792 113792
 1.3 105536 102792 113792
 1.3 105536 102792 113792
 1.3 105536 102792 113792
 1.3 105536 102792 113792
 1.3 105536 102792 113792
 1.3 105536 102792 113792
 1.3 105536 102792 113792
 1.3 105536 102792 113792
 1.3 105536 102792 113792
 1.3 105536 102792 113792
 1.3 105536 102792 113792
 1.3 105536 102792 113792
 1.3 105536 102792 113792
 1.3 105536 102792 113792
 1.3 105536 102792 113792
 1.3 105536 102792 113792
 1.3 105536 102792 113792
 1.3 105536 102792 113792
 1.3 105536 102792 113792
 1.3 105536 102792 113792
 1.3 105536 102792 113792
 1.3 105536 102792 113792
 1.3 105536 102792 113792
 1.3 105536 102792 113792
 1.3 105536 102792 113792
 1.3 105536 102792 113792
 1.3 105536 102792 113792
 1.3 105536 102792 113792
 1.3 105536 102792 113792
 1.3 105536 102792 113792
 1.3 105536 102792 113792
 1.3 105536 102792 113792
 1.3 105536 102792 113792
 1.3 105536 102792 113792
 1.3 105536 102792 113792
 1.3 105536 102792 113792
 1.3 105536 102792 113792
 1.3 105536 102792 113792
 1.3 105536 102792 113792
 1.3 105536 102792 113792
 1.3 105536 102792 113792
 1.3 105536 102792 113792
 1.3 105536 102792 113792
 1.3 105536 102792 113792
 1.3 105536 102792 113792
 1.3 105536 102792 113792
 1.3 105536 102792 113792
 1.3 105536 102792 113792
 1.3 105536 102792 113792
 1.3 105536 102792 113792
 1.3 105536 102792 113792
 1.3 105536 102792 113792
 1.3 105536 102792 113792
 1.3 105536 102792 113792
 1.3 105536 102792 113792
 1.3 105536 102792 113792
 1.3 105536 102792 113792
 1.3 105536 102792 113792
 1.3 105536 102792 113792
 1.3 105536 102792 113792
 1.3 105536 102792 113792
 1.3 105536 102792 113792
 1.3 105536 102792 113792
 1.3 105536 102792 113792
 1.3 105536 102792 113792
 1.3 105536 102792 113792
 1.3 105536 102792 113792
 1.3 105536 102792 113792
 1.3 105536 102792 113792
 1.3 105536 102792 113792
 1.3 105536 102792 113792
 1.3 105536 102792 113792
 1.3 105536 102792 113792
 1.3 105536 102792 113792
 1.3 105536 102792 113792
 1.3 105536 102792 113792
 1.3 105536 102792 113792
 1.3 105536 102792 113792
 1.3 105536 102792 113792
 1.3 105536 102792 113792
 1.3 105536 102792 113792
 1.3 105536 102792 113792
 1.3 105536 102792 113792
 1.3 105536 102792 113792
 1.3 105536 102792 113792
 1.3 105536 102792 113792
 1.3 105536 102792 113792
 1.3 105536 102792 113792
 1.3 105536 102792 113792
 1.3 105536 102792 113792
 1.3 105536 102792 113792
 1.3 105536 102792 113792
 1.3 105536 102792 113792
 1.3 105536 102792 113792
 1.3 105536 102792 113792
 1.3 105536 102792 113792
 1.3 105536 102792 113792
 1.3 105536 102792 113792
 1.3 105536 102792 113792
 1.3 105536 102792 113792
 1.3 105536 102792 113792
 1.3 105536 102792 113792
 1.3 105536 102792 113792
 1.3 105536 102792 113792
 1.3 105536 102792 113792
 1.3 105536 102792 113792
 1.3 105536 102792 113792
 1.3 105536 102792 113792
 1.3 105536 102792 113792
 1.3 105536 102792 113792
 1.3 105536 102792 113792
 1.3 105536 102792 113792
 1.3 105536 102792 113792
 1.3 105536 102792 113792
 1.3 105536 102792 113792
 1.3 105536 102792 113792
 1.3 105536 102792 113792
 1.3 105536 102792 113792
 1.3 105536 102792 113792
 1.3 105536 102792 113792
 1.3 105536 102792 113792
 1.3 105536 102792 113792
 1.3 105536 102792 113792
 1.3 105536 102792 113792
 1.3 105536 102792 113792
 1.3 105536 102792 113792
 1.3 105536 102792 113792
 1.3 105536 102792 113792
 1.3 105536 102792 113792
 1.3 105536 102792 113792
 1.3 105536 102792 113792
 1.3 105536 102792 113792
 1.3 105536 102792 113792
 1.3 105536 102792 113792
 1.3 105536 102792 113792
 1.3 105536 102792 113792
 1.3 105536 102792 113792
 1.3 105536 102792 113792
 1.3 105536 102792 113792
 1.3 105536 102792 113792
 1.3 105536 102792 113792
 1.3 105536 102792 113792
 1.3 105536 102792 113792
 1.3 105536 102792 113792
 1.3 105536 102792 113792
 1.3 105536 102792 113792
 1.3 105536 102792 113792
 1.3 105536 102792 113792
 1.3 105536 102792 113792
 1.3 105536 102792 113792
 1.3 105536 102792 113792
 1.3 105536 102792 113792
 1.3 105536 102792 113792
 1.3 105536 102792 113792
 1.3 105536 102792 113792
 1.3 105536 102792 113792
 1.3 105536 102792 113792
 1.3 105536 102792 113792
 1.3 105536 102792 113792
 1.3 105536 102792 113792
 1.3 105536 102792 113792
 1.3 105536 102792 113792
 1.3 105536 102792 113792
 1.3 105536 102792 113792
 1.3 105536 102792 113792
 1.3 105536 102792 113792
 1.3 105536 102792 113792
 1.3 105536 102792 113792
 1.3 105536 102792 113792
 1.3 105536 102792 113792
 1.3 105536 102792 113792
 1.3 105536 102792 113792
 1.3 105536 102792 113792
 1.3 105536 102792 113792
 1.3 105536 102792 113792
 1.3 105536 102792 113792
 1.3 105536 102792 113792
 1.3 105536 102792 113792
 1.3 105536 102792 113792
 1.3 105536 102792 113792
 1.3 105536 102792 113792
 1.3 105536 102792 113792
 1.3 105536 102792 113792
 1.3 105536 102792 113792
 1.3 105536 102792 113792
 1.3 105536 102792 113792
 1.3 105536 102792 113792
 1.3 105536 102792 113792
 1.3 105536 102792 113792
 1.3 105536 102792 113792
 1.3 105536 102792 113792
 1.3 105536 102792 113792
 1.3 105536 102792 113792
 1.3 105536 102792 113792
 1.3 105536 102792 113792
 1.3 105536 102792 113792
 1.3 105536 102792 113792
 1.3 105536 102792 113792
 1.3 105536 102792 113792
 1.3 105536 102792 113792
 1.3 105536 102792 113792
 1.3 105536 102792 113792
 1.3 105536 102792 113792
 1.3 105536 102792 113792
 1.3 105536 102792 113792
 1.3 105536 102792 113792
 1.3 105536 102792 113792
 1.3 105536 102792 113792
 1.3 105536 102792 113792
 1.3 105536 102792 113792
 1.3 105536 102792 113792
 1.3 105536 102792 113792
 1.3 105536 102792 113792
 1.3 105536 102792 113792
 1.3 105536 102792 113792
 1.3 105536 102792 113792
 1.3 105536 102792 113792
 1.3 105536 102792 113792
 1.3 105536 102792 113792
 1.3 105536 102792 113792
 1.3 105536 102792 113792
 1.3 105536 102792 113792
 1.3 105536 102792 113792
 1.3 105536 102792 113792
 1.3 105536 102792 113792
 1.3 105536 102792 113792
 1.3 105536 102792 113792
 1.3 105536 102792 113792
 1.3 105536 102792 113792
 1.3 105536 102792 113792
 1.3 105536 102792 113792
 1.3 105536 102792 113792
 1.3 105536 102792 113792
 1.3 105536 102792 113792
 1.3 105536 102792 113792
 1.3 105536 102792 113792
 1.3 105536 102792 113792
 1.3 105536 102792 113792
 1.3 105536 102792 113792
 1.3 105536 102792 113792
 1.3 105536 102792 113792
 1.3 105536 102792 113792
 1.3 105536 102792 113792
 1.3 105536 102792 113792
 1.3 105536 102792 113792
 1.3 105536 102792 113792
 1.3 105536 102792 113792
 1.3 105536 102792 113792
 1.3 105536 102792 113792
 1.3 105536 102792 113792
 1.3 105536 102792 113792
 1.3 105536 102792 113792
 1.3 105536 102792 113792
 1.3 105536 102792 113792
 1.3 105536 102792 113792
 1.3 105536 102792 113792
 1.3 105536 102792 113792
 1.3 105536 102792 113792
 1.3 105536 102792 113792
 1.3 105536 102792 113792
 1.3 105536 102792 113792
 1.3 105536 102792 113792
 1.3 105536 102792 113792
 1.3 105536 102792 113792
 1.3 105536 102792 113792
 1.3 105536 102792 113792
 1.3 105536 102792 113792
 1.3 105536 102792 113792
 1.3 105536 102792 113792
 1.3 105536 102792 113792
 1.3 105536 102792 113792
 1.3 105536 102792 113792
 1.3 105536 102792 113792
 1.3 105536 102792 113792
 1.3 105536 102792 113792
 1.3 105536 102792 113792
 1.3 105536 102792 113792
 1.3 105536 102792 113792
 1.3 105536 102792 113792
 1.3 105536 102792 113792
 1.3 105536 102792 113792
 1.3 105536 102792 113792
 1.3 105536 102792 113792
 1.3 105536 102792 113792
 1.3 105536 102792 113792
 1.3 105536 102792 113792
 1.3 105536 102792 113792
 1.3 105536 102792 113792
 1.3 105536 102792 113792
 1.3 105536 102792 113792
 1.3 105536 102792 113792
 1.3 105536 102792 113792
 1.3 105536 102792 113792
 1.3 105536 102792 113792
 1.3 105536 102792 113792
 1.3 105536 102792 113792
 1.3 105536 102792 113792
 1.3 105536 102792 113792
 1.3 105536 102792 113792
 1.3 105536 102792 113792
 1.3 105536 102792 113792
 1.3 105536 102792 113792
 1.3 105536 102792 113792
 1.3 105536 102792 113792
 1.3 105536 102792 113792
 1.3 105536 102792 113792
 1.3 105536 102792 113792
 1.3 105536 102792 113792
 1.3 105536 102792 113792
 1.3 105536 102792 113792
 1.3 105536 102792 113792
 1.3 105536 102792 113792
 1.3 105536 102792 113792
 1.3 105536 102792 113792
 1.3 105536 102792 113792
 1.3 105536 102792 113792
 1.3 105536 102792 113792
 1.3 105536 102792 113792
 1.3 105536 102792 113792
 1.3 105536 102792 113792
 1.3 105536 102792 113792
 1.3 105536 102792 113792
 1.3 105536 102792 113792
 1.3 105536 102792 113792
 1.3 105536 102792 113792
 1.3 105536 102792 113792
 1.3 105536 102792 113792
 1.3 105536 102792 113792
 1.3 105536 102792 113792
 1.3 105536 102792 113792
 1.3 105536 102792 113792
 1.3 105536 102792 113792
 1.3 105536 102792 113792
 1.3 105536 102792 113792
 1.3 105536 102792 113792
 1.3 105536 102792 113792
 1.3 105536 102792 113792
 1.3 105536 102792 113792
 1.3 105536 102792 113792
 1.3 105536 102792 113792
 1.3 105536 102792 113792
 1.3 105536 102792 113792
 1.3 105536 102792 113792
 1.3 105536 102792 113792
 1.3 105536 102792 113792
 1.3 105536 102792 113792
 1.3 105536 102792 113792
 1.3 105536 102792 113792
 1.3 105536 102792 113792
 1.3 105536 102792 113792
 1.3 105536 102792 113792
 1.3 105536 102792 113792
 1.3 105536 102792 113792
 1.3 105536 102792 113792
 1.3 105536 102792 113792
 1.3 105536 102792 113792
 1.3 105536 102792 113792
 1.3 105536 102792 113792
 1.3 105536 102792 113792
 1.3 105536 102792 113792
 1.3 105536 102792 113792
 1.3 105536 102792 113792
 1.3 105536 102792 113792
 1.3 105536 102792 113792
 1.3 105536 102792 113792
 1.3 105536 102792 113792
 1.3 105536 102792 113792
 1.3 105536 102792 113792
 1.3 105536 102792 113792
 1.3 105536 102792 113792
 1.3 105536 102792 113792
 1.3 105536 102792 113792
 1.3 105536 102792 113792
 1.3 105536 102792 113792
 1.3 105536 102792 113792
 1.3 105536 102792 113792
 1.3 105536 102792 113792
 1.3 105536 102792 113792
 1.3 105536 102792 113792
 1.3 105536 102792 113792
 1.3 105536 102792 113792
 1.3 105536 102792 113792
 1.3 105536 102792 113792
 1.3 105536 102792 113792
 1.3 105536 102792 113792
 1.3 105536 102792 113792
 1.3 105536 102792 113792
 1.3 105536 102792 113792
 1.3 105536 102792 113792
 1.3 105536 102792 113792
 1.3 105536 102792 113792
 1.3 105536 102792 113792
 1.3 105536 102792 113792
 1.3 105536 102792 113792
 1.3 105536 102792 113792
 1.3 105536 102792 113792
 1.3 105536 102792 113792
 1.3 105536 102792 113792
 1.3 105536 102792 113792
 1.3 105536 102792 113792
 1.3 105536 102792 113792
 1.3 105536 102792 113792
 1.3 105536 102792 113792
 1.3 105536 102792 113792
 1.3 105536 102792 113792
 1.3 105536 102792 113792
 1.3 105536 102792 113792
 1.3 105536 102792 113792
 1.3 105536 102792 113792
 1.3 105536 102792 113792
 1.3 105536 102792 113792
 1.3 105536 102792 113792
 1.3 105536 102792 113792
 1.3 105536 102792 113792
 1.3 105536 102792 113792
 1.3 105536 102792 113792
 1.3 105536 102792 113792
 1.3 105536 102792 113792
 1.3 105536 102792 113792
 1.3 105536 102792 113792
 1.3 105536 102792 113792
 1.3 105536 102792 113792
 1.3 105536 102792 113792
 1.3 105536 102792 113792
 1.3 105536 102792 113792
 1.3 105536 102792 113792
 1.3 105536 102792 113792
 1.3 105536 102792 113792
 1.3 105536 102792 113792
 1.3 105536 102792 113792
 1.3 105536 102792 113792
 1.3 105536 102792 113792
 1.3 105536 102792 113792
 1.3 105536 102792 113792
 1.3 105536 102792 113792
 1.3 105536 102792 113792
 1.3 105536 102792 113792
 1.3 105536 102792 113792
 1.3 105536 102792 113792
 1.3 105536 102792 113792
 1.3 105536 102792 113792
 1.3 105536 102792 113792
 1.3 105536 102792 113792
 1.3 105536 102792 113792
 1.3 105536 102792 113792
 1.3 105536 102792 113792
 1.3 105536 102792 113792
 1.3 105536 102792 113792
 1.3 105536 102792 113792
 1.3 105536 102792 113792
 1.3 105536 102792 113792
 1.3 105536 102792 113792
 1.3 105536 102792 113792
 1.3 105536 102792 113792
 1.3 105536 102792 113792
 1.3 105536 102792 113792
 1.3 105536 102792 113792
 1.3 105536 102792 113792
 1.3 105536 102792 113792
 1.3 105536 102792 113792
 1.3 105536 102792 113792
 1.3 105536 102792 113792
 1.3 105536 102792 113792
 1.3 105536 102792 113792
 1.3 105536 102792 113792
 1.3 105536 102792 113792
 1.3 105536 102792 113792
 1.3 105536 102792 113792
 1.3 105536 102792 113792
 1.3 105536 102792 113792
 1.3 105536 102792 113792
 1.3 105536 102792 113792
 1.3 105536 102792 113792
 1.3 105536 102792 113792
 1.3 105536 102792 113792
 1.3 105536 102792 113792
 1.3 105536 102792 113792
 1.3 105536 102792 113792
 1.3 105536 102792 113792
 1.3 105536 102792 113792
 1.3 105536 102792 113792
 1.3 105536 102792 113792
 1.3 105536 102792 113792
 1.3 105536 102792 113792
 1.3 105536 102792 113792
 1.3 105536 102792 113792
 1.3 105536 102792 113792
 1.3 105536 102792 113792
 1.3 105536 102792 113792
 1.3 105536 102792 113792
 1.3 105536 102792 113792
 1.3 105536 102792 113792
 1.3 105536 102792 113792
 1.3 105536 102792 113792
 1.3 105536 102792 113792
 1.3 105536 102792 113792
 1.3 105536 102792 113792
 1.3 105536 102792 113792
 1.3 105536 102792 113792
 1.3 105536 102792 113792
 1.3 105536 102792 113792
 1.3 105536 102792 113792
 1.3 105536 102792 113792
 1.3 105536 102792 113792
 1.3 105536 102792 113792
 1.3 105536 102792 113792
 1.3 105536 102792 113792
 1.3 105536 102792 113792
 1.3 105536 102792 113792
 1.3 105536 102792 113792
 1.3 105536 102792 113792
 1.3 105536 102792 113792
 1.3 105536 102792 113792
 1.3 105536 102792 113792
 1.3 105536 102792 113792
 1.3 105536 102792 113792
 1.3 105536 102792 113792
 1.3 105536 102792 113792
 1.3 105536 102792 113792
 1.3 105536 102792 113792
 1.3 105536 102792 113792
 1.3 105536 102792 113792
 1.3 105536 102792 113792
 1.3 105536 102792 113792
 1.3 105536 102792 113792
 1.3 105536 102792 113792
 1.3 105536 102792 113792
 1.3 105536 102792 113792
 1.3 105536 102792 113792
 1.3 105536 102792 113792
 1.3 105536 102792 113792
 1.3 105536 102792 113792
 1.3 105536 102792 113792
 1.3 105536 102792 113792
 1.3 105536 102792 113792
 1.3 105536 102792 113792
 1.3 105536 102792 113792
 1.3 105536 102792 113792
 1.3 105536 102792 113792
 1.3 105536 102792 113792
 1.3 105536 102792 113792
 1.3 105536 102792 113792
 1.3 105536 102792 113792
 1.3 105536 102792 113792
 1.3 105536 102792 113792
 1.3 105536 102792 113792
 1.3 105536 102792 113792
 1.3 105536 102792 113792
 1.3 105536 102792 113792
 1.3 105536 102792 113792
 1.3 105536 102792 113792
 1.3 105536 102792 113792
 1.3 105536 102792 113792
 1.3 105536 102792 113792
 1.3 105536 102792 113792
 1.3 105536 102792 113792
 1.3 105536 102792 113792
 1.3 105536 102792 113792
 1.3 105536 102792 113792
 1.3 105536 102792 113792
 1.3 105536 102792 113792
 1.3 105536 102792 113792
 1.3 105536 102792 113792
 1.3 105536 102792 113792
 1.3 105536 102792 113792
 1.3 105536 102792 113792
 1.3 105536 102792 113792
 1.3 105536 102792 113792
 1.3 105536 102792 113792
 1.3 105536 102792 113792
 1.3 105536 102792 113792
 1.3 105536 102792 113792
 1.3 105536 102792 113792
 1.3 105536 102792 113792
 1.3 105536 102792 113792
 1.3 105536 102792 113792
 1.3 105536 102792 113792
 1.3 105536 102792 113792
 1.3 105536 102792 113792
 1.3 105536 102792 113792
 1.3 105536 102792 113792
 1.3 105536 102792 113792
 1.3 105536 102792 113792
 1.3 105536 102792 113792
 1.3 105536 102792 113792
 1.3 105536 102792 113792
 1.3 105536 102792 113792
 1.3 105536 102792 113792
 1.3 105536 102792 113792
 1.3 105536 102792 113792
 1.3 105536 102792 113792
 1.3 105536 102792 113792
 1.3 105536 102792 113792
 1.3 105536 102792 113792
 1.3 105536 102792 113792
 1.3 105536 102792 113792
 1.3 105536 102792 113792
 1.3 105536 102792 113792
 1.3 105536 102792 113792
 1.3 105536 102792 113792
 1.3 105536 102792 113792
 1.3 105536 102792 113792
 1.3 105536 102792 113792
 1.3 105536 102792 113792
 1.3 105536 102792 113792
 1.3 105536 102792 113792
 1.3 105536 102792 113792
 1.3 105536 102792 113792
 1.3 105536 102792 113792
 1.3 105536 102792 113792
 1.3 105536 102792 113792
 1.3 105536 102792 113792
 1.3 105536 102792 113792
 1.3 105536 102792 113792
 1.3 105536 102792 113792
 1.3 105536 102792 113792
 1.3 105536 102792 113792
 1.3 105536 102792 113792
 1.3 105536 102792 113792
 1.3 105536 102792 113792
 1.3 105536 102792 113792
 1.3 105536 102792 113792
 1.3 105536 102792 113792
 1.3 105536 102792 113792
 1.3 105536 102792 113792
 1.3 105536 102792 113792
 1.3 105536 102792 113792
 1.3 105536 102792 113792
 1.3 105536 102792 113792
 1.3 105536 102792 113792
 1.3 105536 102792 113792
 1.3 105536 102792 113792
 1.3 105536 102792 113792
 1.3 105536 102792 113792
 1.3 105536 102792 113792
 1.3 105536 102792 113792
 1.3 105536 102792 113792
 1.3 105536 102792 113792
 1.3 105536 102792 113792
 1.3 105536 102792 113792
 1.3 105536 102792 113792
 1.3 105536 102792 113792
 1.3 105536 102792 113792
 1.3 105536 102792 113792
 1.3 105536 102792 113792
 1.3 105536 102792 113792
 1.3 105536 102792 113792
 1.3 105536 102792 113792
 1.3 105536 102792 113792
 1.3 105536 102792 113792
 1.3 105536 102792 113792
 1.3 105536 102792 113792
 1.3 105536 102792 113792
 1.3 105536 102792 113792
 1.3 105536 102792 113792
 1.3 105536 102792 113792
 1.3 105536 102792 113792
 1.3 105536 102792 113792
 1.3 105536 102792 113792
 1.3 105536 102792 113792
 1.3 105536 102792 113792
 1.3 105536 102792 113792
 1.3 105536 102792 113792
 1.3 105536 102792 113792
 1.3 105536 102792 113792
 1.3 105536 102792 113792
 1.3 105536 102792 113792
 1.3 105536 102792 113792
 1.3 105536 102792 113792
 1.3 105536 102792 113792
 1.3 105536 102792 113792
 1.3 105536 102792 113792
 1.3 105536 102792 113792
 1.3 105536 102792 113792
 1.3 105536 102792 113792
 1.3 105536 102792 113792
 1.3 105536 102792 113792
 1.3 105536 102792 113792
 1.3 105536 102792 113792
 1.3 105536 102792 113792
 1.3 105536 102792 113792
 1.3 105536 102792 113792
 1.3 105536 102792 113792
 1.3 105536 102792 113792
 1.3 105536 102792 113792
 1.3 105536 102792 113792
 1.3 105536 102792 113792
 1.3 105536 102792 113792
 1.3 105536 102792 113792
 1.3 105536 102792 113792
 1.3 105536 102792 113792
 1.3 105536 102792 113792
 1.3 105536 102792 113792
 1.3 105536 102792 113792
 1.3 105536 102792 113792
 1.3 105536 102792 113792
 1.3 105536 102792 113792
 1.3 105536 102792 113792
 1.3 105536 102792 113792
 1.3 105536 102792 113792
 1.3 105536 102792 113792
 1.3 105536 102792 113792
 1.3 105536 102792 113792
 1.3 105536 102792 113792
 1.3 105536 102792 113792
 1.3 105536 102792 113792
 1.3 105536 102792 113792
 1.3 105536 102792 113792
 1.3 105536 102792 113792
 1.3 105536 102792 113792
 1.3 105536 102792 113792
 1.3 105536 102792 113792
 1.3 105536 102792 113792
 1.3 105536 102792 113792
 1.3 105536 102792 113792
 1.3 105536 102792 113792
 1.3 105536 102792 113792
 1.3 105536 102792 113792
 1.3 105536 102792 113792
 1.3 105536 102792 113792
 1.3 105536 102792 113792
 1.3 105536 102792 113792
 1.3 105536 102792 113792
 1.3 105536 102792 113792
 1.3 105536 102792 113792
 1.3 105536 102792 113792
 1.3 105536 102792 113792
 1.3 105536 102792 113792
 1.3 105536 102792 113792
 1.3 105536 102792 113792
 1.3 105536 102792 113792
 1.3 105536 102792 113792
 1.3 105536 102792 113792
 1.3 105536 102792 113792
 1.3 105536 102792 113792
 1.3 105536 102792 113792
 1.3 105536 102792 113792
 1.3 105536 102792 113792
 1.3 105536 102792 113792
 1.3 105536 102792 113792
 1.3 105536 102792 113792
 1.3 105536 102792 113792
 1.3 105536 102792 113792
 1.3 105536 102792 113792
 1.3 105536 102792 113792
 1.3 105536 102792 113792
 1.3 105536 102792 113792
 1.3 105536 102792 113792
 1.3 105536 102792 113792
 1.3 105536 102792 113792
 1.3 105536 102792 113792
 1.3 105536 102792 113792
 1.3 105536 102792 113792
 1.3 105536 102792 113792
 1.3 105536 102792 113792
 1.3 105536 102792 113792
 1.3 105536 102792 113792
 1.3 105536 102792 113792
 1.3 105536 102792 113792
 1.3 105536 102792 113792
 1.3 105536 102792 113792
 1.3 105536 102792 113792
 1.3 105536 102792 113792
 1.3 105536 102792 113792
 1.3 105536 102792 113792
 1.3 105536 102792 113792
 1.3 105536 102792 113792
 1.3 105536 102792 113792
 1.3 105536 102792 113792
 1.3 105536 102792 113792
 1.3 105536 102792 113792
 1.3 105536 102792 113792
 1.3 105536 102792 113792
 1.3 105536 102792 113792
 1.3 105536 102792 113792
 1.3 105536 102792 113792
 1.3 105536 102792 113792
 1.3 105536 102792 113792
 1.3 105536 102792 113792
 1.3 105536 102792 113792
 1.3 105536 102792 113792
 1.3 105536 102792 113792
 1.3 105536 102792 113792
 1.3 105536 102792 113792
 1.3 105536 102792 113792
 1.3 105536 102792 113792
 1.3 105536 102792 113792
 1.3 105536 102792 113792
 1.3 105536 102792 113792
 1.3 105536 102792 113792
 1.3 105536 102792 113792
 1.3 105536 102792 113792
 1.3 105536 102792 113792
 1.3 105536 102792 113792
 1.3 105536 102792 113792
 1.3 105536 102792 113792
 1.3 105536 102792 113792
 1.3 105536 102792 113792
 1.3 105536 102792 113792
 1.3 105536 102792 113792
 1.3 105536 102792 113792
 1.3 105536 102792 113792
 1.3 105536 102792 113792
 1.3 105536 102792 113792
 1.3 105536 102792 113792
 1.3 105536 102792 113792
 1.3 105536 102792 113792
 1.3 105536 102792 113792
 1.3 105536 102792 113792
 1.3 105536 102792 113792
 1.3 105536 102792 113792
 1.3 105536 102792 113792
 1.3 105536 102792 113792
 1.3 105536 102792 113792
 1.3 105536 102792 113792
 1.3 105536 102792 113792
 1.3 105536 102792 113792
 1.3 105536 102792 113792
 1.3 105536 102792 113792
 1.3 105536 102792 113792
 1.3 105536 102792 113792
 1.3 105536 102792 113792
 1.3 105536 102792 113792
 1.3 105536 102792 113792
 1.3 105536 102792 113792
 1.3 105536 102792 113792
 1.3 105536 102792 113792
 1.3 105536 102792 113792
 1.3 105536 102792 113792
 1.3 105536 102792 113792
 1.3 105536 102792 113792
 1.3 105536 102792 113792
 1.3 105536 102792 113792
 1.3 105536 102792 113792
 1.3 105536 102792 113792
 1.3 105536 102792 113792
 1.3 105536 102792 113792
 1.3 105536 102792 113792
 1.3 105536 102792 113792
 1.3 105536 102792 113792
 1.3 105536 102792 113792
 1.3 105536 102792 113792
 1.3 105536 102792 113792
 1.3 105536 102792 113792
 1.3 105536 102792 113792
 1.3 105536 102792 113792
 1.3 105536 102792 113792
 1.3 105536 102792 113792
 1.3 105536 102792 113792
 1.3 105536 102792 113792
 1.3 105536 102792 113792
 1.3 105536 102792 113792
 1.3 105536 102792 113792
 1.3 105536 102792 113792
 1.3 105536 102792 113792
 1.3 105536 102792 113792
 1.3 105536 102792 113792
 1.3 105536 102792 113792
 1.3 105536 102792 113792
 1.3 105536 102792 113792
 1.3 105536 102792 113792
 1.3 105536 102792 113792
 1.3 105536 102792 113792
 1.3 105536 102792 113792
 1.3 105536 102792 113792
 1.3 105536 102792 113792
 1.3 105536 102792 113792
 1.3 105536 102792 113792
 1.3 105536 102792 113792
 1.3 105536 102792 113792
 1.3 105536 102792 113792
 1.3 105536 102792 113792
 1.3 105536 102792 113792
 1.3 105536 102792 113792
 1.3 105536 102792 113792
 1.3 105536 102792 113792
 1.3 105536 102792 113792
 1.3 105536 102792 113792
 1.3 105536 102792 113792
 1.3 105536 102792 113792
 1.3 105536 102792 113792
 1.3 105536 102792 113792
 1.3 105536 102792 113792
 1.3 105536 102792 113792
 1.3 105536 102792 113792
 1.3 105536 102792 113792
 1.3 105536 102792 113792
 1.3 105536 102792 113792
 1.3 105536 102792 113792
 1.3 105536 102792 113792
 1.3 105536 102792 113792
 1.3 105536 102792 113792
 1.3 105536 102792 113792
 1.3 105536 102792 113792
 1.3 105536 102792 113792
 1.3 105536 102792 113792
 1.3 105536 102792 113792
 1.3 105536 102792 113792
 1.3 105536 102792 113792
 1.3 105536 102792 113792
 1.3 105536 102792 113792
 1.3 105536 102792 113792
 1.3 105536 102792 113792
 1.3 105536 102792 113792
 1.3 105536 102792 113792
 1.3 105536 102792 113792
 1.3 105536 102792 113792
 1.3 105536 102792 113792
 1.3 105536 102792 113792
 1.3 105536 102792 113792
 1.3 105536 102792 113792
 1.3 105536 102792 113792
 1.3 105536 102792 113792
 1.3 105536 102792 113792
 1.3 105536 102792 113792
 1.3 105536 102792 113792
 1.3 105536 102792 113792
 1.3 105536 102792 113792
 1.3 105536 102792 113792
 1.3 105536 102792 113792
 1.3 105536 102792 113792
 1.3 105536 102792 113792
 1.3 105536 102792 113792
 1.3 105536 102792 113792
 1.3 105536 102792 113792
 1.3 105536 102792 113792
 1.3 105536 102792 113792
 1.3 105536 102792 113792
 1.3 105536 102792 113792
 1.3 105536 102792 113792
 1.3 105536 102792 113792
 1.3 105536 102792 113792
 1.3 105536 102792 113792
 1.3 105536 102792 113792
 1.3 105536 102792 113792
 1.3 105536 102792 113792
 1.3 105536 102792 113792
 1.3 105536 102792 113792
 1.3 105536 102792 113792
 1.3 105536 102792 113792
 1.3 105536 102792 113792
 1.3 105536 102792 113792
 1.3 105536 102792 113792
 1.3 105536 102792 113792
 1.3 105536 102792 113792
 1.3 105536 102792 113792
 1.3 105536 102792 113792
 1.3 105536 102792 113792
 1.3 105536 102792 113792
 1.3 105536 102792 113792
 1.3 105536 102792 113792
 1.3 105536 102792 113792
 1.3 105536 102792 113792
 1.3 105536 102792 113792
 1.3 105536 102792 113792
 1.3 105536 102792 113792
 1.3 105536 102792 113792
 1.3 105536 102792 113792
 1.3 105536 102792 113792
 1.3 105536 102792 113792
 1.3 105536 102792 113792
 1.3 105536 102792 113792
 1.3 105536 102792 113792
 1.3 105536 102792 113792
 1.3 105536 102792 113792
 1.3 105536 102792 113792
 1.3 105536 102792 113792
 1.3 105536 102792 113792
 1.3 105536 102792 113792
 1.3 105536 102792 113792
 1.3 105536 102792 113792
 1.3 105536 102792 113792
 1.3 105536 102792 113792
 1.3 105536 102792 113792
 1.3 105536 102792 113792
 1.3 105536 102792 113792
 1.3 105536 102792 113792
 1.3 105536 102792 113792
 1.3 105536 102792 113792
 1.3 105536 102792 113792
 1.3 105536 102792 113792
 1.3 105536 102792 113792
 1.3 105536 102792 113792
 1.3 105536 102792 113792
 1.3 105536 102792 113792
 1.3 105536 102792 113792
 1.3 105536 102792 113792
 1.3 105536 102792 113792
 1.3 105536 102792 113792
 1.3 105536 102792 113792
 1.3 105536 102792 113792
 1.3 105536 102792 113792
 1.3 105536 102792 113792
 1.3 105536 102792 113792
 1.3 105536 102792 113792
 1.3 105536 102792 113792
 1.3 105536 102792 113792
 1.3 105536 102792 113792
 1.3 105536 102792 113792
 1.3 105536 102792 113792
 1.3 105536 102792 113792
 1.3 105536 102792 113792
 1.3 105536 102792 113792
 1.3 105536 102792 113792
 1.3 105536 102792 113792
 1.3 105536 102792 113792
 1.3 105536 102792 113792
 1.3 105536 102792 113792
 1.3 105536 102792 113792
 1.3 105536 102792 113792
 1.3 105536 102792 113792
 1.3 105536 102792 113792
 1.3 105536 102792 113792
 1.3 105536 102792 113792
 1.3 105536 102792 113792
 1.3 105536 102792 113792
 1.3 105536 102792 113792
 1.3 105536 102792 113792
 1.3 105536 102792 113792
 1.3 105536 102792 113792
 1.3 105536 102792 113792
 1.3 105536 102792 113792
 1.3 105536 102792 113792
 1.3 105536 102792 113792
 1.3 105536 102792 113792
 1.3 105536 102792 113792
 1.3 105536 102792 113792
 1.3 105536 102792 113792
 1.3 105536 102792 113792
 1.3 105536 102792 113792
 1.3 105536 102792 113792
 1.3 105536 102792 113792
 1.3 105536 102792 113792
 1.3 105536 102792 113792
 1.3 105536 102792 113792
 1.3 105536 102792 113792
 1.3 105536 102792 113792
 1.3 105536 102792 113792
 1.3 105536 102792 113792
 1.3 105536 102792 113792
 1.3 105536 102792 113792
 1.3 105536 102792 113792
 1.3 105536 102792 113792
 1.3 105536 102792 113792
 1.3 105536 102792 113792
 1.3 105536 102792 113792
 1.3 105536 102792 113792
 1.3 105536 102792 113792
 1.3 105536 102792 113792
 1.3 105536 102792 113792
 1.3 105536 102792 113792
 1.3 105536 102792 113792
 1.3 105536 102792 113792
 1.3 105536 102792 113792
 1.3 105536 102792 113792
 1.3 105536 102792 113792
 1.3 105536 102792 113792
 1.3 105536 102792 113792
 1.3 105536 102792 113792
 1.3 105536 102792 113792
 1.3 105536 102792 113792
 1.3 105536 102792 113792
 1.3 105536 102792 113792
 1.3 105536 102792 113792
 1.3 105536 102792 113792
 1.3 105536 102792 113792
 1.3 105536 102792 113792
 1.3 105536 102792 113792
 1.3 105536 102792 113792
 1.3 105536 102792 113792
 1.3 105536 102792 113792
 1.3 105536 102792 113792
 1.3 105536 102792 113792
 1.3 105536 102792 113792
 1.3 105536 102792 113792
 1.3 105536 102792 113792
 1.3 105536 102792 113792
 1.3 105536 102792 113792
 1.3 105536 102792 113792
 1.3 105536 102792 113792
 1.3 105536 102792 113792
 1.3 105536 102792 113792
 1.3 105536 102792 113792
 1.3 105536 102792 113792
 1.3 105536 102792 113792
 1.3 105536 102792 113792
 1.3 105536 102792 113792
 1.3 105536 102792 113792
 1.3 105536 102792 113792
 1.3 105536 102792 113792
 1.3 105536 102792 113792
 1.3 105536 102792 113792
 1.3 105536 102792 113792
 1.3 105536 102792 113792
 1.3 105536 102792 113792
 1.3 105536 102792 113792
 1.3 105536 102792 113792
 1.3 105536 102792 113792
 1.3 105536 102792 113792
 1.3 105536 102792 113792
 1.3 105536 102792 113792
 1.3 105536 102792 113792
 1.3 105536 102792 113792
 1.3 105536 102792 113792
 1.3 105536 102792 113792
 1.3 105536 102792 113792
 1.3 105536 102792 113792
 1.3 105536 102792 113792
 1.3 105536 102792 113792
 1.3 105536 102792 113792
 1.3 105536 102792 113792
 1.3 105536 102792 113792
 1.3 105536 102792 113792
 1.3 105536 102792 113792
 1.3 105536 102792 113792
 1.3 105536 102792 113792
 1.3 105536 102792 113792
 1.3 105536 102792 113792
 1.3 105536 102792 113792
 1.3 105536 102792 113792
 1.3 105536 102792 113792
 1.3 105536 102792 113792
 1.3 105536 102792 113792
 1.3 105536 102792 113792
 1.3 105536 102792 113792
 1.3 105536 102792 113792
 1.3 105536 102792 113792
 1.3 105536 102792 113792
 1.3 105536 102792 113792
 1.3 105536 102792 113792
 1.3 105536 102792 113792
 1.3 105536 102792 113792
 1.3 105536 102792 113792
 1.3 105536 102792 113792
 1.3 105536 102792 113792
 1.3 105536 102792 113792
 1.3 105536 102792 113792
 1.3 105536 102792 113792
 1.3 105536 102792 113792
 1.3 105536 102792 113792
 1.3 105536 102792 113792
 1.3 105536 102792 113792
 1.3 105536 102792 113792
 1.3 105536 102792 113792
 1.3 105536 102792 113792
 1.3 105536 102792 113792
 1.3 105536 102792 113792
 1.3 105536 102792 113792
 1.3 105536 102792 113792
 1.3 105536 102792 113792
 1.3 105536 102792 113792
 1.3 105536 102792 113792
 1.3 105536 102792 113792
 1.3 105536 102792 113792
 1.3 105536 102792 113792
 1.3 105536 102792 113792
 1.3 105536 102792 113792
 1.3 105536 102792 113792
 1.3 105536 102792 113792
 1.3 105536 102792 113792
 1.3 105536 102792 113792
 1.3 105536 102792 113792
 1.3 105536 102792 113792
 1.3 105536 102792 113792
 1.3 105536 102792 113792
 1.3 105536 102792 113792
 1.3 105536 102792 113792
 1.3 105536 102792 113792
 1.3 105536 102792 113792
 1.3 105536 102792 113792
 1.3 105536 102792 113792
 1.3 105536 102792 113792
 1.3 105536 102792 113792
 1.3 105536 102792 113792
 1.3 105536 102792 113792
 1.3 105536 102792 113792
 1.3 105536 102792 113792
 1.3 105536 102792 113792
 1.3 105536 102792 113792
 1.3 105536 102792 113792
 1.3 105536 102792 113792
 1.3 105536 102792 113792
 1.3 105536 102792 113792
 1.3 105536 102792 113792
 1.3 105536 102792 113792
 1.3 105536 102792 113792
 1.3 105536 102792 113792
 1.3 105536 102792 113792
 1.3 105536 102792 113792
 1.3 105536 102792 113792
 1.3 105536 102792 113792
 1.3 105536 102792 113792
 1.3 105536 102792 113792
 1.3 105536 102792 113792
 1.3 105536 102792 113792
 1.3 105536 102792 113792
 1.3 105536 102792 113792
 1.3 105536 102792 113792
 1.3 105536 102792 113792
 1.3 105536 102792 113792
 1.3 105536 102792 113792
 1.3 105536 102792 113792
 1.3 105536 102792 113792
 1.3 105536 102792 113792
 1.3 105536 102792 113792
 1.3 105536 102792 113792
 1.3 105536 102792 113792
 1.3 105536 102792 113792
 1.3 105536 102792 113792
 1.3 105536 102792 113792
 1.3 105536 102792 113792
 1.3 105536 102792 113792
 1.3 105536 102792 113792
 1.3 105536 102792 113792
 1.3 105536 102792 113792
 1.3 105536 102792 113792
 1.3 105536 102792 113792
 1.3 105536 102792 113792
 1.3 105536 102792 113792
 1.3 105536 102792 113792
 1.3 105536 102792 113792
 1.3 105536 102792 113792
 1.3 105536 102792 113792
 1.3 105536 102792 113792
 1.3 105536 102792 113792
 1.3 105536 102792 113792
 1.3 105536 102792 113792
 1.3 105536 102792 113792
 1.3 105536 102792 113792
 1.3 105536 102792 113792
 1.3 105536 102792 113792
 1.3 105536 102792 113792
 1.3 105536 102792 113792
 1.3 105536 102792 113792
 1.3 105536 102792 113792
 1.3 105536 102792 113792
 1.3 105536 102792 113792
 1.3 105536 102792 113792
 1.3 105536 102792 113792
 1.3 105536 102792 113792
 1.3 105536 102792 113792
 1.3 105536 102792 113792
 1.3 105536 102792 113792
 1.3 105536 102792 113792
 1.3 105536 102792 113792
 1.3 105536 102792 113792
 1.3 105536 102792 113792
 1.3 105536 102792 113792
 1.3 105536 102792 113792
 1.3 105536 102792 113792
 1.3 105536 102792 113792
 1.3 105536 102792 113792
 1.3 105536 102792 113792
 1.3 105536 102792 113792
 1.3 105536 102792 113792
 1.3 105536 102792 113792
 1.3 105536 102792 113792
 1.3 105536 102792 113792
 1.3 105536 102792 113792
 1.3 105536 102792 113792
 1.3 105536 102792 113792
 1.3 105536 102792 113792
 1.3 105536 102792 113792
 1.3 105536 102792 113792
 1.3 105536 102792 113792
 1.3 105536 102792 113792
 1.3 105536 102792 113792
 1.3 105536 102792 113792
 1.3 105536 102792 113792
 1.3 105536 102792 113792
 1.3 105536 102792 113792
 1.3 105536 102792 113792
 1.3 105536 102792 113792
 1.3 105536 102792 113792
 1.3 105536 102792 113792
 1.3 105536 102792 113792
 1.3 105536 102792 113792
 1.3 105536 102792 113792
 1.3 105536 102792 113792
 1.3 105536 102792 113792
 1.3 105536 102792 113792
 1.3 105536 102792 113792
 1.3 105536 102792 113792
 1.3 105536 102792 113792
 1.3 105536 102792 113792
 1.3 105536 102792 113792
 1.3 105536 102792 113792
 1.3 105536 102792 113792
 1.3 105536 102792 113792
 1.3 105536 102792 113792
 1.3 105536 102792 113792
 1.3 105536 102792 113792
 1.3 105536 102792 113792
 1.3 105536 102792 113792
 1.3 105536 102792 113792
 1.3 105536 102792 113792
 1.3 105536 102792 113792
 1.3 105536 102792 113792
 1.3 105536 102792 113792
 1.3 105536 102792 113792
 1.3 105536 102792 113792
 1.3 105536 102792 113792
 1.3 105536 102792 113792
 1.3 105536 102792 113792
 1.3 105536 102792 113792
 1.3 105536 102792 113792
 1.3 105536 102792 113792
 1.3 105536 102792 113792
 1.3 105536 102792 113792
 1.3 105536 102792 113792
 1.3 105536 102792 113792
 1.3 105536 102792 113792
 1.3 105536 102792 113792
 1.3 105536 102792 113792
 1.3 105536 102792 113792
 1.3 105536 102792 113792
 1.3 105536 102792 113792
 1.3 105536 102792 113792
 1.3 105536 102792 113792
 1.3 105536 102792 113792
 1.3 105536 102792 113792
 1.3 105536 102792 113792
 1.3 105536 102792 113792
 1.3 105536 102792 113792
 1.3 105536 102792 113792
 1.3 105536 102792 113792
 1.3 105536 102792 113792
 1.3 105536 102792 113792
 1.3 105536 102792 113792
 1.3 105536 102792 113792
 1.3 105536 102792 113792
 1.3 105536 102792 113792
 1.3 105536 102792 113792
 1.3 105536 102792 113792
 1.3 105536 102792 113792
 1.3 105536 102792 113792
 1.3 105536 102792 113792
 1.3 105536 102792 113792
 1.3 105536 102792 113792
 1.3 105536 102792 113792
 1.3 105536 102792 113792
 1.3 105536 102792 113792
 1.3 105536 102792 113792
 1.3 105536 102792 113792
 1.3 105536 102792 113792
 1.3 105536 102792 113792
 1.3 105536 102792 113792
 1.3 105536 102792 113792
 1.3 105536 102792 113792
 1.3 105536 102792 113792
 1.3 105536 102792 113792
 1.3 105536 102792 113792
 1.3 105536 102792 113792
 1.3 105536 102792 113792
 1.3 105536 102792 113792
 1.3 105536 102792 113792
 1.3 105536 102792 113792
 1.3 105536 102792 113792
 1.3 105536 102792 113792
 1.3 105536 102792 113792
 1.3 105536 102792 113792
 1.3 105536 102792 113792
 1.3 105536 102792 113792
 1.3 105536 102792 113792
 1.3 105536 102792 113792
 1.3 105536 102792 113792
 1.3 105536 102792 113792
 1.3 105536 102792 113792
 1.3 105536 102792 113792
 1.3 105536 102792 113792
 1.3 105536 102792 113792
 1.3 105536 102792 113792
 1.3 105536 102792 113792
 1.3 105536 102792 113792
 1.3 105536 102792 113792
 1.3 105536 102792 113792
 1.3 105536 102792 113792
 1.3 105536 102792 113792
 1.3 105536 102792 113792
 1.3 105536 102792 113792
 1.3 105536 102792 113792
 1.3 105536 102792 113792
 1.3 105536 102792 113792
 1.3 105536 102792 113792
 1.3 105536 102792 113792
 1.3 105536 102792 113792
 1.3 105536 102792 113792
 1.3 105536 102792 113792
 1.3 105536 102792 113792
 1.3 105536 102792 113792
 1.3 105536 102792 113792
 1.3 105536 102792 113792
 1.3 105536 102792 113792
 1.3 105536 102792 113792
 1.3 105536 102792 113792
 1.3 105536 102792 113792
 1.3 105536 102792 113792
 1.3 105536 102792 113792
 1.3 105536 102792 113792
 1.3 105536 102792 113792
 1.3 105536 102792 113792
 1.3 105536 102792 113792
 1.3 105536 102792 113792
 1.3 105536 102792 113792
 1.3 105536 102792 113792
 1.3 105536 102792 113792
 1.3 105536 102792 113792
 1.3 105536 102792 113792
 1.3 105536 102792 113792
 1.3 105536 102792 113792
 1.3 105536 102792 113792
 1.3 105536 102792 113792
 1.3 105536 102792 113792
 1.3 105536 102792 113792
 1.3 105536 102792 113792
 1.3 105536 102792 113792
 1.3 105536 102792 113792
 1.3 105536 102792 113792
 1.3 105536 102792 113792
 1.3 105536 102792 113792
 1.3 105536 102792 113792
 1.3 105536 102792 113792
 1.3 105536 102792 113792
 1.3 105536 102792 113792
 1.3 105536 102792 113792
 1.3 105536 102792 113792
 1.3 105536 102792 113792
 1.3 105536 102792 113792
 1.3 105536 102792 113792
 1.3 105536 102792 113792
 1.3 105536 102792 113792
 1.3 105536 102792 113792
 1.3 105536 102792 113792
 1.3 105536 102792 113792
 1.3 105536 102792 113792
 1.3 105536 102792 113792
 1.3 105536 102792 113792
 1.3 105536 102792 113792
 1.3 105536 102792 113792
 1.3 105536 102792 113792
 1.3 105536 102792 113792
 1.3 105536 102792 113792
 1.3 105536 102792 113792
 1.3 105536 102792 113792
 1.3 105536 102792 113792
 1.3 105536 102792 113792
 1.3 105536 102792 113792
 1.3 105536 102792 113792
 1.3 105536 102792 113792
 1.3 105536 102792 113792
 1.3 105536 102792 113792
 1.3 105536 102792 113792
 1.3 105536 102792 113792
 1.3 105536 102792 113792
 1.3 105536 102792 113792
 1.3 105536 102792 113792
 1.3 105536 102792 113792
 1.3 105536 102792 113792
 1.3 105536 102792 113792
 1.3 105536 102792 113792
 1.3 105536 102792 113792
 1.3 105536 102792 113792
 1.3 105536 102792 113792
 1.3 105536 102792 113792
 1.3 105536 102792 113792
 1.3 105536 102792 113792
 1.3 105536 102792 113792
 1.3 105536 102792 113792
 1.3 105536 102792 113792
 1.3 105536 102792 113792
 1.3 105536 102792 113792
 1.3 105536 102792 113792
 1.3 105536 102792 113792
 1.3 105536 102792 113792
 1.3 105536 102792 113792
 1.3 105536 102792 113792
 1.3 105536 102792 113792
 1.3 105536 102792 113792
 1.3 105536 102792 113792
 1.3 105536 102792 113792
 1.3 105536 102792 113792
 1.3 105536 102792 113792
 1.3 105536 102792 113792
 1.3 105536 102792 113792
 1.3 105536 102792 113792
 1.3 105536 102792 113792
 1.3 105536 102792 113792
 1.3 105536 102792 113792
 1.3 105536 102792 113792
 1.3 105536 102792 113792
 1.3 105536 102792 113792
 1.3 105536 102792 113792
 1.3 105536 102792 113792
 1.3 105536 102792 113792
 1.3 105536 102792 113792
 1.3 105536 102792 113792
 1.3 105536 102792 113792
 1.3 105536 102792 113792
 1.3 105536 102792 113792
 1.3 105536 102792 113792
 1.3 105536 102792 113792
 1.3 105536 102792 113792
 1.3 105536 102792 113792
 1.3 105536 102792 113792
 1.3 105536 102792 113792
 1.3 105536 102792 113792
 1.3 105536 102792 113792
 1.3 105536 102792 113792
 1.3 105536 102792 113792
 1.3 105536 102792 113792
 1.3 105536 102792 113792
 1.3 105536 102792 113792
 1.3 105536 102792 113792
 1.3 105536 102792 113792
 1.3 105536 102792 113792
 1.3 105536 102792 113792
 1.3 105536 102792 113792
 1.3 105536 102792 113792
 1.3 105536 102792 113792
 1.3 105536 102792 113792
 1.3 105536 102792 113792
 1.3 105536 102792 113792
 1.3 105536 102792 113792
 1.3 105536 102792 113792
 1.3 105536 102792 113792
 1.3 105536 102792 113792
 1.3 105536 102792 113792
 1.3 105536 102792 113792
 1.3 105536 102792 113792
 1.3 105536 102792 113792
 1.3 105536 102792 113792
 1.3 105536 102792 113792
 1.3 105536 102792 113792
 1.3 105536 102792 113792
 1.3 105536 102792 113792
 1.3 105536 102792 113792
 1.3 105536 102792 113792
 1.3 105536 102792 113792
 1.3 105536 102792 113792
 1.3 105536 102792 113792
 1.3 105536 102792 113792
 1.3 105536 102792 113792
 1.3 105536 102792 113792
 1.3 105536 102792 113792
 1.3 105536 102792 113792
 1.3 105536 102792 113792
 1.3 105536 102792 113792
 1.3 105536 102792 113792
 1.3 105536 102792 113792
 1.3 105536 102792 113792
 1.3 105536 102792 113792
 1.3 105536 102792 113792
 1.3 105536 102792 113792
 1.3 105536 102792 113792
 1.3 105536 102792 113792
 1.3 105536 102792 113792
 1.3 105536 102792 113792
 1.3 105536 102792 113792
 1.3 105536 102792 113792
 1.3 105536 102792 113792
 1.3 105536 102792 113792
 1.3 105536 102792 113792
 1.3 105536 102792 113792
 1.3 105536 102792 113792
 1.3 105536 102792 113792
 1.3 105536 102792 113792
 1.3 105536 102792 113792
 1.3 105536 102792 113792
 1.3 105536 102792 113792
 1.3 105536 102792 113792
 1.3 105536 102792 113792
 1.3 105536 102792 113792
 1.3 105536 102792 113792
 1.3 105536 102792 113792
 1.3 105536 102792 113792
 1.3 105536 102792 113792
 1.3 105536 102792 113792
 1.3 105536 102792 113792
 1.3 105536 102792 113792
 1.3 105536 102792 113792
 1.3 105536 102792 113792
 1.3 105536 102792 113792
 1.3 105536 102792 113792
 1.3 105536 102792 113792
 1.3 105536 102792 113792
 1.3 105536 102792 113792
 1.3 105536 102792 113792
 1.3 105536 102792 113792
 1.3 105536 102792 113792
 1.3 105536 102792 113792
 1.3 105536 102792 113792
 1.3 105536 102792 113792
 1.3 105536 102792 113792
 1.3 105536 102792 113792
 1.3 105536 102792 113792
 1.3 105536 102792 113792
 1.3 105536 102792 113792
 1.3 105536 102792 113792
 1.3 105536 102792 113792
 1.3 105536 102792 113792
 1.3 105536 102792 113792
 1.3 105536 102792 113792
 1.3 105536 102792 113792
 1.3 105536 102792 113792
 1.3 105536 102792 113792
 1.3 105536 102792 113792
 1.3 105536 102792 113792
 1.3 105536 102792 113792
 1.3 105536 102792 113792
 1.3 105536 102792 113792
 1.3 105536 102792 113792
 1.3 105536 102792 113792
 1.3 105536 102792 113792
 1.3 105536 102792 113792
 1.3 105536 102792 113792
 1.3 105536 102792 113792
 1.3 105536 102792 113792
 1.3 105536 102792 113792
 1.3 105536 102792 113792
 1.3 105536 102792 113792
 1.3 105536 102792 113792
 1.3 105536 102792 113792
 1.3 105536 102792 113792
 1.3 105536 102792 113792
 1.3 105536 102792 113792
 1.3 105536 102792 113792
 1.3 105536 102792 113792
 1.3 105536 102792 113792
 1.3 105536 102792 113792
 1.3 105536 102792 113792
 1.3 105536 102792 113792
 1.3 105536 102792 113792
 1.3 105536 102792 113792
 1.3 105536 102792 113792
 1.3 105536 102792 113792
 1.3 105536 102792 113792
 1.3 105536 102792 113792
 1.3 105536 102792 113792
 1.3 105536 102792 113792
 1.3 105536 102792 113792
 1.3 105536 102792 113792
 1.3 105536 102792 113792
 1.3 105536 102792 113792
 1.3 105536 102792 113792
 1.3 105536 102792 113792
 1.3 105536 102792 113792
 1.3 105536 102792 113792
 1.3 105536 102792 113792
 1.3 105536 102792 113792
 1.3 105536 102792 113792
 1.3 105536 102792 113792
 1.3 105536 102792 113792
 1.3 105536 102792 113792
 1.3 105536 102792 113792
 1.3 105536 102792 113792
 1.3 105536 102792 113792
 1.3 105536 102792 113792
 1.3 105536 102792 113792
 1.3 105536 102792 113792
 1.3 105536 102792 113792
 1.3 105536 102792 113792
 1.3 105536 102792 113792
 1.3 105536 102792 113792
 1.3 105536 102792 113792
 1.3 105536 102792 113792
 1.3 105536 102792 113792
 1.3 105536 102792 113792
 1.3 105536 102792 113792
 1.3 105536 102792 113792
 1.3 105536 102792 113792
 1.3 105536 102792 113792
 1.3 105536 102792 113792
 1.3 105536 102792 113792
 1.3 105536 102792 113792
 1.3 105536 102792 113792
 1.3 105536 102792 113792
 1.3 105536 102792 113792
 0.5 44616 45216  56216
 1.0 86692 90044 101044
 1.3 105820 102852 113852
 1.3 105820 102852 113852
 1.3 105820 102852 113852
 1.3 105820 102852 113852
 1.3 105820 102852 113852
 1.3 105820 102852 113852
 1.3 105820 102852 113852
 1.3 105820 102852 113852
 1.3 105820 102852 113852
 1.3 105820 102852 113852
 1.3 105820 102852 113852
 1.3 105820 102852 113852
 1.3 105820 102852 113852
 1.3 105820 102852 113852
 1.3 105820 102852 113852
 1.3 105820 102852 113852
 1.3 105820 102852 113852
 1.3 105820 102852 113852
 1.3 105820 102852 113852
 1.3 105820 102852 113852
 1.3 105820 102852 113852
 1.3 105820 102852 113852
 1.3 105820 102852 113852
 1.3 105820 102852 113852
 1.3 105820 102852 113852
 1.3 105820 102852 113852
 1.3 105820 102852 113852
 1.3 105820 102852 113852
 1.3 105820 102852 113852
 1.3 105820 102852 113852
 1.3 105820 102852 113852
 1.3 105820 102852 113852
 1.3 105820 102852 113852
 1.3 105820 102852 113852
 1.3 105820 102852 113852
 1.3 105820 102852 113852
 1.3 105820 102852 113852
 1.3 105820 102852 113852
 1.3 105820 102852 113852
 1.3 105820 102852 113852
 1.3 105820 102852 113852
 1.3 105820 102852 113852
 1.3 105820 102852 113852
 1.3 105820 102852 113852
 1.3 105820 102852 113852
 1.3 105820 102852 113852
 1.3 105820 102852 113852
 1.3 105820 102852 113852
 1.3 105820 102852 113852
 1.3 105820 102852 113852
 1.3 105820 102852 113852
 1.3 105820 102852 113852
 1.3 105820 102852 113852
 1.3 105820 102852 113852
 1.3 105820 102852 113852
 1.3 105820 102852 113852
 1.3 105820 102852 113852
 1.3 105820 102852 113852
 1.3 105820 102852 113852
 1.3 105820 102852 113852
 1.3 105820 102852 113852
 1.3 105820 102852 113852
 1.3 105820 102852 113852
 1.3 105820 102852 113852
 1.3 105820 102852 113852
 1.3 105820 102852 113852
 1.3 105820 102852 113852
 1.3 105820 102852 113852
 1.3 105820 102852 113852
 1.3 105820 102852 113852
 1.3 105820 102852 113852
 1.3 105820 102852 113852
 1.3 105820 102852 113852
 1.3 105820 102852 113852
 1.3 105820 102852 113852
 1.3 105820 102852 113852
 1.3 105820 102852 113852
 1.3 105820 102852 113852
 1.3 105820 102852 113852
 1.3 105820 102852 113852
 1.3 105820 102852 113852
 1.3 105820 102852 113852
 1.3 105820 102852 113852
 1.3 105820 102852 113852
 1.3 105820 102852 113852
 1.3 105820 102852 113852
 1.3 105820 102852 113852
 1.3 105820 102852 113852
 1.3 105820 102852 113852
 1.3 105820 102852 113852
 1.3 105820 102852 113852
 1.3 105820 102852 113852
 1.3 105820 102852 113852
 1.3 105820 102852 113852
 1.3 105820 102852 113852
 1.3 105820 102852 113852
 1.3 105820 102852 113852
 1.3 105820 102852 113852
 1.3 105820 102852 113852
 1.3 105820 102852 113852
 1.3 105820 102852 113852
 1.3 105820 102852 113852
 1.3 105820 102852 113852
 1.3 105820 102852 113852
 1.3 105820 102852 113852
 1.3 105820 102852 113852
 1.3 105820 102852 113852
 1.3 105820 102852 113852
 1.3 105820 102852 113852
 1.3 105820 102852 113852
 1.3 105820 102852 113852
 1.3 105820 102852 113852
 1.3 105820 102852 113852
 1.3 105820 102852 113852
 1.3 105820 102852 113852
 1.3 105820 102852 113852
 1.3 105820 102852 113852
 1.3 105820 102852 113852
 1.3 105820 102852 113852
 1.3 105820 102852 113852
 1.3 105820 102852 113852
 1.3 105820 102852 113852
 1.3 105820 102852 113852
 0.2 22608 19600  30600
 0.0  3396   388  11388
 0.2 17768 23148  34148
 0.7 60700 68668  79668
 1.3 104892 102808 113808
 1.3 105684 102808 113808
 1.3 105684 102808 113808
 1.3 105684 102808 113808
 1.3 105684 102808 113808
 1.3 105684 102808 113808
 1.3 105684 102808 113808
 1.3 105684 102808 113808
 1.3 105684 102808 113808
 1.3 105684 102808 113808
 1.3 105684 102808 113808
 1.3 105684 102808 113808
 1.3 105684 102808 113808
 1.3 105684 102808 113808
 1.3 105684 102808 113808
 1.3 105684 102808 113808
 1.3 105684 102808 113808
 1.3 105684 102808 113808
 1.3 105684 102808 113808
 1.3 105684 102808 113808
 1.3 105684 102808 113808
 1.3 105684 102808 113808
 1.3 105684 102808 113808
 1.3 105684 102808 113808
 1.3 105684 102808 113808
 1.3 105684 102808 113808
 1.3 105684 102808 113808
 1.3 105684 102808 113808
 1.3 105684 102808 113808
 1.3 105684 102808 113808
 1.3 105684 102808 113808
 1.3 105684 102808 113808
 1.3 105684 102808 113808
 1.3 105684 102808 113808
 1.3 105684 102808 113808
 1.3 105684 102808 113808
 1.3 105684 102808 113808
 1.3 105684 102808 113808
 1.3 105684 102808 113808
 1.3 105684 102808 113808
 1.3 105684 102808 113808
 1.3 105684 102808 113808
 1.3 105684 102808 113808
 1.3 105684 102808 113808
 1.3 105684 102808 113808
 1.3 105684 102808 113808
 1.3 105684 102808 113808
 1.3 105684 102808 113808
 1.3 105684 102808 113808
 1.3 105684 102808 113808
 1.3 105684 102808 113808
 1.3 105684 102808 113808
 1.3 105684 102808 113808
 1.3 105684 102808 113808
 1.3 105684 102808 113808
 1.3 105684 102808 113808
 1.3 105684 102808 113808
 1.3 105684 102808 113808
 1.3 105684 102808 113808
 1.3 105684 102808 113808
 1.3 105684 102808 113808
 1.3 105684 102808 113808
 1.3 105684 102808 113808
 1.3 105684 102808 113808
 1.3 105684 102808 113808
 1.3 105684 102808 113808
 1.3 105684 102808 113808
 1.3 105684 102808 113808
 1.3 105684 102808 113808
 1.3 105684 102808 113808
 1.3 105684 102808 113808
 1.3 105684 102808 113808
 1.3 105684 102808 113808
 1.3 105684 102808 113808
 1.3 105684 102808 113808
 1.3 105684 102808 113808
 1.3 105684 102808 113808
 1.3 105684 102808 113808
 1.3 105684 102808 113808
 1.3 105684 102808 113808
 1.3 105684 102808 113808
 1.3 105684 102808 113808
 1.3 105684 102808 113808
 1.3 105684 102808 113808
 1.3 105684 102808 113808
 1.3 105684 102808 113808
 1.3 105684 102808 113808
 1.3 105684 102808 113808
 1.3 105684 102808 113808
 1.3 105684 102808 113808
 1.3 105684 102808 113808
 1.3 105684 102808 113808
 1.3 105684 102808 113808
 1.3 105684 102808 113808
 1.3 105684 102808 113808
 1.3 105684 102808 113808
 1.3 105684 102808 113808
 1.3 105684 102808 113808
 1.3 105684 102808 113808
 1.3 105684 102808 113808
 1.3 105684 102808 113808
 1.3 105684 102808 113808
 1.3 105684 102808 113808
 1.3 105684 102808 113808
 1.3 105684 102808 113808
 1.3 105684 102808 113808
 1.3 105684 102808 113808
 1.3 105684 102808 113808
 1.3 105684 102808 113808
 1.3 105684 102808 113808
 1.3 105684 102808 113808
 1.3 105684 102808 113808
 1.3 105684 102808 113808
 1.3 105684 102808 113808
 1.3 105684 102808 113808
 1.3 105684 102808 113808
 1.3 105684 102808 113808
 1.3 105684 102808 113808
 1.3 105684 102808 113808
 1.3 105684 102808 113808
 1.3 105684 102808 113808
 1.3 105684 102808 113808
 1.3 105684 102808 113808
 1.3 105684 102808 113808
 1.3 105684 102808 113808
 1.3 105684 102808 113808
 1.3 105684 102808 113808
 1.3 105684 102808 113808
 1.3 105684 102808 113808
 1.3 105684 102808 113808
 1.3 105684 102808 113808
 1.3 105684 102808 113808
 1.3 105684 102808 113808
 1.3 105684 102808 113808
 1.3 105684 102808 113808
 1.3 105684 102808 113808
 1.3 105684 102808 113808
 1.3 105684 102808 113808
 1.3 105684 102808 113808
 1.3 105684 102808 113808
 1.3 105684 102808 113808
 1.3 105684 102808 113808
 1.3 105684 102808 113808
 1.3 105684 102808 113808
 1.3 105684 102808 113808
 1.3 105684 102808 113808
 1.3 105684 102808 113808
 1.3 105684 102808 113808
 1.3 105684 102808 113808
 1.3 105684 102808 113808
 1.3 105684 102808 113808
 1.3 105684 102808 113808
 1.3 105684 102808 113808
 1.3 105684 102808 113808
 1.3 105684 102808 113808
 1.3 105684 102808 113808
 1.3 105684 102808 113808
 1.3 105684 102808 113808
 1.3 105684 102808 113808
 1.3 105684 102808 113808
 1.3 105684 102808 113808
 1.3 105684 102808 113808
 1.3 105684 102808 113808
 1.3 105684 102808 113808
 1.3 105684 102808 113808
 1.3 105684 102808 113808
 1.3 105684 102808 113808
 1.3 105684 102808 113808
 1.3 105684 102808 113808
 1.3 105684 102808 113808
 1.3 105684 102808 113808
 1.3 105684 102808 113808
 1.3 105684 102808 113808
 1.3 105684 102808 113808
 1.3 105684 102808 113808
 1.3 105684 102808 113808
 1.3 105684 102808 113808
 1.3 105684 102808 113808
 1.3 105684 102808 113808
 1.3 105684 102808 113808
 1.3 105684 102808 113808
 1.3 105684 102808 113808
 1.3 105684 102808 113808
 1.3 105684 102808 113808
 1.3 105684 102808 113808
 1.3 105684 102808 113808
 1.3 105684 102808 113808
 1.3 105684 102808 113808
 1.3 105684 102808 113808
 1.3 105684 102808 113808
 1.3 105684 102808 113808
 1.3 105684 102808 113808
 1.3 105684 102808 113808
 1.3 105684 102808 113808
 1.3 105684 102808 113808
 1.3 105684 102808 113808
 1.3 105684 102808 113808
 1.3 105684 102808 113808
 1.3 105684 102808 113808
 1.3 105684 102808 113808
 1.3 105684 102808 113808
 1.3 105684 102808 113808
 1.3 105684 102808 113808
 1.3 105684 102808 113808
 1.3 105684 102808 113808
 1.3 105684 102808 113808
 1.3 105684 102808 113808
 1.3 105684 102808 113808
 1.3 105684 102808 113808
 1.3 105684 102808 113808
 1.3 105684 102808 113808
 1.3 105684 102808 113808
 1.3 105684 102808 113808
 1.3 105684 102808 113808
 1.3 105684 102808 113808
 1.3 105684 102808 113808
 1.3 105684 102808 113808
 1.3 105684 102808 113808
 1.3 105684 102808 113808
 1.3 105684 102808 113808
 1.3 105684 102808 113808
 1.3 105684 102808 113808
 1.3 105684 102808 113808
 1.3 105684 102808 113808
 1.3 105684 102808 113808
 1.3 105684 102808 113808
 1.3 105684 102808 113808
 1.3 105684 102808 113808
 1.3 105684 102808 113808
 1.3 105684 102808 113808
 1.3 105684 102808 113808
 1.3 105684 102808 113808
 1.3 105684 102808 113808
 1.3 105684 102808 113808
 1.3 105684 102808 113808
 1.3 105684 102808 113808
 1.3 105684 102808 113808
 1.3 105684 102808 113808
 1.3 105684 102808 113808
 1.3 105684 102808 113808
 1.3 105684 102808 113808
 1.3 105684 102808 113808
 1.3 105684 102808 113808
 1.3 105684 102808 113808
 1.3 105684 102808 113808
 1.3 105684 102808 113808
 1.3 105684 102808 113808
 1.3 105684 102808 113808
 1.3 105684 102808 113808
 1.3 105684 102808 113808
 1.3 105684 102808 113808
 1.3 105684 102808 113808
 1.3 105684 102808 113808
 1.3 105684 102808 113808
 1.3 105684 102808 113808
 1.3 105684 102808 113808
 1.3 105684 102808 113808
 1.3 105684 102808 113808
 1.3 105684 102808 113808
 1.3 105684 102808 113808
 1.3 105684 102808 113808
 1.3 105684 102808 113808
 1.3 105684 102808 113808
 1.3 105684 102808 113808
 1.3 105684 102808 113808
 1.3 105684 102808 113808
 1.3 105684 102808 113808
 1.3 105684 102808 113808
 1.3 105684 102808 113808
 1.3 105684 102808 113808
 1.3 105684 102808 113808
 1.3 105684 102808 113808
 1.3 105684 102808 113808
 1.3 105684 102808 113808
 1.3 105684 102808 113808
 1.3 105684 102808 113808
 1.3 105684 102808 113808
 1.3 105684 102808 113808
 1.3 105684 102808 113808
 1.3 105684 102808 113808
 1.3 105684 102808 113808
 1.3 105684 102808 113808
 1.3 105684 102808 113808
 1.3 105684 102808 113808
 1.3 105684 102808 113808
 1.3 105684 102808 113808
 1.3 105684 102808 113808
 1.3 105684 102808 113808
 1.3 105684 102808 113808
 1.3 105684 102808 113808
 1.3 105684 102808 113808
 1.3 105684 102808 113808
 1.3 105684 102808 113808
 1.3 105684 102808 113808
 1.3 105684 102808 113808
 1.3 105684 102808 113808
 1.3 105684 102808 113808
 1.3 105684 102808 113808
 1.3 105684 102808 113808
 1.3 105684 102808 113808
 1.3 105684 102808 113808
 1.3 105684 102808 113808
 1.3 105684 102808 113808
 1.3 105684 102808 113808
 1.3 105684 102808 113808
 1.3 105684 102808 113808
 1.3 105684 102808 113808
 1.3 105684 102808 113808
 1.3 105684 102808 113808
 1.3 105684 102808 113808
 1.3 105684 102808 113808
 1.3 105684 102808 113808
 1.3 105684 102808 113808
 1.3 105684 102808 113808
 1.3 105684 102808 113808
 1.3 105684 102808 113808
 1.3 105684 102808 113808
 1.3 105684 102808 113808
