coretemp-isa-0000
Adapter: ISA adapter
Package id 0:  +60.0°C  (high = +100.0°C, crit = +100.0°C)
Core 0:        +60.0°C  (high = +100.0°C, crit = +100.0°C)
Core 1:        +59.0°C  (high = +100.0°C, crit = +100.0°C)
Core 2:        +59.0°C  (high = +100.0°C, crit = +100.0°C)
Core 3:        +60.0°C  (high = +100.0°C, crit = +100.0°C)

pch_cannonlake-virtual-0
Adapter: Virtual device
temp1:        +54.0°C  

BAT0-acpi-0
Adapter: ACPI interface
in0:          12.61 V  
curr1:       1000.00 uA 

dell_smm-virtual-0
Adapter: Virtual device
fan1:           0 RPM

radeon-pci-0100
Adapter: PCI adapter
temp1:            N/A  (crit = +120.0°C, hyst = +90.0°C)

acpitz-acpi-0
Adapter: ACPI interface
temp1:        +25.0°C  (crit = +107.0°C)

%CPU %MEM     ELAPSED
 0.8 68796 102792 113792
 1.0 83132 102792 113792
 1.0 83132 102792 113792
 1.0 83132 102792 113792
 1.0 83132 102792 113792
 1.0 87228 102792 113792
 1.0 87228 102792 113792
 1.0 87228 102792 113792
 1.0 87228 102792 113792
 1.0 87228 102792 113792
 1.0 87228 102792 113792
 1.0 87228 102792 113792
 1.0 87228 102792 113792
 1.0 87228 102792 113792
 1.1 89500 102792 113792
 1.1 89500 102792 113792
 1.1 91548 102792 113792
 1.1 91548 102792 113792
 1.1 91548 102792 113792
 1.1 93596 102792 113792
 1.1 93596 102792 113792
 1.1 93596 102792 113792
 1.1 93596 102792 113792
 1.1 93596 102792 113792
 1.1 93596 102792 113792
 1.1 93596 102792 113792
 1.1 93596 102792 113792
 1.1 93596 102792 113792
 1.1 93596 102792 113792
 1.1 93596 102792 113792
 1.1 93596 102792 113792
 1.1 93596 102792 113792
 1.1 93596 102792 113792
 1.1 93596 102792 113792
 1.1 93596 102792 113792
 1.1 93596 102792 113792
 1.1 95644 102792 113792
 1.1 95644 102792 113792
 1.2 97692 102792 113792
 1.2 97692 102792 113792
 1.2 97692 102792 113792
 1.2 97692 102792 113792
 1.2 101788 102792 113792
 1.2 101788 102792 113792
 1.2 101788 102792 113792
 1.2 101788 102792 113792
 1.2 101788 102792 113792
 1.2 101788 102792 113792
 1.2 101788 102792 113792
 1.2 101788 102792 113792
 1.2 101788 102792 113792
 1.2 101788 102792 113792
 1.2 101788 102792 113792
 1.2 101788 102792 113792
 1.3 105884 102792 113792
 1.3 105884 102792 113792
 1.3 105884 102792 113792
 1.3 105884 102792 113792
 1.3 105884 102792 113792
 1.3 105884 102792 113792
 1.3 105884 102792 113792
 1.3 105884 102792 113792
 1.3 105884 102792 113792
 1.3 105884 102792 113792
 1.3 105884 102792 113792
 1.3 105884 102792 113792
 1.3 105884 102792 113792
 1.3 105884 102792 113792
 1.3 105884 102792 113792
 1.3 105884 102792 113792
 1.3 105884 102792 113792
 1.3 105884 102792 113792
 1.3 105884 102792 113792
 1.3 105884 102792 113792
 1.3 105884 102792 113792
 1.3 105884 102792 113792
 1.3 105884 102792 113792
 1.3 105884 102792 113792
 1.3 105884 102792 113792
 1.3 105884 102792 113792
 1.3 105884 102792 113792
 1.3 105884 102792 113792
 1.3 105884 102792 113792
 1.3 105884 102792 113792
 1.3 105884 102792 113792
 1.3 105884 102792 113792
 1.3 105884 102792 113792
 1.3 105884 102792 113792
 1.3 105884 102792 113792
 1.3 105884 102792 113792
 1.3 105884 102792 113792
 1.3 105884 102792 113792
 1.3 105884 102792 113792
 1.3 105884 102792 113792
 1.3 105884 102792 113792
 1.3 105884 102792 113792
 1.3 105884 102792 113792
 1.3 105884 102792 113792
 1.3 105884 102792 113792
 1.3 105884 102792 113792
 1.3 105884 102792 113792
 1.3 105884 102792 113792
 1.3 105884 102792 113792
 1.3 105884 102792 113792
 1.3 105884 102792 113792
 1.3 105884 102792 113792
 1.3 105884 102792 113792
 1.3 105884 102792 113792
 1.3 105884 102792 113792
 1.3 105884 102792 113792
 1.3 105884 102792 113792
 1.3 105884 102792 113792
 1.3 105884 102792 113792
 1.3 105884 102792 113792
 1.3 105884 102792 113792
 1.3 105884 102792 113792
 1.3 105884 102792 113792
 1.3 105884 102792 113792
 1.3 105884 102792 113792
 1.3 105884 102792 113792
 1.3 105884 102792 113792
 1.3 105884 102792 113792
 1.3 105884 102792 113792
 1.3 105884 102792 113792
 1.3 105884 102792 113792
 1.3 105884 102792 113792
 1.3 105884 102792 113792
 1.3 105884 102792 113792
 1.3 105884 102792 113792
 1.3 105884 102792 113792
 1.3 105884 102792 113792
 1.3 105884 102792 113792
 1.3 105884 102792 113792
 1.3 105884 102792 113792
 1.3 105884 102792 113792
 1.3 105884 102792 113792
 1.3 105884 102792 113792
 1.3 105884 102792 113792
 1.3 105884 102792 113792
 1.3 105884 102792 113792
 1.3 105884 102792 113792
 1.3 105884 102792 113792
 1.3 105884 102792 113792
 1.3 105884 102792 113792
 1.3 105884 102792 113792
 1.3 105884 102792 113792
 1.3 105884 102792 113792
 1.3 105884 102792 113792
 1.3 105884 102792 113792
 1.3 105884 102792 113792
 1.3 105884 102792 113792
 1.3 105884 102792 113792
 1.3 105884 102792 113792
 1.3 105884 102792 113792
 1.3 105884 102792 113792
 1.3 105884 102792 113792
 1.3 105884 102792 113792
 1.3 105884 102792 113792
 1.3 105884 102792 113792
 1.3 105884 102792 113792
 1.3 105884 102792 113792
 1.3 105884 102792 113792
 1.3 105884 102792 113792
 1.3 105884 102792 113792
 1.3 105884 102792 113792
 1.3 105884 102792 113792
 1.3 105884 102792 113792
 1.3 105884 102792 113792
 1.3 105884 102792 113792
 1.3 105884 102792 113792
 1.3 105884 102792 113792
 1.3 105884 102792 113792
 1.3 105884 102792 113792
 1.3 105884 102792 113792
 1.3 105884 102792 113792
 1.3 105884 102792 113792
 1.3 105884 102792 113792
 1.3 105884 102792 113792
 1.3 105884 102792 113792
 1.3 105884 102792 113792
 1.3 105884 102792 113792
 1.3 105884 102792 113792
 1.3 105884 102792 113792
 1.3 105884 102792 113792
 1.3 105884 102792 113792
 1.3 105884 102792 113792
 1.3 105884 102792 113792
 1.3 105884 102792 113792
 1.3 105884 102792 113792
 1.3 105884 102792 113792
 1.3 105884 102792 113792
 1.3 105884 102792 113792
 1.3 105884 102792 113792
 1.3 105884 102792 113792
 1.3 105884 102792 113792
 1.3 105884 102792 113792
 1.3 105884 102792 113792
 1.3 105884 102792 113792
 1.3 105884 102792 113792
 1.3 105884 102792 113792
 1.3 105884 102792 113792
 1.3 105884 102792 113792
 1.3 105884 102792 113792
 1.3 105884 102792 113792
 1.3 105884 102792 113792
 1.3 105884 102792 113792
 1.3 105884 102792 113792
 1.3 105884 102792 113792
 1.3 105884 102792 113792
 1.3 105884 102792 113792
 1.3 105884 102792 113792
 1.3 105884 102792 113792
 1.3 105884 102792 113792
 1.3 105884 102792 113792
 1.3 105884 102792 113792
 1.3 105884 102792 113792
 1.3 105884 102792 113792
 1.3 105884 102792 113792
 1.3 105884 102792 113792
 1.3 105884 102792 113792
 1.3 105884 102792 113792
 1.3 105884 102792 113792
 1.3 105884 102792 113792
 1.3 105884 102792 113792
 1.3 105884 102792 113792
 1.3 105884 102792 113792
 1.3 105884 102792 113792
 1.3 105884 102792 113792
 1.3 105884 102792 113792
 1.3 105884 102792 113792
 1.3 105884 102792 113792
 1.3 105884 102792 113792
 1.3 105884 102792 113792
 1.3 105884 102792 113792
 1.3 105884 102792 113792
 1.3 105884 102792 113792
 1.3 105884 102792 113792
 1.3 105884 102792 113792
 1.3 105884 102792 113792
 1.3 105884 102792 113792
 1.3 105884 102792 113792
 1.3 105884 102792 113792
 1.3 105884 102792 113792
 1.3 105884 102792 113792
 1.3 105884 102792 113792
 1.3 105884 102792 113792
 1.3 105884 102792 113792
 1.3 105884 102792 113792
 1.3 105884 102792 113792
 1.3 105884 102792 113792
 1.3 105884 102792 113792
 1.3 105884 102792 113792
 1.3 105884 102792 113792
 1.3 105884 102792 113792
 1.3 105884 102792 113792
 1.3 105884 102792 113792
 1.3 105884 102792 113792
 1.3 105884 102792 113792
 1.3 105884 102792 113792
 1.3 105884 102792 113792
 1.3 105884 102792 113792
 1.3 105884 102792 113792
 1.3 105884 102792 113792
 1.3 105884 102792 113792
 1.3 105884 102792 113792
 1.3 105884 102792 113792
 0.2 22764 25992  36992
 0.9 74000 77200  88200
 1.1 91400 102804 113804
 1.1 91400 102804 113804
 1.1 91400 102804 113804
 1.1 91400 102804 113804
 1.1 91400 102804 113804
 1.1 91400 102804 113804
 1.1 91400 102804 113804
 1.1 91400 102804 113804
 1.1 91400 102804 113804
 1.1 91400 102804 113804
 1.1 91400 102804 113804
 1.1 91400 102804 113804
 1.1 91400 102804 113804
 1.1 91400 102804 113804
 1.1 91400 102804 113804
 1.1 91400 102804 113804
 1.1 91400 102804 113804
 1.1 91400 102804 113804
 1.1 91400 102804 113804
 1.1 91400 102804 113804
 1.1 91400 102804 113804
 1.1 91400 102804 113804
 1.1 91400 102804 113804
 1.1 91400 102804 113804
 1.1 91400 102804 113804
 1.1 91400 102804 113804
 1.1 91400 102804 113804
 1.1 91400 102804 113804
 1.1 91400 102804 113804
 1.1 91400 102804 113804
 1.1 91400 102804 113804
 1.1 91400 102804 113804
 1.1 91400 102804 113804
 1.1 91400 102804 113804
 1.1 91400 102804 113804
 1.1 91400 102804 113804
 1.1 91400 102804 113804
 1.1 91400 102804 113804
 1.1 91400 102804 113804
 1.1 91400 102804 113804
 1.1 91400 102804 113804
