84216
3303240
2247249
4883357
1370772
8863448
132326
7868082
462792
8987123
888747
5864135
264016
3524684
114887
2705121
220961
3275759
3676465
7544058
916472
7364960
111830
910859
506319
8841942
1532387
9224464
853361
8555403
1408555
9827688
6140450
9761259
275933
8896482
532508
4731070
4967057
8829124
2059399
2513321
577449
6234540
623723
9769016
2192943
8841181
4474859
9702384
2791145
9930009
400312
7565249
308846
8197564
4055852
9284914
28904
9348250
7124262
9059404
1120940
9269956
4393962
7499980
3008109
8517374
4400477
9333772
1281186
6904104
2791251
8050421
124185
8049812
2763876
8434749
3293143
9371751
628483
8195550
2188455
2901477
534221
9873751
2931608
7526705
3060528
8834576
6080896
9565297
554029
9227235
3165985
9494614
4978517
5154219
1491472
6069640
607499
8965690
1014164
6117254
8747596
9364251
589441
6920724
4151690
6975433
7600780
9251042
116121
8227341
254146
4573148
1711710
9009863
94001
7556351
204622
6795884
2176749
9194644
596450
8354802
1778839
5107402
1221660
6084451
462858
7010659
427586
6388439
367234
1569787
419876
6220069
1861037
6864345
2566855
6552780
3307321
8939624
5779999
7615676
13153
5846831
857401
5464364
4480221
5274229
1579508
5672785
1666700
8741945
2462935
8469753
1785705
7851348
1702314
8443110
3004248
5465410
1728627
8283398
8344614
8995903
326753
7550952
2234891
8977271
3791798
9981481
1648262
8442595
1782121
9179771
2129673
5875736
220639
6989856
2069320
5926316
536829
6539169
2138178
6836449
590047
8781674
35351
7282926
1585418
5746453
1026230
8293558
3287257
8266421
804522
2145931
1861694
7291866
244105
9604441
5906334
8498727
2769234
5934853
3420401
9518126
4232187
6692903
1581528
9016332
2405989
8371288
608468
6551680
2207691
8135092
3273054
9890903
5120523
8222384
4519826
9978991
2172048
8998462
3827425
4297162
279858
3257046
168878
9188082
173810
5265075
2276446
9325055
1027841
2666133
825286
4122444
2920234
4901494
948429
9958101
2241122
8741373
315402
4992002
4174521
6838295
763820
8593758
2324800
8294967
631552
9332338
6275450
8535346
1031854
4740186
1623043
4240746
277543
5954802
6506028
7120274
3927110
9932714
1484334
3946164
8039618
8875253
351057
1334467
4714385
9147487
3081788
7443702
989391
6577135
658030
7929241
591963
3858263
4754655
9261416
5301071
5801653
5219790
7145604
623072
8833239
6298645
8429313
310433
8220043
5836290
8028594
661581
5142024
1166521
9985466
3061905
6427366
3272952
6892959
2275185
6035221
4397151
9903511
943787
9843877
1665435
9922128
3928924
9674050
3471223
9995861
425613
8060614
5597692
9915479
5530338
6570236
324377
8316150
6599365
9616469
2573270
9419686
3574552
4768367
3494787
7224000
3749346
5804192
3945388
6535143
4279278
8666899
2765597
9200811
5075684
9782470
2984081
8750660
1617302
8938568
2842350
9346231
2650848
5359937
1021334
8120495
6729596
9920368
1061366
3616947
2810670
5560370
4599844
9407705
254676
7704180
156304
9580548
2194781
9789611
4439097
6445688
2885098
8077076
6071785
8725805
1404136
7085048
56606
639611
109862
5066063
178160
1776838
3057700
8065810
550671
2197264
2201434
6822854
3472666
8350989
6993602
9973795
3148801
5449111
3440274
7062621
7295242
8645425
104802
255888
852360
3199004
5589619
7071998
776324
6567125
4494913
9027299
2760803
8386077
1971776
9190121
27944
7640244
3188176
9225731
848871
7775173
1805066
8059538
19186
8703752
5694629
8789096
150465
7485177
3706645
5611945
40397
1813708
2261378
4537575
1812278
3539473
4314609
6385894
4637194
9330339
17085
2237816
6245138
9600841
4326267
7914467
2154411
5664190
2775136
9950440
4538602
7623518
510297
4981133
3424107
9635478
4136584
9858564
4951108
9673764
7514097
8290310
14678
9752147
1433582
9099039
1181532
5980868
2950319
8985970
473613
4851167
1209606
2223759
1037306
4456700
6321688
9557741
1380608
4742703
2793630
8623952
762403
1099648
208127
6062212
238228
7671087
867905
7010808
2379433
5207925
1634675
8752831
1459665
4588900
3888057
8650773
4885063
6415922
2201981
3427427
46245
5781429
2520702
6484726
416360
6404670
302659
8896801
1258971
8216261
6241855
9139151
2922503
7844709
2939602
5865873
6252629
8702510
631836
9643458
1206803
8041197
378079
5128925
1940299
7701175
5508712
9994376
2699102
8577462
208400
9061581
1480273
8134567
376243
8336554
122688
9523624
5989110
7283636
4552666
5936653
4044026
6208319
832427
9909163
1465431
8601365
106953
9405776
2208084
9425302
1556515
6609057
942911
7976544
2220658
8371919
5662581
9362110
5018990
8588651
7963302
9710895
512924
6964807
879169
3217050
5249314
7978606
263555
4648155
899567
9885857
3192533
9686059
403012
8437929
1930704
8385366
2973828
5846664
7037460
8096414
555118
5339888
3445102
9632306
5641
1525531
2262048
6652068
1228786
6064700
691538
7960644
30683
3297508
673705
9912494
7070448
9175043
2015882
9143167
169782
9078658
7412402
9818013
6341897
9922962
2976870
5236192
2488777
9482413
234796
5997252
1086622
5716233
62739
9118268
1270204
3252605
1713611
4961638
2374208
7178663
7116025
9976403
1567631
6341788
97647
4443657
1429051
9418921
5206384
9209250
1818622
9151587
6695583
9711415
1415660
5348190
4066266
8322325
1321567
8924089
2864800
7558368
1930338
6847538
5734732
8139791
1146112
9760910
2406238
9591860
3855540
9847805
2133805
4894227
5599780
5723294
1281153
7384017
3982231
9984547
280481
9651664
603876
6787662
5333061
8639987
8512643
9636766
5393741
9988573
8716391
8936271
6615867
9064475
1850255
9627575
1559103
4386871
329089
8896836
301666
5570770
2836129
8944989
1844679
8025938
3556362
9583593
9063516
9709027
1543702
5354813
6114725
9870688
3679959
8696866
6356550
8530565
1569971
6630132
4350244
7327579
4062018
7411371
2894208
8584460
4531125
8771175
3934549
5712100
5141083
7976159
937190
9594760
1488999
9229039
50944
9496264
84587
3505158
2371074
8967871
168723
3920863
6801104
9754157
2619909
8935553
452684
9025823
3241140
9441833
1977479
8300875
258768
1038325
5816617
9154786
988936
8384637
703
2392526
4318835
9042956
4043217
9404410
3161
2353204
7398354
9837306
4432125
8433492
2832476
9381401
726013
8676209
6555174
9786374
3256327
8925914
340866
1047944
326001
6629421
14627
4242380
2000873
2308597
5971824
9840857
94008
8352203
7748158
9663518
12104
3819585
3466055
9389087
282705
9109162
6805005
9094303
6778007
9977381
545737
7232981
404061
4263989
2459731
8660639
659973
9680874
543091
8021261
4335936
7266991
2044255
9279034
192335
3997411
355637
4307917
182988
7250312
4161657
8808126
1280249
4077893
1639382
8359776
1903247
7551261
2453278
9686154
2407259
9059490
17697
4668472
1427961
6999004
2686833
8105308
6826690
9433633
859569
6316157
1564541
9232264
429917
6616864
2698635
8313435
192287
7963571
7241606
9852216
344363
4611830
1942575
4179500
3735079
8911042
307588
8985219
6858103
7562521
323864
5022771
2365768
9397908
9409138
9908217
1513772
6241103
3217355
4794563
5639239
9983610
1956209
9957709
4314391
7673187
1956294
6829145
42519
7731727
84942
9617547
4173432
6421339
630932
6589371
1893814
2689346
211774
6097238
1750232
6513732
118154
8621545
1066236
4544026
4158594
7870024
2738904
8219459
18495
8332193
515641
2346155
1204273
1656319
4111061
8251324
5366996
9932102
2143091
8322759
5547747
6741767
4509580
8990096
1768801
5614602
2404023
8272241
853838
9936492
8382887
9856397
2344073
7332311
527911
8904468
7443080
8349876
942211
6358026
867669
9919438
2408775
4038739
1104063
7559124
9241283
9783963
5366923
9600094
11479
7973326
1644303
9795045
636495
7578453
863098
8691814
8008378
8757222
2944678
4051085
3775682
9657355
1451469
4182245
501603
4033308
3218689
8630617
1796698
3169650
589042
5237779
2337874
8444218
5324791
9529711
3283963
7155004
2913494
9183554
65380
4913004
2951864
9774705
5821598
9191614
4469573
4774573
35909
8870070
3757788
9603425
132432
7246018
1657308
4703009
7545383
9510945
237950
9967447
3622047
7590146
512294
9037884
1638331
9167627
2333126
9856027
863689
6925825
2657903
4725124
2730981
9385783
495727
5001759
2640840
6725342
5688184
8953697
624968
9237355
800718
6313566
3517605
8534467
1345639
6506454
3857715
9907059
957920
9752419
185437
7011008
1593271
4376826
6307236
8533929
5095391
9962362
2049797
8809287
2923809
8884093
2396257
8462290
418037
6565974
202257
1536529
16495
9706633
1157554
2761896
3981857
7348294
7539224
8736379
1196928
9421251
666336
2648510
832286
2358574
6661812
8511737
5478026
9513773
592093
3291810
919558
8225674
7330732
9905305
8140153
9898781
2665094
7863994
2164314
8771684
5454897
9061226
315150
5654111
594005
4874651
2577968
9795581
3866775
9630705
7483135
9719385
2264726
8623838
6278646
9631151
962954
5862180
2636757
3961561
1470502
4173217
6455256
9942946
3181783
9275066
6649399
9490298
5461733
7122045
188595
2337371
3773510
7095436
2106301
5102417
1321535
8287092
852859
8951053
5368522
9692974
780066
8763134
361947
8523695
766893
6349111
4893872
9917532
3337097
9341838
3546470
8996349
2168844
9184739
236336
3912114
1420965
7317064
6355036
9345539
8857190
9971079
3534483
7593329
109757
7636486
1930
9480787
7194688
9784871
6805227
8196387
2269823
4798695
1425572
9374048
2785502
7600894
1697609
5947919
124583
6068478
771704
7065170
3977852
4474861
7897252
9299268
2958903
4274277
3936097
7089438
2659145
8168633
3108487
6283917
80690
8092835
870326
9739394
3458763
8386533
5198980
9235165
171025
727784
1412478
9239326
3945082
9949930
6979114
7821711
2719108
9832515
1372295
9933133
400469
4877878
438294
5101614
6175657
9637683
2508519
9874325
1589273
6939138
2833783
7587894
4321997
8604226
863649
2700972
974021
9820890
1697109
9932578
3708775
8673652
818349
5729953
380301
4145271
763415
6997448
242767
4860457
206119
2988934
3332833
7809570
413224
5244309
4403852
9821103
1668523
9429042
596144
8939442
5083223
6869030
1188885
1493779
2975143
9904135
4797471
8961663
1522563
6841270
283083
9776745
913974
4625318
4021879
9839307
2779398
7719168
54094
9641617
1381776
6256721
65734
1336022
35419
4998330
852469
5761148
6193084
7166486
121781
678457
3246002
5480138
710435
8773065
16282
2406827
771955
5723565
3732567
7764208
4812445
6995915
644172
9535292
1882718
9982476
8451392
9316365
1306815
6456803
2369998
6654993
3308132
8486102
420719
1858053
1883190
9247294
739029
6179329
1563458
9336631
6110007
9558711
8517530
9735642
370892
4992305
204114
6753417
1653425
6764970
3215710
6576733
5651861
9179439
2489336
6497881
373180
7139270
3249794
4374176
6564916
9448071
1794469
7962059
2346981
9664763
1380009
8836376
2822101
6554997
3229974
6920422
198183
9835885
4460802
9726978
3391672
6719972
1419511
8722056
1605238
5319372
4037230
8771557
4617844
9943724
2677012
6127749
1225767
6567159
1893727
9864808
1430046
9494706
3494803
9954220
129134
2193241
6430460
8481028
836639
2741525
76290
2205982
55687
9964062
2008136
9967306
3063484
4917439
2538516
8264852
5004806
9997793
1111444
4176561
1428107
9865262
3975637
9936508
1347695
3826330
44368
8619495
33774
9952548
8666347
9643888
3357423
9379755
1390793
6075540
5523486
8889282
4008396
8873607
1329137
8890702
880217
7695383
2033590
3112385
2500862
6820422
761749
4773128
4284115
9997565
2279293
4555571
1969511
9430599
2527352
8869051
6415718
9302025
2577770
8065544
3788580
5915385
2782657
5897108
13557
9608815
1452915
8136540
1588452
4803219
3833495
8133644
5617714
9564124
2118252
9053130
435730
8384866
5284300
6422323
914265
8363785
1307329
8912744
657527
9462426
1298688
9392598
7676105
9396283
2999474
7920109
848074
9979198
3468758
8697192
1652581
6709289
3765888
9657809
3941263
9719316
4216401
9941758
3871591
8717232
890349
7805388
2154585
6644256
254968
7816035
2882923
7692734
6072194
6818908
326837
2118506
231910
6662102
1344573
5339435
7827791
9268348
704534
6355679
2311696
9217537
1090761
9726121
4605081
9545130
5538288
8066282
560322
8438448
1377
9160425
1408136
6317323
3845166
9769566
1063134
5732880
2845757
9161120
9105610
9470073
2042046
9965928
89266
9143607
2668099
5417646
2594104
6532072
5193266
9148888
3538010
7948478
29913
8536753
6443949
9039069
5196452
8248651
3773926
7414216
5949731
7054003
1300137
7677655
2742506
8448132
3624283
8907684
1710709
4963832
3649984
9881390
1180138
4664894
1774271
9570530
5540192
9353215
4309442
8047565
2375433
8508762
8440335
9488171
1022952
9422839
3848914
8916803
494964
2676290
3353932
6754391
785433
9374998
773378
5742218
26054
8879059
2952936
6238606
3117809
9631220
4918143
9665889
289482
932974
2983536
7774722
59668
1129857
5248517
8416962
4549336
9633447
3318278
9984502
1727480
5197409
6176951
8764469
3952408
7396056
1281536
6243391
2863265
9438141
1292214
5610943
62565
6233214
4873449
9300105
3065905
6046462
4370060
9160525
1815869
4027102
792032
1823301
1770543
9891920
3364324
9970112
758903
6930792
5159004
9852551
1347897
5021942
2483837
6241930
5467515
9117328
319738
6024949
3336831
4452854
1062319
5187781
4955118
8222016
1085412
7820161
508767
3262865
2965882
5775144
259162
3162679
1979695
8471599
1285010
3742559
2660312
6825694
719400
9464753
1056588
3109280
1642005
5992045
2478855
8956740
466708
9451272
722289
7093448
2183643
9615045
349327
7410939
1826917
9173557
695081
5627611
2125243
9960145
4405818
9005410
7476873
9613338
6199042
7662218
1264418
3643703
4897682
9933537
1465596
4957544
2455758
8872354
4550985
7775493
535241
6864137
799258
1340399
3217721
4659290
468956
9215155
1834633
5763188
16420
1346487
547377
7546561
1229825
4557118
2166320
3983293
569105
9885463
3099401
9718482
109801
8328991
2734028
9686504
4916795
6271725
2621317
7105695
2694173
9084555
310533
3407854
490483
3399523
3380570
8885251
7890539
8176245
46698
8400619
174315
7972503
3254390
6224455
1819602
7594091
9460450
9925678
2957012
8960042
2261526
9507085
6867885
9188100
165897
3762885
91861
6015208
1421646
7780182
46553
4572451
1615537
7834904
2163844
7502513
2627708
9252751
3340338
9528279
7159318
9670724
435652
5254467
3412
8755102
485416
2607547
2029621
7062982
1261045
8215193
1039285
9193653
224359
3833697
9006
8060251
187976
8894699
203071
8931957
687575
9791925
533777
7397834
7903134
9994435
2404464
9614239
6700562
8903202
3884200
9542072
29871
6792366
962918
7683031
2251944
8363585
287030
6280121
5730660
8875079
1039999
4863919
565840
5127778
3787527
8697280
2812802
9620586
641622
8636073
87162
1294628
4365490
9503065
3118776
4482120
6220418
9919608
881012
4725230
2295756
8626964
15413
1968569
304814
9795125
2846899
7318951
1903007
2370567
1481623
6632380
4029983
8604862
4078007
8968889
3223148
4751147
2913872
4746114
4272230
9691930
103052
2569761
2910828
4961122
138880
6136607
1610491
8353027
5510542
9718398
5561318
9800880
1079649
9419454
85983
9486580
1382550
9886932
7372263
9638181
2239778
4811362
4479510
9201535
2544043
9280513
2019600
6401206
3102852
9764671
769032
6356908
459372
6085835
62637
8746105
4515045
9709811
14619
5060662
3100131
5213397
3974117
9923617
2313425
8889459
4390070
9633357
4185585
8815786
79010
1578889
796496
6927575
8764652
9609143
573383
3860214
1855759
8555860
3701806
6063080
3491851
8939568
355586
1191289
580636
6992070
2674669
8628806
2560379
8113508
1540383
9716921
921278
4046209
3964037
9776911
3794339
9421159
4312694
9117088
1222791
8659203
1956248
6962283
42319
7892181
506782
6368562
2395107
9484207
2151521
8367701
2754813
9854166
325735
7219667
924534
4613467
2036360
8196768
345851
8992982
5146
6620870
3720977
9571246
152958
4833025
3338963
4970870
605853
2454920
1136061
6962637
4294047
8913219
3762207
8488915
2185020
9485330
7159830
9844767
4822339
7856971
92239
5049553
6288129
8907774
2528691
3442222
1993797
3369350
1184656
9829586
438026
7532969
1700705
6624927
1941037
6900284
912114
5188793
3583688
6679412
1744284
5978006
7330565
9767073
5409261
7824128
4119566
9379184
1790697
7015595
4157198
9610021
1105638
4274360
3187016
7593221
2578061
8467670
3904103
5527717
3111888
4994460
55413
7927903
