1035878
2782636
4870600
3099753
1679219
2550752
3045988
1341344
1282830
5412795
3580634
278303
5121932
1932285
4160660
2907874
8009079
2100208
1679911
5824084
2478487
4680191
5373272
6966027
7373304
4895404
3762500
3849982
8634972
1716652
8723420
7400422
4783897
4047747
6165940
6186956
4389042
5822451
5821999
8878285
6480601
2224000
720927
4340263
8116766
8091352
3694591
4922924
5120709
2015624
1124807
1685604
9357026
2009932
4293813
7986039
2281165
1276300
2403287
5340744
5533471
5397270
1393837
2254720
3454373
4287731
2163068
1146006
3181045
4241258
3989008
4528676
7496796
3477818
3769411
5193080
1858228
3779407
6049267
5446579
4351171
4223609
3726278
8838801
6657064
5471824
4037956
7548863
8746031
2184608
5740867
2195951
6211847
4316769
7622580
40529
2484668
6929574
5480079
1827471
5938458
1368911
7952540
4881396
8922579
4830686
4002684
2428134
3832487
4271747
5268955
6251652
5495442
7194979
4179955
2076289
6461263
3836339
7837413
1472556
1590905
4033100
6098718
6294369
4780231
5387071
7883922
6905137
7510675
7554567
1219285
3583092
2019196
6627703
7844745
1629438
8514406
853918
6830281
4242392
3440519
4704341
3529545
6617331
5441779
6818655
7986395
7591386
6696701
6558654
2488049
6354565
3895748
5349920
2822789
4924034
8009279
1911304
8787711
4505065
6054241
6501537
5957539
5720784
6669226
7307864
4718169
6690107
5554924
4397673
8100913
7066875
8494242
3247390
6699753
7091896
4071959
2779784
9378666
1593537
3177164
5588546
375000
1907266
5493021
5402657
4433514
6105477
3097183
598557
1381679
1302714
5531734
954885
4768809
5344937
8094936
4313616
6405269
7870157
244477
1236159
6924734
5654475
4806849
5843955
2527682
3465422
5223488
5653038
6706324
1009866
7931749
7402046
5050386
1637450
4271995
2396188
6213727
8216911
180692
7212317
6689136
3299405
4664357
5587174
4517043
6777235
4308361
6575743
7776658
4856903
8514613
3428927
6763218
1891250
1583494
1688870
7430555
1465938
7783397
1044976
4909896
5212751
4039733
3599638
1943206
1507541
8527274
5973970
2350751
3084910
3793545
2479683
4435058
7599571
7595480
7168321
4788494
6493287
3413916
3264754
4541574
5679200
7298998
6657614
5360656
3216352
8188841
7135340
6927419
5936147
4080489
8265191
5853488
7441821
6344341
3154599
6697947
4631181
8718467
6461339
8329894
4107382
2209760
5314569
4315748
3164653
7459461
424842
3293915
3846153
7473749
1214362
5602035
1003820
4748622
4332007
3191281
2201267
3446455
9002213
8124867
5130527
8720139
8303602
4319353
5279937
5327164
4829413
9102744
2030494
4340510
5993171
8748923
4907995
3119986
2379455
8574495
4106644
8170509
1482194
6301033
4383752
5044562
3293050
6377814
6910791
7040943
7314857
2196850
5712679
2913984
7680915
6021451
1278269
6807963
9486809
6409558
8718285
8294821
5985398
3924502
8605269
3300547
4048154
7570645
6837328
9360054
1754739
6530287
4539987
6634388
5102988
5704780
5958327
2939205
8002491
4380746
5965896
2909599
3616102
5739748
3258802
6948869
3107174
7755855
6317673
2593441
8217695
3930086
838976
6554703
2086994
193498
4801051
6306964
2296134
8997393
6594224
2976956
8225082
7648636
8274100
560209
4192510
4166643
2075344
8244668
4114185
8009266
2812006
5031641
7148061
7321510
8703631
3653669
2747476
5004702
7185083
4106890
6256737
7534980
2602392
3278132
2864734
7645933
3555618
3182612
5115899
8830622
7487395
1953520
4157745
6964542
8690403
1936451
7481546
2407814
3147136
7869552
7733253
1948712
2945907
7928113
4902886
7176856
3121835
4217635
9879088
1571290
3381884
8037715
2549699
6805055
2482333
7655389
4963482
6162388
2406568
2438728
5018852
2563326
1449101
3624593
7141018
3586832
3880641
1955205
1615173
7654471
7497386
8134908
6518907
8663927
4262048
2845235
8409443
8516354
2795372
4180505
8158409
3859342
8351283
3512959
5220950
9525816
6891230
6648670
6957945
7254389
8304708
8109298
3877382
4534135
3348538
1262256
5216599
2782979
876102
3931730
8078083
6515124
8597967
4196388
7706784
7429956
4480815
7993655
5670182
6359852
4180070
7614943
5087570
5323728
1379865
4552545
3156843
5288483
3984056
4318344
604733
4177831
8482253
6877597
6224183
8199047
4749590
8824207
6126913
2734764
3410058
7286073
8822519
4558629
3452678
3257077
2166674
466144
2164714
1241184
4907921
7761794
3510338
1173362
1581824
8220203
5947947
3043625
7941464
8778562
9741564
5122465
3467354
5712347
4383766
4167607
7899485
8429094
9467262
4039279
7344144
3796227
3091087
3566434
7909682
3248620
9384769
5673632
217106
4691751
3146224
5128616
1481230
5914432
3839924
685923
2838379
6573928
6605054
5427522
7535544
3352427
2044006
6908172
9593943
6642207
5305516
2116426
9301585
7234077
2983016
4776131
5047850
2597323
3528369
2911729
4450362
8409768
3605770
6671078
5875997
5944451
6013743
7711070
4046890
6571613
653111
4399157
6150962
7644329
6626852
3858293
4660407
1804471
7701181
3051462
5121376
5878479
5769656
1969763
8205412
3254907
7067280
1090356
1234489
4034526
3641447
2918921
6719237
2086401
6128773
3441610
3367415
5905909
1292823
3198592
6301537
2188548
9506406
2993156
8153854
3411283
5098860
4290607
272521
2177704
2129587
6309669
496265
3815575
3173300
1335732
2891307
5938328
5820574
4029017
9207663
9272489
2978736
5226762
6326344
565584
7036054
5812527
1763783
7884664
8695422
3505125
1707322
4822012
5329124
7983278
5443770
6975435
4314250
9032084
4050516
9605866
4480941
6510561
6084877
1615196
8256840
5825599
6802597
3802351
5189071
5850136
2721023
2215824
2042114
5087392
6050812
892307
7009367
1230789
887834
3629559
6119945
3274927
6129289
8729053
2549902
8613378
6633924
1815893
8321392
2382793
9499999
5221298
2693416
5563975
4607725
2273343
1638638
2462218
6438678
4352017
4900534
3043890
7925567
3144218
8524008
5172221
4388319
4753331
4728583
6355824
2383778
4853911
9166744
3010122
6680260
6183893
1045411
8643063
1243850
5960064
8572823
4896026
9159219
4249175
5453581
7409481
4640274
6797452
8690300
3976453
4715577
5568522
5341190
6423055
1554161
4357225
2592816
8374647
4062895
5171879
3216412
5368074
7245706
807515
3364834
5922242
7773647
5374358
7941633
9385420
3126999
1592758
3666005
5669448
5442897
6890862
3498104
6881528
7800733
4374882
6891803
4503066
3146276
5847328
4540175
6555505
2722034
4960741
7973232
4520485
7988212
9272025
2508541
7188398
2370133
4041514
6553275
3277532
8785827
5505581
7750666
9661744
718880
5428182
397422
7946058
5455233
8198065
4610005
7639681
4463878
1719642
8324915
1577201
3257732
8805409
4487286
5045698
3360118
1282402
7897642
9696821
5351684
7455562
3618907
5493393
8123386
3862798
4327067
1317934
6815509
7805601
3096029
3855985
1495499
7313390
3178262
6529269
4781419
1813704
5946351
5363085
7200920
5922479
3060949
6293621
4103972
5424605
6121608
5533119
9430306
7305452
2100318
6184972
4309951
3032591
6718673
4529086
855222
4314622
3271971
4405285
807376
5849856
1895446
3690297
1495280
6287845
5523967
7573301
6116549
4358758
7811042
3259819
2607051
8161999
7971556
1490830
790981
4625809
6435050
9851449
6677243
6806480
6894435
3315037
5483857
6204212
3084365
6808531
3297474
7506837
5174091
8774049
5166384
2557265
1681474
3065649
6641646
4654169
3009543
7983114
7829327
7417880
3270842
5734712
9413083
9094780
8352837
9022602
5538782
7233030
6873397
707727
8831508
3912603
1066952
4338450
6742980
3017308
776342
6843674
3388087
7463397
2738128
8271233
1587169
8753773
5424405
2025799
2727184
7346461
4678717
4101652
4251461
6302188
2518057
3720785
2639182
4014934
7581914
9104578
8475804
3965818
2214085
9300162
3020621
4709921
5681524
5996339
8368613
2765285
724916
4170374
4833792
4326684
3459760
4354108
6992451
5163307
5426582
744315
4115700
9356723
1700368
5067623
5747158
7870732
877868
5653831
2828301
3934621
6457296
3167959
6865518
5194349
8500054
7507616
3382363
4932478
3539297
2572649
6203792
2908067
4136118
3349615
2430729
6268941
5223435
9346492
1871190
3870109
1683589
5052480
4591399
7717380
6897445
7552128
6629468
3988643
8536607
2958274
2090678
4789188
3994206
5505515
2885553
3879820
5013853
2579424
7359654
6279132
5482460
2051324
5615847
3446313
5635680
4104490
4405822
3643943
7031930
