coretemp-isa-0000
Adapter: ISA adapter
Package id 0:  +71.0°C  (high = +100.0°C, crit = +100.0°C)
Core 0:        +60.0°C  (high = +100.0°C, crit = +100.0°C)
Core 1:        +58.0°C  (high = +100.0°C, crit = +100.0°C)
Core 2:        +60.0°C  (high = +100.0°C, crit = +100.0°C)
Core 3:        +71.0°C  (high = +100.0°C, crit = +100.0°C)

pch_cannonlake-virtual-0
Adapter: Virtual device
temp1:        +54.0°C  

BAT0-acpi-0
Adapter: ACPI interface
in0:          12.81 V  
curr1:       1000.00 uA 

dell_smm-virtual-0
Adapter: Virtual device
fan1:        3171 RPM

radeon-pci-0100
Adapter: PCI adapter
temp1:            N/A  (crit = +120.0°C, hyst = +90.0°C)

acpitz-acpi-0
Adapter: ACPI interface
temp1:        +25.0°C  (crit = +107.0°C)

%MEM   RSS  SIZE    VSZ
 0.0  2176   424   8636
 0.0  2176   424   8636
 0.0  2176   424   8636
 0.0  2176   424   8636
 0.0  2176   424   8636
 0.0  2176   424   8636
 0.0  2176   424   8636
 0.0  2176   424   8636
 0.0  2176   424   8636
 0.0  2176   424   8636
 0.0  2176   424   8636
 0.0  2176   424   8636
 0.0  2176   424   8636
 0.0  2176   424   8636
 0.0  2176   424   8636
 0.0  2176   424   8636
 0.0  2176   424   8636
 0.0  2176   424   8636
 0.0  2176   424   8636
 0.0  2176   424   8636
 0.0  2176   424   8636
 0.0  2176   424   8636
 0.0  2176   424   8636
 0.0  2176   424   8636
 0.0  2176   424   8636
 0.0  2176   424   8636
 0.0  2176   424   8636
 0.0  2176   424   8636
 0.0  2176   424   8636
 0.0  2176   424   8636
 0.0  3996   588   8800
 0.0  4884   752   8964
 0.0  4884  9076  17292
 0.0  6020  9188  17404
 0.0  6280 50808 320660
 0.1  8128 52656 322508
 0.1  9976 54636 324488
 0.1 11884 56616 326468
 0.1 13996 58596 328448
 0.1 15844 60444 330296
 0.2 17692 62424 332276
 0.2 19804 64272 334124
 0.2 21652 66252 336104
 0.2 23500 68232 338084
 0.3 25612 70212 340064
 0.3 27460 72192 342044
 0.3 29572 74172 344024
 0.3 31420 76152 346004
 0.4 33532 78132 347984
 0.4 35380 80112 349964
 0.4 37492 81960 351812
 0.4 39340 84072 353924
 0.5 41452 86052 355904
 0.5 43300 88032 357884
 0.5 45412 90012 359864
 0.5 47260 91860 361712
 0.6 49108 93840 363692
 0.6 51220 95820 365672
 0.6 53068 97800 367652
 0.6 55180 99648 369500
 0.7 57028 101628 371480
 0.7 58876 103608 373460
 0.7 60988 105588 375440
 0.7 62836 107436 377288
 0.8 64684 109416 379268
 0.8 66796 111396 381248
 0.8 68644 113376 383228
 0.8 70756 115356 385208
 0.9 72604 117204 387056
 0.9 74716 119184 389036
 0.9 76564 121164 391016
 0.9 78412 123144 392996
 1.0 80524 125124 394976
 1.0 82372 127104 396956
 1.0 84484 128952 398804
 1.0 86332 130932 400784
 1.1 88180 132912 402764
 1.1 90292 134760 404612
 1.1 92140 136740 406592
 1.1 93988 138720 408572
 1.2 96100 140700 410552
 1.2 97948 142680 412532
 1.2 100060 144528 414380
 1.2 101908 146508 416360
 1.3 104020 148488 418340
 1.3 105868 150468 420320
 1.3 107716 152448 422300
 1.3 109828 154428 424280
 1.3 111676 156408 426260
 1.4 113788 158388 428240
 1.4 115636 160368 430220
 1.4 117748 162348 432200
 1.4 119596 164328 434180
 1.5 121708 166308 436160
 1.5 123820 168288 438140
 1.5 126192 170844 440120
 1.5 126984 171712 440120
 1.6 128040 172676 440120
 1.6 129096 173596 440120
 1.6 130152 174624 440120
 1.6 130680 175228 440120
 1.6 131472 176048 440120
 1.6 132528 177124 440120
 1.6 133320 177980 440120
 1.6 134112 178772 440120
 1.6 135168 179676 440120
 1.7 135960 180600 440120
 1.7 137016 181524 440120
 1.7 137544 182268 440120
 1.7 138600 183100 440120
 1.7 139392 183920 440120
 1.7 140184 184888 440120
 1.7 140448 185024 440120
 1.7 140448 185024 440120
 1.7 140448 185024 440120
 1.7 140448 185024 440120
 1.7 140448 185024 440120
 1.7 140448 185024 440120
 1.7 140448 185024 440120
 1.7 140448 185024 440120
 1.7 140448 185024 440120
 1.7 140448 185024 440120
 1.7 140448 185024 440120
 1.7 140448 185024 440120
 1.7 140448 185024 440120
 1.7 140448 185024 440120
 1.7 140448 185024 440120
 1.7 140448 185024 440120
 1.7 140448 185024 440120
 1.7 140448 185024 440120
 1.7 140448 185024 440120
 1.7 140448 185024 440120
 1.7 140448 185024 440120
 1.7 140448 185024 440120
 1.7 140448 185024 440120
 1.7 140448 185024 440120
 1.7 140448 185024 440120
 1.7 140448 185024 440120
 1.7 140448 185024 440120
 1.7 140448 185024 440120
 1.7 140708 185268 440120
 1.7 141500 185968 440120
 1.7 142028 186624 440120
 1.7 142820 187292 440120
 1.7 143348 188020 440120
 1.7 143876 188532 440120
 1.8 144668 189240 440120
 1.8 145460 190004 440120
 1.8 146252 190728 440120
 1.8 146780 191268 440120
 1.8 147308 191788 440120
 1.8 148364 192856 440120
 1.8 149156 193648 440120
 1.8 149420 194120 440120
 1.8 150740 195220 440120
 1.8 151532 196016 440120
 1.9 152324 196804 440120
 1.9 153116 197596 440120
 1.9 153380 198040 440120
 1.9 153908 198376 440120
 1.9 153908 198376 440120
 1.9 153908 198376 440120
 1.9 153908 198376 440120
 1.9 153908 198376 440120
 1.9 153908 198376 440120
 1.9 153908 198376 440120
 1.9 153908 198376 440120
 1.9 153908 198376 440120
 1.9 153908 198376 440120
 1.9 153908 198376 440120
 1.9 153908 198376 440120
 1.9 153908 198376 440120
 1.9 153908 198376 440120
 1.9 153908 198376 440120
 1.9 153908 198376 440120
 1.9 153908 198376 440120
 1.9 153908 198376 440120
 1.9 153908 198376 440120
 1.9 153908 198376 440120
 1.9 153908 198376 440120
 1.9 153908 198376 440120
 1.9 153908 198376 440120
 1.9 153908 198376 440120
 1.9 153908 198376 440120
 1.9 153908 198376 440120
 1.9 153908 198376 440120
 1.9 153908 198376 440120
 1.9 153908 198376 440120
 1.9 153908 198484 440120
 1.9 154964 199556 440120
 1.9 156284 200748 440120
 1.9 156812 201304 440120
 1.9 157340 201900 440120
 1.9 158132 202616 440120
 1.9 158924 203428 440120
 1.9 159716 204284 440120
 2.0 160772 205184 440120
 2.0 161036 205636 440120
 2.0 162092 206508 440120
 2.0 162884 207392 440120
 2.0 163676 208244 440120
 2.0 164468 208832 440120
 2.0 165260 209632 440120
 2.0 165788 210264 440120
 2.0 165788 210264 440120
 2.0 165788 210264 440120
 2.0 165788 210264 440120
 2.0 165788 210264 440120
 2.0 165788 210264 440120
 2.0 165788 210264 440120
 2.0 165788 210264 440120
 2.0 165788 210264 440120
 2.0 165788 210264 440120
 2.0 165788 210264 440120
 2.0 165788 210264 440120
 2.0 165788 210264 440120
 2.0 165788 210264 440120
 2.0 165788 210264 440120
 2.0 165788 210264 440120
 2.0 165788 210264 440120
 2.0 165788 210264 440120
 2.0 165788 210264 440120
 2.0 165788 210264 440120
 2.0 165788 210264 440120
 2.0 165788 210264 440120
 2.0 165788 210264 440120
 2.0 165788 210264 440120
 2.0 165788 210264 440120
 2.0 165788 210264 440120
 2.0 165788 210264 440120
 2.0 165788 210264 440120
 2.0 165788 210264 440120
 2.0 165788 210264 440120
 2.0 165788 210264 440120
 2.0 165788 210264 440120
 2.0 165788 210264 440120
 2.0 166052 210528 440120
 2.0 166844 211420 440120
 2.0 167900 212396 440120
 2.1 168956 213452 440120
 2.1 169748 214280 440120
 2.1 170540 215028 440120
 2.1 170804 215496 440120
 2.1 171332 216008 440120
 2.1 172124 216648 440120
 2.1 172916 217412 440120
 2.1 173180 217880 440120
 2.1 173972 218552 440120
 2.1 174764 219416 440120
 2.1 175556 220252 440120
 2.2 176084 220768 440120
 2.2 177140 221656 440120
 2.2 177932 222576 440120
 2.2 178724 223412 440120
 2.2 180044 224520 440120
 2.2 180044 224520 440120
 2.2 180044 224520 440120
 2.2 180044 224520 440120
 2.2 180044 224520 440120
 2.2 180044 224520 440120
 2.2 180044 224520 440120
 2.2 180044 224520 440120
 2.2 180044 224520 440120
 2.2 180044 224520 440120
 2.2 180044 224520 440120
 2.2 180044 224520 440120
 2.2 180044 224520 440120
 2.2 180044 224520 440120
 2.2 180044 224520 440120
 2.2 180044 224520 440120
 2.2 180044 224520 440120
 2.2 180044 224520 440120
 2.2 180044 224520 440120
 2.2 180044 224520 440120
 2.2 180044 224520 440120
 2.2 180044 224520 440120
 2.2 180044 224520 440120
 2.2 180044 224520 440120
 2.2 180044 224520 440120
 2.2 180044 224520 440120
 2.2 180572 224936 440120
 2.2 181100 225640 440120
 2.2 181892 226472 440120
 2.2 182684 227208 440120
 2.2 183476 227980 440120
 2.3 184268 228684 440120
 2.3 184796 229316 440120
 2.3 185324 229924 440120
 2.3 186116 230484 440120
 2.3 186908 231316 440120
 2.3 187700 232116 440120
 2.3 187964 232492 440120
 2.3 188756 233340 440120
 2.3 189548 234036 440120
 2.3 189548 234036 440120
 2.3 189548 234036 440120
 2.3 189548 234036 440120
 2.3 189548 234036 440120
 2.3 189548 234036 440120
 2.3 189548 234036 440120
 2.3 189548 234036 440120
 2.3 189548 234036 440120
 2.3 189548 234036 440120
 2.3 189548 234036 440120
 2.3 189548 234036 440120
 2.3 189548 234036 440120
 2.3 189548 234036 440120
 2.3 189548 234036 440120
 2.3 189548 234036 440120
 2.3 189548 234036 440120
 2.3 189548 234036 440120
 2.3 189548 234036 440120
 2.3 189548 234036 440120
 2.3 189548 234036 440120
 2.3 189548 234036 440120
 2.3 189548 234036 440120
 2.3 189548 234036 440120
 2.3 189548 234036 440120
 2.3 189548 234036 440120
 2.3 189548 234036 440120
 2.3 189548 234036 440120
 2.3 189548 234036 440120
 2.3 189548 234036 440120
 2.3 189548 234036 440120
 2.3 189548 234036 440120
 2.3 189548 234036 440120
 2.3 189548 234036 440120
 2.3 189548 234036 440120
 2.3 189548 234036 440120
 2.3 191396 235884 441968
 2.4 193508 238240 444212
 2.4 195884 240488 445796
 2.4 196148 240904 445796
 2.4 196940 241712 445796
 2.4 197732 242344 445796
 2.4 198260 243080 445796
 2.4 199052 243812 445796
 2.4 199844 244564 445796
 2.5 200636 245432 445796
 2.5 201428 246056 445796
 2.5 202220 246844 445796
 2.5 202484 247164 445796
 2.5 203276 248056 445796
 2.5 204068 248836 445796
 2.5 204860 249496 445796
 2.5 205388 250144 445796
 2.5 206180 250776 445796
 2.5 206444 251148 445796
 2.5 206972 251780 445796
 2.5 207764 252376 445796
 2.6 208292 253144 445796
 2.6 209348 253956 445796
 2.6 209612 254408 445796
 2.6 210140 254800 445796
 2.6 210668 255504 445796
 2.6 211196 255960 445796
 2.6 211988 256772 445796
 2.6 212780 257456 445796
 2.6 213044 257872 445796
 2.6 213044 257872 445796
 2.6 213044 257872 445796
 2.6 213044 257872 445796
 2.6 213044 257872 445796
 2.6 213044 257872 445796
 2.6 213044 257872 445796
 2.6 213044 257872 445796
 2.6 213044 257872 445796
 2.6 213044 257872 445796
 2.6 213044 257876 445796
 2.6 213836 258640 445796
 2.6 214100 259024 445796
 2.6 214892 259680 445796
 2.6 215420 260272 445796
 2.7 216212 261028 445796
 2.7 216476 261372 445796
 2.7 217004 261844 445796
 2.7 217004 261844 445796
 2.7 217004 261844 445796
 2.7 217004 261844 445796
 2.7 217004 261844 445796
 2.7 217004 261844 445796
 2.7 217004 261844 445796
 2.7 217004 261844 445796
 2.7 217004 261844 445796
 2.7 217004 261844 445796
 2.7 217004 261844 445796
 2.7 217004 261844 445796
 2.7 217004 261844 445796
 2.7 217004 261844 445796
 2.7 217004 261844 445796
 2.7 217004 261844 445796
 2.7 217004 261844 445796
 2.7 217004 261844 445796
 2.7 217004 261844 445796
 2.7 217004 261844 445796
 2.7 217004 261844 445796
 2.7 217004 261844 445796
 2.7 217004 261844 445796
 2.7 217004 261844 445796
 2.7 217004 261844 445796
 2.7 217004 261844 445796
 2.7 217004 261844 445796
 2.7 217004 261844 445796
 2.7 217004 261844 445796
 2.7 217004 261844 445796
 2.7 217004 261844 445796
 2.7 217004 261844 445796
 2.7 217004 261844 445796
 2.7 217004 261844 445796
 2.7 217004 261844 445796
 2.7 217004 261844 445796
 2.7 217004 261844 445796
 2.7 217004 261844 445796
 2.7 217004 261844 445796
 2.7 217268 261844 445796
 2.7 218060 262768 446720
 2.7 219908 264616 448568
 2.7 221756 266596 450548
 2.7 223868 268576 452528
 2.8 225716 270556 454508
 2.8 227828 272536 456488
 2.8 229676 274516 458468
 2.8 231788 276496 460448
 2.9 233636 278344 462296
 2.9 235484 280328 464280
 2.9 237596 282308 466260
 2.9 239444 284156 468108
 3.0 241292 286144 470096
 3.0 243404 288124 472076
 3.0 245516 290112 474064
 3.0 247364 292092 476044
 3.1 249212 293940 477892
 3.1 251060 295928 479880
 3.1 253172 297776 481728
 3.1 254756 299500 483452
 3.1 255548 300180 484112
 3.1 255812 300208 484112
 3.1 255812 300216 484112
 3.1 255812 300244 484112
 3.1 255812 300244 484112
 3.2 256076 300560 484112
 3.2 256868 301296 484112
 3.2 257396 301824 484112
 3.2 257924 302560 484112
 3.2 258452 302988 484112
 3.2 259244 303700 484112
 3.2 259772 304164 484112
 3.2 260300 304924 484112
 3.2 261880 306212 484112
 3.2 262936 307384 484112
 3.2 263464 307960 484112
 3.3 265048 309660 484112
 3.3 266896 311736 484112
 3.3 269536 314156 484112
 3.3 271384 315668 484112
 3.3 271384 315712 484112
 3.4 272704 317052 484112
 3.4 275080 319416 484112
 3.4 276136 320788 484112
 3.4 276928 321428 484112
 3.4 276928 321428 484112
 3.4 276928 321428 484112
 3.4 276928 321428 484112
 3.4 276928 321428 484112
 3.4 276928 321428 484112
 3.4 276928 321576 484260
 3.4 276928 321576 484260
 3.4 276928 321576 484260
 3.4 276928 321576 484260
 3.4 276928 321576 484260
 3.4 277052 321540 484224
 3.4 277052 321540 484224
 3.4 277052 321540 484224
 3.4 277052 321540 484224
 3.4 277052 321540 484224
 3.4 277052 321540 484224
 3.4 277052 321540 484224
 3.4 277052 321540 484224
 3.4 277052 321540 484224
 3.4 277052 321540 484224
 3.4 277052 321540 484224
 3.4 277052 321540 484224
 3.4 277052 321540 484224
 3.4 277052 321540 484224
 3.4 277052 321540 484224
 3.4 277052 321540 484224
 3.4 277052 321540 484224
 3.4 277052 321540 484224
 3.4 277052 321540 484224
 3.4 277052 321540 484224
 3.4 277052 321540 484224
 3.4 277052 321540 484224
 3.4 277052 321540 484224
 3.4 277052 321540 484224
 3.4 277116 321540 484224
 3.4 277116 321540 484224
 3.4 277116 321540 484224
 3.4 277116 321540 484224
 3.4 277116 321540 484224
 3.4 277116 321540 484224
 3.4 277116 321540 484224
 3.4 277116 321540 484224
 3.4 277116 321540 484224
 3.4 277116 321540 484224
 3.4 277116 321540 484224
 3.4 277116 321540 484224
 3.4 277116 321540 484224
 3.4 277380 322076 484360
 3.4 277380 322076 484360
 3.4 277380 322076 484360
 3.4 277380 322076 484360
 3.4 277380 322076 484360
 3.4 277380 321940 484224
 3.4 277380 321940 484224
 3.4 274844 305556 467832
 3.4 273972 304624 466900
 3.4 273972 304624 466900
 0.0     0     0      0
