6268724
9811292
2925171
4742475
3262997
9873604
812666
7533368
4745942
5405929
2754906
4706138
1212774
5142116
9751719
132399
9661847
9990074
9302759
350767
9702539
3520421
1695595
3007429
3606319
4886167
4088619
4984634
7112916
3543776
2216840
7403946
2068803
2342838
4302424
9414571
7490789
75896
8818547
9261507
2840771
261353
9621350
4838313
3801485
7375968
5739429
5565435
481087
7156952
4683608
1641477
2196701
2856514
9907910
4079487
135309
7524747
7430224
4479446
1073792
1875809
9127897
3563489
9389877
8537635
2769833
3566699
5327101
7821287
8682156
8971036
1947322
9341580
3806284
1371287
477906
3155859
329181
7509068
2961495
7081368
2206154
9601057
7050637
8952473
6873974
5553196
3935455
4235398
7503099
5720858
8121931
6039152
2185278
2693670
1029338
9637881
8458391
1772519
3400273
445726
8223608
5392785
4995576
2515685
6562605
1419265
3136175
6974742
3859936
9715704
7107803
180839
1551580
299253
1153501
1067207
4640858
9351773
6312063
6401946
9950489
5590802
456038
2350161
6014226
2769697
1334104
1339588
7905163
7984821
3757554
5461376
1392136
6232384
8231285
3243545
5272714
4955003
5681672
2382416
2246718
2268687
2647607
8503611
1329824
1268170
3431842
2862806
718843
9169686
2838470
9206619
1573449
8031994
1467262
3889532
5997441
7632838
2468691
9599486
4435433
5737973
7384040
4685963
5897046
5709249
4473458
763844
7992571
959700
4566864
4299219
8998232
8523367
8891962
8009352
8444944
2561958
1634100
4103889
8769190
589450
704324
5264509
2259135
4435822
111503
4387252
3477803
4837420
2620575
6833743
1642105
3329992
5144409
5953494
1272328
3122362
6585770
2841361
4656163
8518111
2502287
905948
5623414
1531101
4518617
8014088
1584781
6594917
7884623
4675630
3235460
4983729
8197817
4677114
5927040
8580056
2642478
4418502
8735092
3009600
8527070
4206709
5743507
5222121
6937998
7337672
3120194
5201573
7169199
712959
2581671
1998697
9668230
3168458
3092319
2769005
3407409
9599793
9929749
6580256
6005537
2630316
2161127
8286819
3141384
3162869
58018
5010744
4662098
3740006
5916906
893941
7743181
2906644
1488857
7168546
3305111
461324
9377357
6556598
6795064
5096004
544052
1147970
8842428
7865595
6344394
7661632
244742
1505872
2542364
7826504
3103762
9307318
6353470
2165364
93497
4130385
4535713
9142615
3336641
7244736
3279354
1996541
9231188
9612535
1457792
7965325
4365766
9935183
8299638
713921
5246370
3731892
3577101
3607052
7051318
4682151
3332390
421254
8619740
832491
815717
7814559
1929650
1225227
9535895
3968124
3544606
9139788
4087723
1926345
2463427
767255
4220526
646861
1909297
4094737
5904134
533123
5037839
9278893
4376416
9227975
9851202
9548957
4750851
5328526
1582671
7921909
4315983
300221
7834192
1980430
6058989
260179
5706629
706869
9053309
2649886
4600607
1458542
7654006
7267577
2489766
3721640
200130
8872370
5494629
8354955
7521157
2880815
6330625
7783876
1060570
636587
5325722
3868644
7853291
7664719
365052
2485281
5639812
1777836
1057019
8327940
2502242
1360780
6134122
1612577
9126687
6784946
7160511
1153033
3952205
6740588
575510
2095818
4755831
6993906
6085243
9781587
9961408
1454060
1659508
9661352
6744868
4058205
9975358
7670885
52232
6557874
890167
5097209
1468319
3462790
6108151
3248993
4286962
2794644
4526592
4328832
3884124
4993959
5313716
3002130
5550349
2457587
962700
2839287
524484
8076027
2200339
2206044
8372071
6564233
8701653
2925452
4593935
209150
2701779
6179498
5439384
6766647
6503978
9738324
6644392
3733515
4563541
5417334
2721725
7012991
3345141
6707317
7780215
5197944
3299936
9749410
4548799
5917318
9620994
7394280
250471
5249420
5742851
2896161
2930762
3528577
5424716
6443732
8172518
585954
6617931
9857650
7153543
3449600
9772682
5420297
5052664
4245642
2232159
6545609
3666218
7572147
9426775
7364407
4067876
2125481
3726270
9131693
1347886
4031578
8328642
4373244
7878709
5989176
336795
2212092
4452486
6040243
3049868
9320266
924288
4032619
8417434
6662898
5171773
3710928
7534905
6357270
6858216
308180
8747691
3309651
7524673
2977623
2148547
7355951
1751365
373855
4111574
8285565
9934113
6719117
1455029
638356
8091443
8078341
9241580
5159015
8600733
234789
369926
5473777
8480442
5138426
5073503
4114324
4587467
6453377
8495328
6897892
8981578
8855658
8835094
1634989
7266927
9977405
7254771
9302200
2324582
7908514
838349
3739502
2539348
4438104
1005746
6286886
416905
8983833
8971675
4096560
1174296
6035923
7395747
5992747
4452706
4252006
2859592
9544781
1176884
4872303
6614565
6572348
6192583
8132400
7526957
1986524
4935412
6000710
7686541
5321169
6057701
891442
5768484
2728702
2323060
2608075
7129644
811528
3209748
7058667
1589890
6336743
7377189
90972
51469
7938035
1701237
1551210
4303399
9707000
3148978
6957359
8427328
7165465
3039407
3975286
9726258
8055870
4932502
7207464
9939114
3437014
4154894
3356928
5895094
3206935
8731194
2717530
3339655
3103055
9755368
2764577
1532391
3584148
7326553
8294254
8328174
8232191
6256913
4622823
4753604
3180558
5546765
8958529
6548057
4944988
3714992
8766652
7049712
3500628
3925008
6374535
9508392
2303964
8155023
2487238
7193285
8455105
4582439
4605299
5520646
1805514
8511652
9602949
8143312
5354398
8025908
6976755
5580904
6433507
6634351
9387374
6105464
3457562
6802992
9630585
1452181
9285132
9876138
2913760
1390240
2548045
9320676
3416997
5642545
7466359
8476347
9591932
8303622
534116
88959
2251877
8126069
1310814
2837661
5057642
537643
3578872
5614216
5433375
854995
7847488
1921049
3543840
4041330
9305800
3312229
813364
4895372
8476555
6200840
7361333
1729013
1330415
2190696
9058577
4274152
5143267
9942603
8728703
5180649
8930828
8355466
934409
7135000
6453191
5033328
141181
8725459
5812671
9081679
1905793
903238
4246408
2537045
2902820
2861127
371553
178416
6564690
1956364
5472852
2366052
6979865
8852093
4857907
6944335
4337049
2432074
8573401
6737005
1406469
9485926
1672754
4798007
4016060
2543936
70117
2752423
5720502
5867294
5080041
2765276
724304
3505272
9154173
9582977
6096722
8098888
4946845
3564187
8182394
7314565
8869289
3979565
6022417
597786
6525095
9768865
41984
8824615
3798172
1849173
4630315
9841275
4726268
9917233
2026593
3790515
2454284
5912071
1701193
4410949
7154242
4785190
5898106
9142474
8828147
5922025
2904230
9925209
3778124
3325705
838892
9791181
3441661
6296018
8422820
279795
7985755
7549941
1443815
9715080
5606970
1169705
7770064
2910755
6915694
8411332
7578793
8922087
5160732
2635021
7910535
1272846
4902884
7708815
1712078
3808879
7229156
7405536
545562
4638403
6788585
3832778
7691987
4342341
6356839
4448651
7569325
8103490
7803995
919222
1318377
6564739
9234819
8695493
9053795
4975596
7662509
4869024
267993
2657591
6267885
6327044
2418199
2351084
8569567
7531258
7258030
318686
2162242
5694672
1025667
8218612
8157863
6290570
5583984
9154481
3167865
1204742
3058134
8517053
26664
1807567
5175870
5409604
9762641
2241413
3259183
3537935
1922170
8600440
4331172
8820228
9782252
3364133
5819236
5213339
9769752
4164430
6365917
4107792
3819378
8209677
6203174
9076155
3837503
3175692
1555098
6366520
5235348
5722450
1882007
1578967
4471210
4738759
4772608
956011
6858878
1414201
3956040
8690739
5446535
1210749
7401407
4795727
5796053
7081057
6975923
288884
182779
7366956
5996782
8154110
1465203
8109738
3488688
84125
5234694
4777483
573591
5135250
6835251
8923651
9444632
543458
3117905
491466
7709252
2452085
4081364
4740068
5862747
9787788
8661109
9812208
8575092
9266477
6119148
8589178
994910
7059749
1634666
8946907
1483647
5548167
7881540
450247
9623914
7651006
6643703
9774334
1848671
8933165
8963219
1274191
5864940
1929476
233527
9308597
1078173
8770049
1112607
8696484
572710
6920702
9869909
4114927
820582
8700977
1255654
8539980
1870158
1432162
9445729
6300218
8435509
1444399
7839223
4457071
1582493
7728797
3847738
4404618
8267003
788526
7436105
7785163
6996850
5197338
6868234
2305401
4762912
9984206
7430720
4556662
913344
5819583
9614927
5568149
954252
8700244
3215882
1521507
3610477
5387027
6689044
5810924
6941530
9977909
5241051
4850200
3750183
3551126
8003378
4623434
3153310
4721053
5741039
3751355
6881440
3175603
8855873
5556737
9247654
1983022
3430347
2268148
6102328
3911269
2836783
4719277
2258229
5699096
9646720
6241969
1155593
3804136
2080879
8783322
3538548
9725929
7232530
365898
8704957
3886878
5599356
360091
5022080
5889623
2296657
2729088
3181860
9362818
7690430
7973589
3696001
3053043
3390483
2553922
4365400
5680112
6502959
157370
3213742
3067277
596408
7579415
8443224
713015
3368130
3115330
1279475
1133205
3470734
7523826
1473568
2841284
8194830
7345067
6913555
1289184
9318878
7198509
1289521
5213356
2157921
2139048
3208788
1955965
4907286
8699392
6793243
6444583
3896254
7802171
8697054
8738231
2081944
9318762
6075196
4541406
6594089
6455673
2210823
6096475
7140727
1039192
99884
3343095
5741049
262738
4544415
2242694
8347349
751656
4080505
5654533
9056090
8950103
6479652
1927361
10858
2047885
791048
625480
6032988
2023349
3405562
9059163
6813586
8762029
3434061
2365389
6214147
7868266
3449727
9302325
8308908
4692475
456964
1121263
7148459
5098015
647595
8407096
7250973
6758653
7621825
8881534
3153537
1129203
9231847
3201180
9260248
1835210
6719968
2303573
1005861
6782049
6279789
3386393
8870870
1770087
9550626
6299749
675372
6920321
1827923
8168869
3950831
4417427
9267058
5196884
9790836
7776883
5938633
2556299
6473928
2315361
7616737
8863895
8763947
2130271
132853
5487879
1685856
1438436
6580121
6006442
5761853
7766929
6521708
2588635
8579126
7279225
139930
132098
2908996
1049923
2584366
5458309
8772889
3708216
1855768
7530856
28952
6840635
932183
3249110
5489801
1578512
9150939
1592145
191372
7541559
3963538
3207338
1780843
5084213
6127007
8853848
4788697
3946082
7881856
5765714
5542520
7575923
5052171
459227
7871370
3535889
6498283
2910545
8448205
6548951
773762
2792227
2678718
4274437
7536920
1407448
1181501
8605899
2087365
9976606
1575207
8841440
6469547
6021521
1912376
644034
5485309
8984922
1941249
6955777
5642230
1634445
1607113
8441139
4951831
8160734
997953
3841311
6856200
4139873
9528067
9340568
4641538
7615068
3846431
7531085
3267856
674283
9680472
2942696
1891887
997488
1481553
1815564
1246944
2197148
8803521
90217
4947114
7672766
9670300
7676986
684858
9360676
9806434
7928150
8961483
4307485
1152517
5866666
6319839
9196831
8594104
4959097
9148099
1974809
2699063
9839338
9133966
1155309
6402596
3991994
3145814
7462705
4599464
1642595
6495780
2958622
1757148
6048830
2161144
5516463
5096418
8751229
7360008
3706083
4594994
5825792
9628871
4210138
4082094
2259519
3835431
8086647
3593719
137807
9569429
772314
6417682
7252381
3656951
9422606
9838525
3651814
4561536
3289925
696934
1009380
9917353
8407508
2472195
2051298
4313504
5672659
8772808
1401015
5701765
9705078
3123491
5142298
9070660
3753499
6342962
1357632
8340813
7305794
3898832
7748045
2504650
4607594
8383376
977923
5788869
5827607
234276
386073
3016068
3125039
640111
4153895
8476598
3466036
5369724
4388438
9999256
4200650
2862384
9873898
4714564
4937524
4552244
2864170
1198171
6789684
4863592
9491803
3739101
3089434
7441694
7728615
369919
3019267
8643828
5903053
1819260
923045
3373767
2703737
5027177
2920588
1351769
8519656
7551088
7644902
4139540
8458872
3663077
324864
5291044
138475
5486740
4142898
1135011
2436256
7199399
411913
1442998
9666322
4142516
1762832
3954701
6550516
6151502
7723723
6172942
7876667
2107192
6164124
9935223
1928796
8827089
8881686
677084
3034551
4597494
8805984
6717410
1046970
3081538
5961174
5470072
7869107
8870845
1628039
1624544
2710162
2999445
5244609
7908355
8912934
8206930
4087110
822225
6685161
8440867
8244692
3370560
4636065
787600
4961937
9908327
2031351
2922079
7043428
6474337
6162780
8336270
8933904
8116705
9443868
6007380
8129383
1644698
8320606
5205234
4262754
5530429
2436001
2053964
4358204
4821219
5306472
4906842
6160501
807112
5140130
6572285
4033555
3990243
6887390
5634803
2596632
1047911
1129154
9093914
620226
7663935
2883942
2522547
4646415
6085973
9982628
378305
5110327
8361801
2603999
6854257
1420794
441069
5121543
652898
1082099
8180350
9464697
5489260
2867901
6779512
741577
4247348
9866208
500527
2370011
8710752
3713661
6569712
5458734
6375969
890221
6382152
5533411
8621892
5996670
2425199
4570219
5251971
2681183
7327811
5064858
589421
6003821
8518229
8320516
8761548
7229592
9016234
8543648
6523376
424833
3327674
8380767
7874600
3514964
2337881
3535139
182662
1053575
3433311
9951212
9745906
5653365
3618679
2341578
3453476
6258928
5194953
9871379
3968045
43785
3524181
7120919
9943750
7596397
7689112
3771016
5608118
194590
2044981
4390450
6957112
652584
1460076
4523433
6313067
9900304
8898405
3923578
4239815
6013487
100044
4292103
4912214
6357624
6101272
6776269
1208731
2327665
8923054
9308402
812767
7160798
7021970
5957651
6650327
164472
619991
68972
2631740
7384601
6709498
6551175
8063560
2278972
9257308
4438304
3792502
4018627
3246296
6287813
9939808
8661172
5417827
8031790
6673368
5818871
8323838
8777475
735362
5584578
2989301
8144512
969242
212879
5920194
5763040
6111337
8583813
2227267
2378709
119555
7838100
3341398
1019743
3910212
7535397
6965786
9360576
7800482
1944412
4588272
5062387
2666544
3443904
3879957
6600742
4381454
3372158
9882001
1636444
861939
4748202
3641037
4539785
5495731
1530082
1515675
12396
5957288
5157117
2042411
9298107
6251460
3232781
6565921
5090781
6444836
4703804
8821020
2597308
5853513
760896
8420680
3789753
2389551
7473554
4972328
3470862
953276
9194436
7198701
5062406
2191996
5957853
4182251
3762836
5807000
6812916
8218230
5262572
8806545
4697272
4916016
506864
5178737
7774609
7357169
7107478
5545719
4031590
7219022
8696629
5465420
4369203
3891474
9693871
4984876
4615054
8301145
7551356
2718881
5449135
7495284
188580
9729108
8300288
4207172
1447385
6029758
3377515
8162267
8928891
6082158
7465356
1729102
2150782
7111155
4496113
8169480
4916037
3006841
5867358
9344310
2051027
7158476
5766077
2336875
2007354
7185260
4353574
3499751
3049235
7146962
5254808
1908703
4306578
1312434
7353370
8699485
4147495
2024165
7696504
775490
8308756
4567167
380458
5184975
8690641
1482619
831657
8323586
7919857
3164096
3592339
6950589
3121024
8877537
7777054
2955314
5887294
1011048
725706
4436423
3660284
2085193
6038398
5386124
9493286
9259891
1417670
5554519
1166634
1248333
4180025
2881598
5119479
9040568
7521541
6103459
3992910
3593355
2542040
9775276
7340444
5664276
2015235
8335034
4074140
6778202
8732105
3969599
4367592
3669648
465031
5541459
3357333
5378683
7398687
3180630
7819468
7095144
3526463
1195321
2864787
9417090
7310634
9111192
8018444
7198147
9012697
3120660
7568585
6085004
8061778
6233509
3154015
8650937
1633920
8122543
5040955
9127373
7138374
8480013
7003819
510237
894620
6400485
3062217
691771
743467
5721736
8796511
7171130
6904394
5782601
3024238
3214070
1988939
1563903
2589560
3202370
9838299
9805797
5708569
2634047
4570153
7822513
1669753
3780533
886262
3299993
5952664
4887577
5761305
4042143
9503931
1949459
288586
4850241
1483626
9808149
7667246
7474014
7592681
1026191
5030063
5275766
3088676
6302667
6948386
1764647
8847568
5941574
3819350
6502469
136737
1572444
9368335
3345855
3238684
6234720
7059708
8261213
1233144
8745303
264209
5138120
7117567
1923985
3584634
7014173
7492882
6443168
8195007
4487548
7003
4222968
1224273
5222601
1357310
2854218
4975056
8765146
345456
6668085
1923472
6397766
550386
2331664
7145224
2409317
4178971
8554816
3557584
9690968
6952376
3759505
5264247
3763105
8573351
4269015
8709455
5238745
8552363
5492784
2514485
1880801
3064816
287232
7068759
1940794
6848965
697515
1473409
9379489
8124732
4962973
4995175
1969844
7900817
7090319
9650952
7576373
1932148
1714265
8668005
6618068
2212812
5174397
9822911
8605544
5541587
4691279
2598384
8014310
8871711
2118255
3709664
4238488
2146153
8818850
7001350
5546121
162122
9873272
1385139
7288768
3694225
9143847
1573958
9885037
5988745
5804325
9564201
9751809
4118306
350609
717285
5343142
3059180
9030630
5008873
6989810
6315852
4456652
7131829
2965085
3374748
2636229
149784
4616419
458960
9813669
425
9922243
7878153
5460004
6053613
9341247
9421097
5030693
104628
6193003
3153676
2181968
4461004
4381329
7856508
977986
8929915
1903217
9901251
3497004
5580569
9057086
3425493
1612100
32754
5013587
4024792
7022314
6225969
9723952
9807549
2009313
7488649
2460733
210686
7634940
9404368
6551703
1842504
1993176
8509394
4135635
3972475
6677353
5675204
9873190
7809304
2755333
1561871
5387060
9055344
8493776
7029819
1594038
4337089
6156055
6204432
9682504
346580
5176203
548748
8585233
6140247
7260742
1173026
415668
8639896
152429
6539448
1781248
2226527
2184165
9658435
267568
1074635
810092
8320170
8554986
4526141
1379829
1572186
4742347
4504121
7065056
2056967
4842650
3762975
7091177
4622923
9248001
6364731
1530575
9376404
2311478
9910528
8796760
3115505
5353471
2273894
7829066
4583682
4910483
848590
7185002
2473495
5985438
7621512
9042870
4465480
8410103
862903
7681079
7136395
6936355
4991374
285406
6313407
3242579
3977964
6525093
1942059
9615170
8563992
2575275
8649019
7107740
2803138
9306052
7690103
8744331
3319143
2738262
7405933
7513015
1663748
4278572
6451736
462078
5653196
1231419
3007858
8767793
5047763
719153
9483031
490223
2275126
3800752
1307619
1740225
7694514
8572515
9863738
8408168
9441754
5658394
9985478
4706036
2779491
2669648
4679189
8253274
6900593
4839682
8065676
9169688
781834
6475953
3054910
1391661
6484515
3000692
7719103
9896848
4796794
2412865
192052
6544736
5865638
8539928
1131179
6431900
7146077
4335163
7654711
1375040
757053
5087439
5740109
2875586
2512732
9433847
3506628
6605051
5723678
9652578
3870425
6394131
3265303
7647136
7684287
4466763
4885725
1707655
5823527
4608993
2338167
13538
2536091
3439022
9035039
1647647
440475
6463054
976959
1722309
9941852
3818784
5913106
5491689
7742406
3805216
5300910
5317840
5187127
9405438
9746796
9451348
1490706
1941087
9101269
9092739
1460504
3145962
640335
572407
4171108
5465329
313177
883918
1040580
1035446
90360
9258079
1610700
4564814
1755098
3961681
181444
5920574
6448040
1684855
6335624
6142975
3570029
4707764
9464777
2901977
4219243
7525308
2651003
7037267
2133575
6566002
9616758
6597356
4382626
3659442
3223604
2373773
5184306
6189680
4607852
2435585
6876283
6764417
2920338
9396948
4226315
3608540
6948333
5496292
5514194
9395247
8450060
1205080
5292253
7927331
1732430
5934669
1255773
4309515
3683861
4183708
1982693
472420
7738038
1390880
4079172
5092262
2427211
2721311
5687800
3454947
8429669
1690140
5060954
9024520
9898460
7113073
7340080
2565097
1852874
7759721
2500986
3663212
2157038
166586
1596386
8649281
7700135
694321
5393071
6684161
4530901
2974821
3872087
3484229
2230417
4418328
2900072
2428453
3890584
6419988
7103067
5894236
7803882
2430357
7042992
2894318
2899636
7167777
8628775
6186246
2246452
2796036
8613005
1183473
6940858
5282932
2309662
2250751
7454978
4972327
101314
8108640
6933763
9592947
5215517
8409384
9316016
4315466
6644441
8283705
8409103
1313091
3825584
6586998
8347029
5570091
4725194
99529
5762849
62628
9532367
8173807
4215906
8523610
4181757
3724054
9303065
4288872
4547145
7734382
2634076
4064769
8361648
5584660
9391141
4291666
6128335
4039595
8719560
6937638
7489712
8531115
3590097
8834616
5636660
1573982
646391
815140
9487227
7956674
7110658
2066286
2915633
6408139
5540435
1121069
2357621
6154411
1449062
46891
7480333
8705978
5069526
2233059
9031849
1273310
3251789
3199080
8210435
8407200
7094292
337554
9188007
5856629
1860567
3050716
3221170
1214080
7922640
2225665
8283657
9675781
2496789
4869065
9508780
3187810
2840009
4724064
2761182
9893166
9023234
3435835
966294
4034739
7154989
366604
8290337
882113
3178541
8638099
9770643
4835582
6503646
4383524
5209347
6623065
9716292
638654
6244083
4436276
9223773
2995232
1187523
8556327
3691285
34072
4102955
2042816
1740098
1935933
133323
1324129
9322499
3442037
361280
1793816
4492848
2940483
5072760
2344685
3964330
7805754
8187008
8892314
2546459
7984071
1895967
8283332
6948090
8248706
8522624
4411943
5382665
9778069
7488608
2879299
8410375
8229057
3522417
122016
9019029
9061632
9409269
1215493
62218
6974759
745778
7857619
4398223
6671085
4212419
3206144
8746190
97356
6490642
7333571
6912491
5983542
8053076
658717
7537259
9313301
4035687
7595886
643865
5879374
3409815
6347938
9153455
116478
271728
9735981
3327468
3876369
1329779
8507058
5436010
6771795
8814388
7215586
8394024
2244604
5444240
5582203
3091293
3783285
6394021
7820707
1912386
4405268
9145642
9131427
6116881
6040240
9471013
1631874
6456113
2179955
5059448
7081924
2868405
1941140
1347665
7871456
8840363
6659585
3851742
2787212
7348674
2541971
8950373
9732316
1133143
9668663
5811009
3894357
7237217
1183927
2971585
7997382
9065024
4558307
529934
7990303
8954227
4670680
6060276
181028
476482
2532688
3169764
4258582
4814691
5752906
8189628
6729800
6235201
8636229
6746653
8255141
5275219
9785335
5530860
7120207
8744752
7435251
4660096
7248154
5618592
4652317
6216411
9193481
1067472
388581
3011526
3799898
4389233
1975681
9575354
8198688
558568
5784676
3563936
2735677
1644368
6148224
2084296
2693880
4361292
9374654
9751063
1545249
5825279
2997945
341651
8535200
4266648
7245489
671779
4835654
5825311
9845328
8291603
1156977
3974773
706187
7676547
8837415
1654161
7456424
9782079
630231
8200361
1296376
7092478
6441589
4078694
7931027
7782971
3012193
5758572
6310877
5913315
9295187
6999897
1864264
1213837
2534168
8016420
5231870
6908739
6348084
5032525
5721923
1411657
5587412
7489819
3291793
5318985
1183375
6895744
3832459
1799629
2849372
5965292
954402
7970044
3487769
6764388
9004825
3346425
9744978
2919012
4132410
1816951
3644325
1697369
9888771
6027745
145885
6543019
2939359
3519669
3119400
6972802
9590775
4605470
4128563
6212706
9607046
2570406
533727
2299421
9024128
2991031
8834829
5990287
1314834
4643564
2120029
140958
7847455
5938188
4877397
6231818
7271153
8646923
2011401
5047215
3120872
7656186
3799527
2704598
1632362
9995758
7685031
5338405
9490055
8750531
4656721
6805212
8615029
2128749
8000262
9731270
2054781
4048953
1503008
3203355
3727496
292295
4947816
3781020
8754688
914459
4323999
3189601
9986529
8562070
8902541
9085800
1769358
1540326
8527061
2326902
4335732
3693797
2418460
9236519
5452459
9657588
9958779
963503
7061058
573005
3803923
5336912
4739933
823633
7055503
3371780
5385750
932708
8536503
8976175
1299483
7146844
8510632
7627661
3679558
7659738
8984309
9304088
809560
336757
1557699
7593005
9449698
2143193
635880
5572401
939380
7599549
4572087
1284684
6873695
3265896
4625433
2595633
3930606
8241399
6582978
4537538
5147314
3266522
400619
8883735
5681774
2582692
8117589
9951756
8768469
1007700
9131550
4849701
602245
9283450
6491643
1159984
3856861
9259161
1651688
8698144
5392910
7566814
1889915
7567547
73466
2124190
5562938
5331714
8369463
4877931
5595216
8121812
4710810
9825371
6565645
9336428
78936
3542233
7827876
9803336
3551180
3301879
7281386
7025509
3134566
8327566
93365
9742276
3622205
1879975
9073313
6806542
345583
5047210
3355249
1377038
9993675
6977383
9621681
374668
595267
2158020
5377491
3837461
856404
512853
3443423
3344396
6736318
9376832
707544
7143316
7300561
932818
9822283
6547159
5411746
3795863
2519902
2807442
9958611
7380191
9968325
1489847
9652696
8102264
9206999
851509
3873753
9366774
8872920
4066026
4745062
4829695
2205706
3801207
8527312
6178175
1392062
5468871
9501528
4993877
8894230
4873141
7118637
4028481
38392
8184060
77411
5063059
3168505
2496672
6542436
3659721
7373886
823507
1410685
3763388
3517922
9123581
9916285
4559558
2245147
3312019
167052
570108
2721223
5384911
4048481
250436
7851239
4075931
2851869
5782178
6504785
1909251
1215034
8889599
5379990
5871092
8062244
7396275
4174104
5665460
1695343
3974874
6878211
78025
7856032
1381919
6154430
2586839
3301556
9359422
9825553
3329312
7070059
5437588
9787429
220632
1037791
641664
2001483
5586387
1482461
9108432
9440204
7280528
4483334
819853
1392763
6377907
2815218
3027680
5960933
1379222
8236908
3420167
4782483
2602353
7029219
614355
8287733
1103557
2244055
1074686
5033452
3291178
5216249
2272192
2310756
916775
5593841
9262097
6689574
8232321
7292320
1386569
9389553
3709275
6478571
5324285
6250287
8811495
9680337
8533790
5238672
9144920
3265960
1510913
8769385
8410656
1451927
1524961
829549
5541712
7316682
2658453
2690590
6041551
6144113
5502556
2641502
6577528
4027324
1512454
8267940
8393471
793776
8291550
2451360
2960784
3000719
7761155
3452263
7391413
8810654
7710041
370689
2467221
1276901
7135596
6011653
497000
5805381
5191329
9186718
246444
6767907
7159015
5356678
9201403
8424187
1860969
2567822
6523234
6886669
4984859
8400428
8831536
9395820
5838668
6752927
9622613
2691694
4474589
5914699
8137959
8962840
9800101
6201845
1370585
3687938
204413
6899586
1248230
9544866
3335739
1146255
9173755
5951908
4375528
6483919
7771370
9900752
6410158
4090852
2210255
2918705
3753595
3092598
8101672
2257903
5810032
983733
7332159
2987507
4901957
3621493
1673891
6635309
5772694
5991151
1737463
8345392
1930651
3789179
714824
5132612
7469112
5362723
1030773
7158892
2118852
8287391
988918
5162503
4667660
1650839
8314066
2940272
8612776
25543
2442620
3582099
6162071
6798987
6749870
5742921
9936926
1739158
3908172
5740928
7429222
7986821
857861
8718300
6684397
3144450
9595301
4734083
2869842
9402700
288700
1770698
3478801
7188757
2461795
894799
5369513
4162362
8601575
9809179
8815244
8910216
5248495
6118822
401801
63754
893673
2742261
9622530
9438177
2765348
2571450
7141035
4647394
5943674
4423193
3203603
12745
5164308
4740751
7648193
4341139
4428073
8238411
9342712
2558941
6452206
1963465
4241278
4689702
8054120
3503123
5582555
9601924
8793565
5927646
9827882
7679686
5015234
7288230
3098881
4657629
4705499
4254328
9083438
8902245
5470079
3939576
7395788
481286
3964609
5163652
7890911
5669573
5612351
5106979
4669348
6893258
9785966
908489
3450528
7376850
5017359
2184738
1864536
4953064
3485700
3652269
6812865
7386416
5053035
4138588
7093307
334469
9114168
3571320
6284140
1641530
7786488
7123049
9346662
3625021
2522863
7574952
6749988
3759044
8837795
9021807
3048
5684423
1604165
8068221
1788427
2898102
1170036
4782160
9573440
4853963
5472429
2542287
4906430
1780552
6539417
6041887
6570643
5905171
6526265
9613445
1715301
2994357
7589522
9036555
8320415
8227708
5837187
4441018
575939
1568733
3638251
8441882
3278623
4072952
6847733
3797000
2883510
2953711
2835652
8425249
9665920
6039297
8003076
3983575
6897672
2687925
1939725
3260905
1613829
5523725
516692
1331244
1797492
3271013
3254252
7829991
2992158
2638972
7674866
7597305
3126910
3907851
2088175
7329412
9879770
9111575
7991075
2526497
2391699
8670300
7380195
2689751
3638132
8486059
5375740
7597667
4045089
4824388
3969494
3929057
2431654
622580
2464437
1280496
2443826
3655887
4358941
2623087
7114144
3146058
689591
2643879
8364575
9391549
9040164
8049923
6891711
891840
4425634
3273400
4294310
7667261
2552103
651812
3391389
4680898
968176
4200406
5806636
611863
2585084
9377360
6749017
5530528
1390771
6945987
8486248
9790101
2006678
8857546
2832062
4834299
2808159
4735003
451614
8356978
9001256
7677008
2685739
286401
2656380
3958308
7036470
3648009
9075137
9930091
1933510
4859886
2399718
3266414
6483027
2891521
5097915
7545151
1621270
7858762
2743569
4233680
7108757
1489249
1150540
9144855
9002878
6461175
7303969
5535538
6994822
2721917
7105217
6491017
4471037
7020103
2936730
4932647
1344821
2592979
6302453
7870466
9046791
4407779
8262479
2459392
9240839
1757959
2125683
7297706
7329886
5490476
451575
1127631
3102465
7510550
524620
3728491
6485467
5557133
8617224
544610
966747
9268471
8991819
5663383
1198469
623991
4396661
9413038
2598374
3787789
3956592
5273918
1123319
2603856
8444154
1581362
8390142
773945
3153977
2965039
6184816
6128748
7356045
3210304
6686218
4535112
2949927
9917437
9078101
3869248
3156762
475523
7862217
8838240
4650647
3671532
6310479
5873008
9622811
7559996
2179414
7142640
6653325
7666551
7975757
6476646
4720970
8219554
5010166
7350228
9531963
2470915
6460246
4843982
4380983
7673368
4405339
6039494
2430688
9807215
2200311
2703157
5708573
2976477
6677939
7802395
5753574
4101102
2078644
9398386
2777583
6848076
3437869
1774665
5225871
8187682
6627365
7411470
3313211
1461565
4524815
9728068
7074484
3066247
4864019
5816572
4516537
6549677
1095046
3227362
4194762
9354671
4729075
9798383
6889499
8969097
2062482
8486913
2578182
9832903
4862977
2473562
7860531
798088
4921386
3801172
6659500
5011359
2593012
2680473
6304357
4285700
8727381
4786997
9021346
7675697
2970879
9768473
6450879
4808373
3127349
2953218
9986433
3937226
7669250
6835957
5075232
2555358
8153216
8612249
8457911
7922009
2979385
878862
9779767
3033557
3939905
3593412
3565618
8989
3340942
3626725
469646
3469522
5068935
6928993
3115464
152082
3623220
3727282
6945357
8025720
2212821
638983
7172000
1545719
189773
8462126
8005129
6305042
7140453
5475819
4764623
1464300
1303049
8560854
3724147
233061
7886715
7918319
2714762
6612927
5308499
406874
9076260
8008107
9105862
9813320
2439113
344560
4075355
5864114
2445162
6931255
6365285
2868062
4702678
4303248
4984608
1470575
9327009
4786403
9567930
4592800
3616025
8271880
5515175
2907667
9569668
9177991
7914430
5025285
209255
9471781
7168368
6258220
4925297
4177743
7765998
9613512
923946
4254104
3410290
5855854
4872891
3423697
960392
9391441
9786026
263836
1843388
2262455
3814135
8028529
6343748
5180806
5879021
2184748
7789011
6969270
9841968
105803
9169834
7282313
4307465
4916238
2488030
7831281
3590562
3768478
4811908
9587074
196155
1807118
4941860
125915
6640773
2392011
2526756
621747
974666
2405336
4137191
8450965
417355
5543575
7200461
7769978
8736114
2189461
1049458
2833675
1442415
3005358
6804584
5854822
2187496
6318324
2659079
5483319
7472007
6609825
769742
3492746
698415
5682449
1776133
7372835
4482811
8774569
8235386
6505424
2748942
2662867
3194008
3358243
9930143
6002797
8704438
7188723
7739471
8023764
684038
3895420
2673733
4813739
9627494
5732161
3469852
6951109
4023201
8849712
8296642
3496198
5918184
1465886
7641765
1119126
2362642
4219524
3874464
2097651
4378424
488285
4200103
4405528
4394850
1113820
6135926
5916180
6220204
261413
7057427
282581
1330178
6785559
6232868
8911298
43656
4919388
8523129
8145353
5618752
7413120
5525193
712613
7630140
4464853
3124107
6755090
1188298
1853643
6861810
4197170
8694330
8992933
4551320
5456637
7204660
6325855
6645524
5902907
2278063
4350361
8984527
3209525
6413929
3343962
7892541
2955638
8971749
1103508
1455889
7037274
529877
5536920
7956258
6716656
2736960
9902114
5891649
336628
4112526
7314201
9091741
9026737
8575497
4534037
2248115
2048831
6668069
4911064
1791169
3355632
9621238
4390184
9584406
5174737
3860801
6494591
1312096
5021439
175361
9741676
772525
5041555
2522985
7904682
7261898
3372055
357238
2445306
3717691
776727
7741229
1949970
8720555
8075518
6448881
4934662
4423641
4522921
346365
6444541
4242933
8634601
3066164
9204738
3145182
9686548
2234762
6204039
6131659
8701356
4136776
8302659
4293410
9652418
9828178
7647722
8399503
520756
3444032
5467550
1967428
6517582
8716016
9005016
665674
8255081
2996193
4888078
9544431
2660436
7258933
4054816
5477304
6700658
1967868
5140472
7449927
2282406
2100607
6140535
2053190
3747647
219120
9918666
5166951
7720769
8252351
6156426
6952531
3514229
6149667
960713
484924
2233836
2373966
9030094
5369868
4806197
7152838
4408468
5677301
4091818
7678050
5571722
1534847
5065664
4809752
4388047
5454429
2475687
5773876
6976272
5080043
5587376
9087220
460076
761250
8729319
2232139
4066642
7958068
8245342
1978946
2195195
335036
3091364
2460636
427673
5007454
6041371
447819
7594722
6568083
6520241
5745967
3646035
912732
9199822
5037114
4527575
4532726
5250522
4575116
33087
9672775
3598687
1797821
9873768
2532143
4068556
2673059
1725525
8852385
1897451
8061734
6034395
2904868
9550841
32010
5703283
785420
5161482
4465866
5852505
1932685
1891129
1892442
7830659
2950536
331221
8252612
4538176
4984287
6110388
4795059
1231177
