1945202
28347
403714
6613895
7052549
2313967
9489200
7769115
2671632
7609343
4757615
2384510
6678252
2999433
7458217
4874485
2365769
6935685
2142057
4062911
9702509
642299
6160608
6383754
1872469
3821314
7243195
9765864
5966285
3093699
103248
1994703
8706973
2533878
7848700
7908897
1469653
2100051
6116803
8647218
1045906
5936898
7556728
3936506
6374003
8507093
1632035
2045024
6838744
1862797
4034149
9604761
8172276
397523
6255674
1769841
5393493
9403690
3169180
5608843
3147023
53034
3302587
4192261
2483839
6157508
2990604
677270
6874873
8059104
1561892
1379783
7689651
7681083
8073054
9356088
295057
1286207
5122938
6436633
1607824
7734365
4123827
1394199
6395361
2042292
3367189
9850885
2466079
7536118
1539487
8247071
7213654
6595250
2090670
8967552
7485371
2393254
9796157
9164418
7512279
2396254
7261000
5721053
6405366
5692304
9161794
4218875
7491870
4929343
3494696
8732214
9500395
9792151
5621458
8099660
9982062
3840801
5059585
5473260
718733
8622487
6836843
9799538
8974406
4983725
788866
2098731
600498
531840
5393029
7833766
9842922
8342434
4169999
7043217
8449581
2088210
6599603
9055878
6225926
4019120
8646087
3803253
769251
2255959
1418447
9628874
1215209
3308638
3125952
9729146
9848608
5354466
997967
9188579
8552836
1703859
2968295
9929437
6501036
4833275
5397078
3176440
8362831
263254
732106
8660679
870355
8858417
2502147
1094088
3349409
5749721
9902797
5305720
5074057
6196958
2776674
405403
1036375
3300988
904498
9769137
4477198
4782710
6891283
5762520
3147262
2105460
4251765
989040
9713064
8509744
7803760
7965140
382556
8260124
5861184
3444880
698125
8390552
9225425
4871259
4223957
1788002
8302684
5856109
4177833
3579755
7821943
4023387
4743669
5621640
5455892
6336429
5630227
8605366
4226252
7440732
5532116
4926546
5667597
1115801
4835307
188473
1903172
7792210
3712047
8896052
9331325
3329376
2870575
5993380
8321171
26205
4180101
8983115
4878533
9590172
7967857
8726884
4287376
3846883
7458462
387031
7412270
2924438
4577786
3715409
9677648
696452
2174580
1229312
4681433
7848463
8587392
9710647
4986089
9347571
6018526
6227396
4634720
3379595
9823438
6612902
9439915
713410
3847501
2794659
6471042
388639
3648744
6550201
1576524
3636994
8620438
8118410
6767120
61840
4690614
5716959
7165172
6956654
699650
7395234
3127306
7502469
8392054
3416751
712074
7539186
6757957
2368677
354679
7757483
246442
2971997
5956109
8028549
4318194
6176419
5583683
5672377
2757098
8542720
5376976
1864978
2435396
4797865
65604
1791429
1795425
9344923
5621416
3962447
5335484
1012723
6787758
5440956
1846935
8283388
1657799
5641001
5204541
5584107
5523886
7785399
1244969
7945405
3092966
189361
1958264
994570
2435694
4732522
8570406
3952220
9859768
6548953
7930978
6146048
8908137
2624729
3758749
7450791
5006996
2067726
7967691
3423981
1296037
2742049
5252982
4967139
5795562
9446934
628371
3755829
7682657
9269070
8470703
6099974
3978292
6999400
3935322
5441510
3403091
6365409
5724268
4205796
2978581
5046943
3558508
7685544
4460260
1956014
2724701
9658812
535190
8848433
7137690
627191
3130193
1269801
5647682
9883019
2068092
5347364
1483756
2830007
9447075
4218269
5326173
5766976
6054261
6777408
7483341
4034899
1989167
4772863
5582787
4956603
5946237
7750477
17506
5514625
1070791
7918277
795865
9112185
289532
4068804
2621922
5949675
8364209
6616282
6009691
2458508
1890951
7731312
7632140
1530872
9464386
7140813
7044501
291633
3965263
4826708
3967264
9770467
9748058
2357446
3740873
1395509
1240866
7759876
8461248
3699434
7365893
4713344
12417
7816080
7753043
3317939
3927245
8281894
2016987
2115244
401364
9571422
8683637
6699653
3636885
8763024
9586277
3764326
8718829
8335349
497873
5955727
6716051
5297068
7566351
3485488
9477693
609164
3066634
9773080
8867599
4081356
7019396
7986838
2805431
5387152
4737446
1180201
59227
1268199
6578004
4366320
4813300
8172935
6773011
6553669
4289732
2069948
146398
6400885
4167513
1166432
4291729
4084028
2256945
3748701
8273198
1570972
9519457
8076689
8269724
6910120
4421745
9050631
2257846
1323293
363982
1474193
9579455
457718
5236524
7110635
8838200
3059876
8592764
4255783
1370669
735451
2298897
8212863
1708137
1070032
834069
336849
8162218
5899457
6018147
9143445
8601658
3334740
6933210
7413114
1565059
8305787
7025831
6753930
395057
2957655
4967505
5336673
164737
1184753
7445031
6356133
2600213
1909264
1948275
3429825
9211768
345803
8557273
3806582
9680647
8124339
5232610
7328429
8957021
3041408
603835
6533554
4191575
4931042
2993688
9680440
4118887
3851694
9562937
9069739
7492098
8084278
7445650
6274795
5909260
3065695
692527
774969
7165526
4906010
1641121
62619
3510722
3432076
9508025
2397580
2766627
2589327
4553593
7174863
8313945
9312677
8158114
885895
2196941
6833348
8291179
6027282
2742309
2355286
5770272
3900558
102115
4969198
1346385
7958742
8096691
4885283
4649045
3748642
8428091
1645983
3930341
8451893
3731509
3019928
3260813
1894454
9539307
2526869
1480135
4781558
6952635
7171598
4038328
9371219
243489
6711667
2846723
5318421
3080880
5797791
3070770
3342600
1534179
1190616
681900
2509076
8274034
3238595
8085069
4333269
4344471
8811933
4631383
6752726
1563388
618165
1919086
5879288
2020973
4912577
5388217
4823618
942390
5701926
7464823
1010591
998628
2082224
99950
4423619
3984934
7688709
5079653
1482928
8566805
163418
4649546
6084744
1156849
6850086
2722351
7324705
1899432
719822
6202813
442554
6448276
6005078
3293437
5482944
968800
5913322
7100870
6961114
6988999
4021454
3086600
9229139
8958362
9839962
2641068
3730744
9021391
6000622
7039223
4642202
2455524
4777219
5187014
5539801
587608
5892275
4681763
5730047
2239883
8455404
8325519
5709616
8359804
9444725
5174181
1380901
8847394
7131524
2210746
3924304
1247590
4838029
9022026
2030626
4034110
2427164
8509890
2022947
907313
6685274
3862304
9421770
6971857
6501278
4642594
77813
5580785
3838599
8407726
7498889
575563
2748363
4525506
8442116
1470688
2901556
2101372
1560765
7160912
6436063
4043344
5511232
6229694
8288003
1720662
705164
214505
2506467
6937917
1679838
3081201
78572
2194342
5513640
9282009
9248301
8861270
8007846
2798588
844216
3879908
7436187
7748514
9836893
1232347
1907977
6045728
7772021
8246262
2079721
7420669
4449664
2414104
8955379
5975343
1802026
4463177
1881802
1252624
1004366
2562223
3221825
4324873
3443595
7069820
8795805
4397941
6800047
9940171
5948575
1773036
6600649
9246539
1042965
1015106
9611658
3297407
8962185
8425716
651403
3019532
671308
8673760
3225482
2196153
5484051
9824330
4598902
2329836
7164530
227414
2607717
5236766
7442381
1767673
8363997
7474752
5930967
3760592
6941267
7119132
4076578
7424389
3961929
123582
8127537
8844860
6092251
2170527
6129408
2453197
1734755
470688
2778384
3117636
3730890
8282202
5223796
999818
869709
9461527
790936
684189
2061005
8844336
3575380
8528177
9880556
9871985
8356967
4130577
8816986
658492
2391849
2419066
7181668
8432827
8710179
794659
181401
7857430
5646446
5776478
4537659
5918898
3918328
1259668
5413921
4095086
6121769
5146392
4216057
2555147
8655093
4200523
5744561
9399514
4321722
8526887
8256637
6861118
2896000
9289152
4364155
6974314
7568282
143340
3349205
78123
4870935
4584619
7486476
9906558
6014111
7272131
1466515
1537740
1058990
8833105
6581467
3740206
4693482
6131754
851018
5367378
8349663
3875160
5995758
3924452
7836456
7124780
2601189
6140672
1627552
1075097
4866387
9960910
1540719
3246541
4638083
5114421
1475468
9416396
3670278
583766
3978720
6706364
2776114
901829
7160024
7136740
7757532
6543148
216625
4194914
8856844
3749192
8556522
6294894
6337443
5915027
8564427
7076881
2248005
6762125
3408346
6181062
8844832
1133431
3947012
2907984
8288066
5130143
6881042
1312359
5070624
8149464
6073328
6213912
1062991
1083586
5221533
5599462
2737973
8665410
686024
7910254
7237210
9604541
2323064
2483603
4686585
943947
6398481
6249377
1735490
4482446
1960776
5870929
9568841
4218729
7916067
5210715
2787639
487114
659784
9293550
6884076
3633135
6334376
7212797
3533980
5613096
4129349
4603072
1540025
2973157
7489898
873281
730134
9469754
1028640
8360321
5781245
635999
1551168
1104699
433299
3630002
5462702
5864672
9274524
115129
7137765
468083
3272889
6882865
6662664
1785655
1508359
841950
8262977
9192399
6401729
5790390
6024685
2475809
2132206
5039696
7281199
7053560
840689
3793664
3178259
9026231
4007829
3888720
3602821
8883755
6374226
7137497
6969697
4598607
6541446
5599589
6773090
7240247
4125027
3763143
7815815
239656
914604
8814853
2101199
54386
389229
9886908
9156993
6097473
8085902
7862126
3703446
842148
7429714
9474280
4788047
9972617
2687015
1011733
9978164
2434700
1035869
303069
9834117
8217855
501627
6047439
2873682
4518620
5834253
919687
8964917
1827584
3047928
7244002
92274
777437
6021127
4794082
211091
6073927
4019802
2699921
9397083
7862033
8592155
3876407
8816389
9945625
6352223
4286774
1134146
8641014
2424539
9150915
8514907
2760035
6599565
3085377
1005357
518298
740785
5907502
8895654
4175929
1886770
2209365
4399785
4404983
4644495
1813884
1771580
4052798
4473941
284463
9669928
4237962
6891417
3823247
1153180
8079214
8423159
3088338
3398113
3266081
6523519
5272743
9032483
5499290
2160196
3701674
644743
3182598
574164
3253254
5378965
7800777
5988796
8006252
7249762
7916789
681264
2476410
7195120
4480036
5840016
1883234
3519301
6716423
1827836
1238920
4798220
7874360
9141911
7567557
8729452
2411460
4826451
3368910
7441281
6543330
6704436
2496383
9323322
2859508
3838738
7911339
1005937
4653737
6073799
6835245
831522
7679088
9378448
486595
3866716
3663819
5273559
3072620
2429273
7829519
1511076
6031575
6534150
600361
3256116
6825188
6137578
4037198
663540
4535246
4692325
5934639
9317416
5907932
3857050
6255863
1293331
3092633
7206975
8809503
5848587
1322639
8841994
9549132
2575672
5053700
5637867
1056175
5739298
910278
5136937
413795
9214089
1949881
7072084
5372958
8936671
5884757
1310143
900486
8254452
8248051
4457161
4113619
3423509
9522959
2352020
8983166
11493
7898675
4668515
6990758
4590434
2405737
7545365
7571843
7015778
7263995
9268498
8075330
7583716
6445915
5768102
3614995
1655835
4996332
3011420
9950791
1909664
3903928
6963995
9003348
6747925
3197301
4329522
1426107
4516848
4384810
6690555
3365159
4849170
2495036
8885030
186003
8857238
9459083
9739327
425050
3983419
3435349
2385776
7540291
150828
4980366
1994347
1190442
7952030
5128837
3487071
2173356
9269109
2393540
995459
4394727
2016858
116084
6440214
5361162
6578823
8608892
9887982
9265442
3633839
8193000
9576465
9993020
872145
9044719
3080004
9280394
1093707
1704355
3503119
3901141
8946581
7756764
1615631
4736744
5007604
9869000
5157457
8783207
2119804
7400906
457249
1629417
5143598
3966625
665488
6750795
4726440
3468742
1600820
7942918
8337324
944576
8815440
5036375
5246210
8310845
7761532
4989389
7970891
9911703
7290889
14011
5286539
7645551
8605201
9923811
6651956
9783738
8520632
2783937
8656609
8518218
8243340
1112758
3451071
9418136
3046289
4043053
6887166
4565281
422947
9570025
7699122
7753407
8128103
8684036
9972716
9279276
3597045
5787806
5282940
8462097
1150253
7698123
5424126
8920096
2156248
7262540
9382122
3446196
3726514
8568556
656551
9662007
4734406
6561268
3898345
2005376
9420240
3207958
3601388
4476118
882487
4704267
9233390
4917811
1561792
6423404
1078116
4541786
6221463
9678372
3792208
5344164
6511391
8910241
3553925
5121367
7295928
4217184
5172087
3634432
3231680
8249069
7497686
5188103
6051196
8503046
8996759
37440
4120830
306828
1414101
3714923
6968636
5799939
2379036
7689965
3170821
3543259
9629845
5131131
2370962
4970187
6177022
2924884
4059403
7874824
9382851
9918496
8031870
4104511
8379933
1167022
3775929
2410393
9445151
8395671
7910424
3880617
9059327
5866019
583708
8603218
5365450
6468375
4040606
1754841
5047097
8834400
879234
2355165
6779245
4522636
4891422
5863536
2645164
4409199
326411
3455983
9169058
9623332
5704163
4343623
8663744
8177809
2244650
1123231
7336007
2585836
838041
397118
7917340
5983379
7549687
1754433
5459659
4384393
6749719
7725354
2627214
2185700
4042625
4499
2696764
7649432
244810
2068550
5086089
9533914
5349095
4097868
2180025
9374060
6433545
7390204
3283548
6258318
2829707
8962355
4421701
2122105
1756579
3219179
7286807
9054735
2477825
9484803
1834364
8043868
2815296
2451151
3020178
7596600
8299296
386143
5619407
7240771
9988299
1346624
9205313
4617232
6764219
2781471
1146801
9665164
9063787
8421021
3975748
1232666
1745560
3040336
9665097
4219953
7178816
85103
656394
1628796
9102487
9022219
4245172
6956422
9004833
7941913
7704850
1848203
7682785
4206675
5459977
8226570
4037836
8231404
242906
3577522
3895692
677470
110991
5633964
3578075
8473299
1280984
7433092
8279190
2574419
9901853
6997366
5232865
4754171
1942604
8703181
1128695
7742732
5397406
1386879
4607779
2722177
1416438
4816251
4151572
1169978
2402597
1820365
8878753
4446120
2252049
7985479
4273873
9987628
4129369
5506877
7824767
5430700
3473955
9525953
9230253
4832462
2204232
9419249
6758977
7055532
2257754
7293184
1666727
1610067
7668466
2226330
8939104
9299453
5300039
5361512
472185
454909
7100566
6245217
8328913
9176879
2015922
8455265
5089093
6326413
2421692
1814643
490420
9022312
4878226
4606485
843878
1731663
1058762
8276976
8872183
5495309
4342401
8133976
1354995
7961474
4508752
1865793
588420
2838239
8960058
8402854
9593398
2592924
4988541
2127430
8256228
5823965
4220636
7258581
6392987
2808660
4165897
2221479
8662916
1793592
9364006
4058506
4825954
3721159
2469088
404830
5047368
8537370
2807293
7699861
2019041
2249727
1133882
7721719
3691970
5950887
9674545
6470908
3669631
9570845
8410749
3389888
2273184
3721223
3953655
9344001
3572052
7865097
7582636
7913871
7917837
7102184
7216017
8431603
5756119
8620979
5205263
9159700
7386004
2385550
3161241
7353782
9570899
5605193
2979530
5000923
7211840
4477294
6612502
831241
9652534
4018431
1863695
8601385
7569614
5796073
9149828
8302994
2389206
1211646
1149492
1271516
1893311
1531383
1296664
6241171
4061285
3515386
4084724
4165103
4589523
1381244
8215818
1473863
1847371
2706966
7151601
2852091
3552053
9731380
9331783
4299594
5315050
2264656
3254475
2615084
4093640
6986278
7288437
1770971
3293631
2251861
5405723
7476071
3460828
910999
5478458
4727916
318596
9964248
9333398
9260230
2409670
8361549
7813000
35207
4611735
6537791
4239154
4314246
7218831
6750288
793373
2312763
9477246
2688733
2183906
8264502
2896151
5280940
8309178
9758789
3213801
1731104
3868667
5350960
9304395
9161644
6737017
1493445
9895869
4266248
1374776
6579393
6743327
3753531
1172894
2482442
8777710
7788640
5023852
9337529
1904293
5452897
408073
6437606
3634707
6555916
5984694
4348021
8708566
3205499
9969357
6967762
6899147
5110408
4916786
5551877
3154316
1398800
6755042
5054415
3791787
3283560
7895519
6043916
2233535
1465579
5894742
2640919
1597511
538884
471414
627464
5781676
5108845
4936941
5392584
7282110
6940541
4828106
2439464
943921
6786003
1131694
3057775
2049562
1866217
8212654
8942352
3066250
6635524
3614908
1610979
9074095
2869941
2387233
4023632
2998492
6651954
3452425
673268
1372720
4042352
565114
6565958
8870466
4816580
2130513
6092451
2693850
5464625
2709929
1052382
4976212
7887443
8016039
1122629
7238173
8689315
8896232
6741892
9809021
5951099
6598693
4340932
2437664
6333360
9020398
7361059
5349648
4865871
2110628
5886577
1104471
1074536
314979
2380750
2943188
4678808
1268769
9076185
1553248
3897210
7258803
4482480
7011564
8060463
42178
5221765
8900736
6224816
5662680
6860232
7753952
669379
2915359
4809236
5144593
6747861
3998742
5340204
2751917
2787890
1983385
6073454
2005936
9453729
4483890
7139753
5979310
1702955
7941792
5982399
2880517
2625731
5749940
4749972
7016016
5569262
6285478
6668292
8889655
1638415
2613343
8687717
3657222
991031
5554882
6484060
7634431
8046014
2405220
1766927
8956639
4918879
5404342
8895366
6528126
5478353
7564563
4839687
4360681
7841539
6646538
8324733
9107206
2504367
5540433
2695550
9798645
7518026
3111151
2449728
6176121
249747
3057088
2559971
4263648
1213218
7494737
6947400
4876059
7681064
5158923
1171610
7688371
9699559
5588649
9164279
795611
7537409
5947112
7217074
5064738
2963651
5163989
3475978
6830245
9940785
2890440
5934635
3959160
4728963
8864347
6231794
7284803
8479317
7790296
3458919
3657328
8127186
5639726
3324934
7133846
2357229
6001037
6622393
7846550
9089563
5227379
1894215
854622
9821773
1428065
9003926
7160593
3039261
9707884
5942015
4907063
1266842
1793735
4516861
5480737
9043721
6904741
489393
4025959
8051920
3432327
3884434
5071470
4000406
3449573
4769936
3484573
1808936
7808893
2026480
2946027
3637894
3153134
5677159
1319664
7297447
342314
2546199
6231214
7712736
727312
8611370
3902297
5841896
6311648
4307744
4533755
2495283
2842776
3918883
4988488
8198396
9632809
9926703
9407980
2638218
9069933
4556252
846395
8948272
2657837
8206233
2035660
7693112
1563890
866031
301215
3167264
5522905
2874701
1540115
5501037
8486295
3306078
456386
2681292
1188907
2074226
7494339
1429572
5739292
2956100
3026191
5029361
3632811
6054710
6753164
4549084
5722436
3104981
1503078
2972407
5347856
5648042
7545098
8550852
5679615
1070498
812781
3351217
2871960
4430240
4762786
8479761
1883217
9500141
2135094
562183
2398399
1388501
6526241
5953155
2251651
153607
4736627
8690330
4203223
1917132
9506697
1780250
6008166
6379869
4102479
4865285
7302725
9065167
1096576
343812
6932259
9052304
5339092
7049031
8749045
8945728
5228380
872801
5038699
4348595
2955149
9772921
2877574
3239123
2883225
6655809
7031951
2665942
2736974
6467232
4125643
1261720
4956490
4506222
4411424
8830240
8774160
8652130
9458015
7944019
2087483
9751687
9021408
533689
2989985
6855418
7575705
922736
5940501
3278743
517797
1440629
3174215
203081
8370277
2296044
6589420
5442176
3966439
8145285
6211259
801500
696520
4167351
6140995
6401828
3797791
5357912
3425189
4273946
879409
891818
8521810
496149
3956235
5092256
5952454
6079922
2633991
8534767
8799014
5361930
3002228
531416
4778089
2516804
1585671
7879570
2995831
6937923
7441620
2190586
6736363
9102337
9963703
5435809
3199419
8691447
9372146
8838092
6602982
9826324
1421236
6373067
5451404
6214858
9836410
95104
1186579
6356316
4513906
9138087
6550127
5514388
9246237
1080552
365680
5337204
2510935
4214763
2863169
1294501
5983678
1692210
6875447
1773549
7058930
622686
6605836
5463716
9078103
1039012
9664817
243603
7667379
65744
9607808
7779929
375868
4342882
1659780
6061444
8211254
2166059
5159562
2876963
4052599
932066
6198052
98537
5907718
344382
1844701
9903274
1853638
145420
3895607
4606289
7105360
6249731
3700848
7122123
6669532
8768110
631109
1145838
7352651
2489386
8603605
6583523
4036237
4331966
4006472
1859520
5651026
4073662
4692452
9361986
442780
6869170
9778305
1842127
8025877
2395249
1761815
5816423
9960535
9549953
4580522
8826335
3106041
8518428
6710702
8118417
3031436
319325
1965314
1467811
2257137
1476253
2297652
4856214
8863812
6199926
6025740
5062472
5057045
9186617
1068035
7575011
3277755
892050
2737569
6541215
8896322
9952576
2874520
2884903
1252577
1855534
1592175
5588071
7076015
9381609
7874807
8377088
2498943
1823904
9303266
512451
3372904
8919473
4624088
8388705
5097721
7365335
3061816
6780015
5603641
399474
3019071
915883
6130803
4378444
2207410
2258041
3848439
8950568
4750141
9003616
1345053
6605575
219780
6044316
310219
932483
752280
7476224
1286493
7905753
8403627
9592980
7898956
3082210
1007280
9755838
1610856
6664747
182497
6923531
8642307
3383067
428552
1964665
3517025
9042952
3369275
4059919
7277281
8684390
278543
6655915
355470
6595719
4084002
9497607
3520815
5990451
8546199
1118121
9033374
1398778
9007179
3598236
2072168
7020407
9797273
4294265
8649691
1121254
9085309
83582
6500956
3096034
5378257
7559980
378079
6503076
1414498
3093495
8103355
5865615
6323944
2293611
1445621
3368871
5791589
4882125
6985666
1839835
7668852
3494566
6365621
4387528
7300890
4971504
2461788
8098337
9897840
4112480
8631757
7092709
1542214
9426399
7312125
9055613
86991
1338667
3035178
6373832
3184038
5759128
505144
9390284
4053145
4664926
5961959
6574030
2951871
6712640
2332944
3800720
7529144
5477983
1478167
6529447
4531606
6852021
3427521
2590994
6776232
5100003
1096531
1594953
1365548
3117211
1874697
6461143
6644206
3697077
121955
7114676
4795549
2929132
3697916
6855996
7557373
4186417
9636207
7908979
2427887
9926588
4006625
2005255
8353189
7269404
9709910
1191971
4541518
6993790
2959137
5258683
3488187
7811081
4526120
421459
1175683
8702110
9457396
5453352
4225154
3985880
6957621
7164508
4962428
3677433
8029841
445883
5479098
3655427
1854305
1988251
9380813
6770269
6418228
5318490
5977587
9446736
7249250
1824224
6026662
1252423
9714354
3048743
5653791
751277
8175009
1859776
6907460
4534646
6959702
7089328
1451784
4431922
5963126
4618151
1171672
7089375
160384
7735190
3740349
2452254
9346381
9141508
2809902
2779350
1775273
5910964
7696397
5611670
7481836
124767
7189891
1291289
2089827
2619050
1431664
1609217
4589290
5228661
5006514
8749204
3128952
6738457
6345816
6995956
140509
1109452
1096694
4194701
420705
4486447
1176872
8834517
7104706
8422908
3800887
12306
8272304
6862631
8593627
6576453
4085253
6309897
3563496
2846738
9481005
24206
2812915
2294278
459785
6582933
9485780
3307315
4567881
6083585
6403253
6035030
3373831
2475305
1684660
8679750
9023168
186790
8552262
1543424
8177856
7758046
338655
5085257
6547805
5378340
9604735
5781637
7527013
5238359
6402382
7485891
6716883
5581671
9117663
7475232
4964790
9238472
2667951
2862007
8656136
4937944
6237743
3304389
9776170
1500170
3026660
6099497
1828572
8338403
6165966
3130613
9645586
7246450
1879123
5519991
6516158
8890187
7835897
1052547
4519598
9421906
3261834
2116335
6430090
4073051
5608553
1947830
628286
2339461
2349419
3159867
3754476
72546
1953296
2447335
432948
8701837
2836177
4362742
6299053
2472917
5134108
482511
4389759
3001834
2152083
3654481
6751899
4055934
97720
3955232
2833848
3508376
2822470
9673992
574517
7899966
9440491
7523898
9550481
1914111
5459601
849159
5318534
8337282
5241840
3377110
8970186
8305445
3000967
9613681
8854605
4518379
2563310
5031236
4866579
5438535
473875
6993714
5721837
2331573
9863204
8653685
7949910
4035032
1202836
7143004
8103552
7825910
1025634
9746369
4971013
7774575
7735533
2324939
641184
7268688
3832330
1032955
1245398
5841032
9556981
6706317
494864
4598544
9984508
4790440
650424
5729537
5986672
3877478
4106442
5121530
1954960
1227104
6744982
3840518
3295056
4116226
7066216
2182494
4661131
4749475
6916486
7351990
570936
1835943
3981234
4731977
5022530
1107096
1451460
5498750
1929328
3766005
8427974
4608753
1638077
9705586
3295188
5437955
1294353
5409345
6224557
933942
4138158
161878
9998944
1707729
5865054
8547436
4422731
9658395
5178075
2240831
2821119
9465276
1595487
8036544
5003866
391693
9471168
4714770
1443385
2976259
715659
5218170
7672709
2757376
2869336
7568898
834745
4485683
6460532
4065445
5680820
3316870
4435074
6739605
5324283
1080199
6436610
3679633
6361931
177505
5393206
7130636
3790597
5877022
5600764
4333120
9448497
1957152
6409812
2621290
7991286
706877
2653515
9794563
4631818
8045330
3816404
9659228
1243973
8616879
7917147
521788
5561043
4625707
9635896
7112223
8232153
6430269
2517506
3236118
9202839
2331423
2181105
6252508
7705956
5850571
8954269
9476067
3161529
6804365
228082
5437208
4038739
1302562
1406825
3083082
8230099
6203290
9501166
1993898
4020566
1564892
7844943
4999586
8826571
6249146
533981
7188427
9785997
5327759
1094167
8583534
8460859
5648007
1697780
9340952
8491164
4016823
5487410
6766371
2478571
1576654
4827943
2370593
6050271
6886934
5512936
5923598
4883531
7159800
4963559
7142211
5812396
2223727
6741291
9516047
3978497
6778604
294391
4429437
7539642
9628609
631148
691649
5705971
4540959
283858
3903711
1162815
8892780
4625054
2572504
2652801
1359778
611161
5218870
7389136
7363757
7408217
8225331
7140561
8320083
5575564
1474736
6458782
9501957
5443894
4827228
8951762
2538571
7548045
3230227
9674534
1300027
6109167
1698720
7061721
6369208
2632490
3354036
1865935
4150597
8654618
6648267
8689392
9564476
4130909
1183067
8273667
598325
652003
6352690
1712396
7648407
4932920
2379715
3610625
3449207
9211663
8158570
8157698
4810672
7086980
2696696
1513964
2362367
524949
9443055
6185810
5590786
9137265
5564596
8481602
8355626
5892072
5488669
400013
2663080
2000383
4268499
9509162
1176921
588817
3616885
5245340
8864963
3304932
553733
9828424
4822590
8719809
7376988
7979337
6705102
798090
9684195
978895
6050554
8500717
5300172
3461337
3646566
3602296
3968195
349316
125913
1539409
6241400
5692012
8719663
5951871
8293223
7704288
7232061
7307737
659421
5485993
5951567
2539462
9340803
211793
7826791
1040331
7939389
7371157
4770836
744133
7415517
2330824
9391686
7489733
5007483
9640540
7407229
7793884
48169
7918489
2006212
372318
9058209
9851273
6788748
9475392
1831225
7636264
8447195
7697107
5534345
1712464
514141
5201620
3100738
2917988
225336
4338484
8254123
4670269
8311316
4356636
3382138
8263449
5202376
3105208
478629
1896339
2425086
2609339
4439356
100748
5907261
6328032
9359710
8519783
4281151
1971720
234676
7033987
479996
6625164
753312
5843798
331853
416735
7414416
7264786
3222463
850067
5342492
8810928
3167297
7152634
5444207
698373
9989829
4209668
2526910
4880552
1693758
9792909
7925281
9083939
3491062
7557357
6230286
4758829
7409927
5640829
8585671
3617463
422095
3625822
1061937
7228435
8784729
251932
191943
5515411
4919306
3880841
3408756
6448862
1000651
5523258
5864274
2442336
6733372
3365874
4984529
3633921
3540746
3992861
4045001
4981622
6866331
7692242
664705
8244724
4832962
8418787
757865
8120585
7556170
2730838
5581497
2353783
8664990
9965846
972050
537432
9022933
4824044
7175534
9715318
30945
7066344
9053872
9556076
2346296
825314
4826831
7176266
6100265
1760083
4503830
2402269
6868125
6349332
7169479
3272030
3669755
8198207
7136127
7120774
3467299
6810399
6168246
4895587
5204200
6175130
47918
1672962
3515052
4190012
426628
9875273
9743408
9949158
2711368
9541112
6839900
7353110
9257536
5178853
186839
9943228
6761174
2729791
1227740
5312368
5959208
7455579
6614035
417731
8276051
946598
9811473
7584085
8978124
8836661
1832561
1114787
5498679
8888966
8820963
5062425
6741962
3861370
8865420
4372641
970694
9720663
3941627
7116565
8868018
3155689
3673206
4314348
1900819
1366680
5268210
6144919
4143985
2997547
6562848
6795365
7463817
8085737
8333604
1743448
8936410
7609420
5620644
3798921
3956645
5453655
6917291
4683035
6118665
1731835
5116096
5704946
8412655
2747407
2682333
6059181
8643800
6905561
4699852
5079680
1406275
8685443
7263165
5114434
5887498
7568615
1434285
4680719
618072
9916757
7782003
4851792
5354907
3312198
4544505
8979496
9261741
5240440
3323008
4538452
8989149
6700443
8473986
1499593
4780785
1797072
912471
2037276
8261992
4842557
1240569
2656921
6636242
7513042
1454677
518190
1362202
8044495
777265
3752745
8474282
1133281
4586925
3394566
7589032
7011610
6284236
9813607
438708
7455851
1699170
1244868
884942
6902531
2045704
4519388
6655708
7994133
9079219
6395879
2437987
4233028
7014439
7115059
855789
6916475
7778946
5585120
9566795
2816523
2584049
7314416
8309451
7893605
9582798
6217132
3938564
3150956
2175773
8641997
9877420
6988506
1197966
1664242
7255526
9828806
9345231
6482817
5504383
2787721
549902
959543
4936211
9531455
336299
1956169
8001552
2820644
4364088
3057592
3083942
6672337
979621
1813917
5588950
5381253
3657869
9221308
8855459
8816853
2583951
399214
2006207
7117328
8988159
5682106
1066155
8271824
9374540
3616902
8523319
4995535
2969185
7233554
3850479
9997190
1283181
7142813
5199531
4530680
741110
9450309
1580912
1342646
8040142
7742208
8614343
7678688
223495
2832226
2344434
5847662
5048019
4734444
8663194
8440819
262854
3161632
3898686
5640568
7830789
5853588
8911116
3889889
243519
3467579
2855403
693954
8243945
4954605
1868890
3674167
490801
3434327
4805586
6977976
6789075
2565551
2259837
1807883
4955534
43450
7453805
9908097
1830545
5976133
9037912
3247777
7887306
3147392
8007883
7365843
7786774
1338642
4219023
7865038
8586909
8278263
4956570
2463702
7052240
9035581
3150065
5423948
4600915
3007895
9586659
1821594
2006287
7121870
4152331
7116515
8273195
2878014
272339
6364689
9701833
9363401
2615562
4244240
5347643
1061791
6443478
4249787
9846412
3489645
3407086
894503
682696
2840365
466575
8322741
7248254
9417055
3159871
1472923
7455066
1389182
9591840
9139523
9910214
6342122
618132
1273515
9437717
7340148
9251583
7345130
1532488
9377627
9144124
3228602
1871327
9959594
2648654
5651215
8872797
9249065
6509521
1479458
286898
2654972
3017866
2504937
7623354
8112598
31926
521747
2423449
1541199
2363862
6353929
1085400
3502270
702845
4400119
5845586
1573637
1037091
9185979
3338986
4059966
8173560
5178936
6707376
9976624
8511025
7272551
5075712
9240018
6583419
9458664
7370839
8712754
7149619
3621309
3496340
6713339
842242
8491266
2465779
3357212
4644377
4880758
5666763
8079435
9157650
4300141
3049953
7178342
537147
2746485
9147274
1581000
9036685
3344152
5940870
1238064
429421
2660355
7841814
8079714
2432878
2769298
8986229
7015809
6056477
8241319
9903321
172725
7737477
4038634
587720
2287281
5023128
1539259
972098
1867923
9199229
4377319
4571939
4050761
900051
823221
1168529
9316272
4527420
7283098
8972067
8209166
4383935
8026512
6841091
1431232
64132
1709080
2187411
2239351
3986315
4026698
1777892
9460652
8744507
9509279
2033422
8232357
8629523
3227233
7683798
5600452
9252193
9353108
9754272
1968838
6061265
1598654
8881207
9960561
7654958
2968652
945215
4336789
1065053
8003679
414313
8553258
8433352
9303509
8576126
7514700
4303688
9438686
1898710
3786590
968104
5833622
895638
2271430
7079380
5339065
4068937
6389375
3542997
4193453
9038014
625691
5612174
7875277
3619376
4419248
8662973
5658472
8227747
3244891
4778981
4619295
9673030
6591127
1897552
9639068
6316934
2123166
2636879
5025077
2191771
3796174
7033020
6855025
576779
359616
1272984
1337605
2963714
2125535
1031617
4443080
5966368
9707591
6263759
4726977
7881038
3826750
4037486
3056109
3970616
7643509
8625117
1206689
8912585
2493612
4084622
2489634
1324154
3713494
5121152
8618758
4424413
9665159
9699497
2807732
5255508
6483832
7290510
399166
5453147
4071664
3138862
9017678
5200571
7253266
2421291
9171166
924477
4079072
9536213
6536947
6535958
4122360
708283
6235929
9706182
3842790
4104948
5639870
7046905
6413072
9864768
7723884
789474
7239242
5907432
600217
854708
1993726
7617640
2099508
9772850
305049
5622251
7248958
4743159
2067332
8375985
3595564
4372675
8925172
5625342
2764279
8527362
8095268
9328734
5328060
2347141
6557121
890418
3095948
4606191
3791744
1324788
1636816
357019
6844488
2032197
8080075
3140437
2071619
73525
7282867
97986
6971498
4541579
3631967
323045
1144551
1287008
822040
6918408
6485757
389413
5202408
4240296
7987877
3644831
1785204
1931468
2988771
4869306
1595074
1259994
5779857
127997
8501437
4346423
7567897
6085907
4536759
7335696
8496570
7257321
2839784
7550459
5282254
3119121
3663297
4263434
149884
6010591
6513394
7869823
3492007
702389
2759300
7931766
6267822
5316363
9577192
372768
4084432
2184679
7734803
3090347
9594156
8268388
4751817
347194
3791225
7194297
8777514
1753720
228408
6767997
2626676
278395
3817693
9215386
5096293
9780035
6953934
6877827
9973268
3128082
5189342
5232995
9352085
3431427
9040830
9306633
159234
6474612
1530139
7622743
6469379
325830
3589516
3350340
3115289
5021503
9296755
5157145
9599271
956847
45278
9011697
5959435
2434426
7219673
3526944
4058867
8842100
2142044
9506598
6091746
4615119
5182791
7932096
2028941
1351594
3784664
5939310
270721
9532146
302561
2154931
2638409
8267761
5290440
2031116
8320060
3724155
6835584
7815670
7682103
5105667
4892575
414740
5895972
3346948
223012
3915104
8361242
7884822
5641771
2716882
6745328
6947326
3094912
2786577
5059632
4951449
2923623
3728170
40333
6135078
8244561
3115817
8296838
1787990
7534561
6103621
4145062
1055965
8621293
5988281
4205573
4689522
3554296
2934802
3285624
5267082
796325
5583594
5934559
2603462
8039926
5942957
2876912
