5738138
4743766
3814873
3023008
4489107
1461213
8801500
4186239
3608267
6401548
5975010
5812453
5064964
5510634
6824797
8398623
4579407
3491213
2496546
3341005
971943
7289887
3774608
2718095
5279470
8424300
7293725
9354914
755879
2815282
677029
5062702
4993754
6763848
3135933
9149385
4829255
5100345
2213750
2007739
5586625
4906462
6604571
5981428
6688228
7300272
3269172
2067633
8190310
6639959
1694937
2730469
5552242
4022523
3654458
8703765
4183319
4423368
8173345
5274617
2321495
5289760
2292719
8359120
1371042
1701379
2517244
1576374
7213933
8520965
5038575
6986112
4861152
1826016
977522
6175531
3108409
6776561
6950875
7005492
6840322
6030095
3881482
2443536
1821632
4397307
5240270
4944439
7126599
628122
6374552
2322636
3059259
2526087
5455608
6481923
1898387
7627143
4434241
7978118
5398671
9263522
5927425
6632539
9738600
9123880
8524076
1555118
9826198
7034007
4300021
7886588
5478934
1178164
763324
3585239
2454460
1160413
2243192
4877802
3301382
539093
8507984
6627510
6507144
6438609
5723214
7787732
5524144
2258709
2063139
1391256
2494115
5941522
5961979
3285241
5502397
2244313
3066513
3710280
1992037
9546954
7457119
3272643
5076858
5918738
5863359
2102492
3616604
717370
2905493
8339681
3099734
5811995
1039698
4002237
8885668
4697051
7287235
2188164
447346
7529835
6996305
7761757
4531868
4699511
7425300
3861767
4984978
6224416
8933463
5392824
8632670
5785513
4814401
4775356
7699748
2730569
564563
9030325
2591618
7156460
837723
6276350
1256614
2306361
2076505
5205514
5278056
4486013
2410617
4741217
617004
7648444
7489705
2616232
4104207
8345735
3399385
5305214
3093535
7655049
7605298
4482979
5207268
7347479
8494923
5754278
6360170
4047229
9351238
9396358
3668889
8902657
5862969
6149077
7983535
2083907
713566
5783446
4155546
6308068
3582526
9258901
4766288
6184597
7834064
8821503
3157795
6692210
643560
7141143
3322229
5753619
534326
5663398
3687015
8138954
2083542
4911580
7496286
3769061
7323410
1788923
5160638
3997052
9128010
1207534
2890198
459070
1191202
2985293
4810356
1713106
2448351
7264425
6927778
5388743
6695334
7536890
7019216
3522887
7478789
3872193
4692617
6751950
8448021
9380484
1106876
9467551
4194551
6262782
4288894
7209728
4293224
9052453
8914465
2437672
5819153
4754358
7374072
3115292
6586884
2365279
5375869
8213610
6492801
1615874
1521089
3890388
5368820
9107491
7326446
7745809
1556447
3055161
7730514
7782462
7923285
7486638
4453123
3282375
6648306
3275999
4060070
3510922
8317014
6294438
3322564
3402480
9228697
796934
8100260
5934587
7864407
7077643
1727079
7057825
6857819
3964995
7746773
6731485
3242759
7828731
1186591
7963786
1706903
988219
9014267
438707
1017838
3949910
7168189
7981509
6704162
6376214
7189213
6855200
6159007
3562326
2483147
3157943
1838503
1123672
2214355
3894519
4078270
8120540
7795877
7564891
5021767
7419686
6460036
7510089
721442
3608571
5583001
5046333
687574
5931544
6991630
2209165
4324632
5994575
1917275
5269035
2473273
7077441
8944565
7044052
4099278
3578969
3712154
6887778
428283
3885393
538810
8161742
3002863
3067740
8773027
2279453
2984119
1583745
4334436
9367917
5438121
8690959
2014018
5955314
5762158
2693789
872029
7769892
2359779
4128239
8617572
5333714
712201
2039189
6653557
9072376
1384873
5917008
8821718
7664597
7257256
509278
2534829
8999532
6781289
2353866
8383487
8040588
5289196
583767
2352769
5779351
2887755
2029150
4413904
8873063
4133099
1104105
4798093
4465579
3532127
5015593
4908105
3893751
1812332
3381932
4642140
6763974
2494602
6624402
9709149
1178225
3310224
4471318
8304175
6661818
1596320
2761364
2340192
2104684
5736059
3008474
7305651
1482810
5429468
7757716
3950550
5379738
5801308
7429463
1948743
6288564
4239093
7361005
8171707
2717000
6236340
1954169
2247508
3032338
1903654
4110088
1145237
6644056
6504131
4317073
3282967
626802
2548661
4412617
8357242
8148892
8873261
2629849
4664953
7775700
334270
5577761
891243
3203452
3487768
8808047
983155
8080333
953452
8347748
7596156
7882166
7468293
7228185
2899622
4630313
5274837
2337161
3868664
4609373
8465376
4528104
9006219
9651868
8242053
9700478
4947169
4735394
4132632
4489550
1755145
2889214
5113616
9440196
3151209
3550692
3893420
6084652
1218799
2353511
3226077
3176578
6121498
9559738
4164637
1204836
2425589
8698311
7801550
3066514
9759281
5060718
663087
1022736
4184226
7171031
7006994
2762312
2666430
2002855
7223911
3637641
3991479
3775435
8672287
6306554
6777048
486486
8342532
8539753
5450242
4498621
391567
3781200
8670471
3854644
5051990
7121777
2331830
1639713
9800960
8689750
1889193
4979083
8275046
3951428
1593201
3327036
9360790
4859949
1991698
8224796
8059022
5326601
3835890
3946268
2224406
6099250
9698004
762617
4124430
4556840
4978829
4510073
984396
1206054
6702164
3066087
3530356
1397959
967966
3235378
6813734
267625
7556531
6697008
5381022
4111718
8047640
3515682
7386416
6268476
4858455
2646015
6558557
3613681
4711636
2468432
5900420
1562869
4887770
5988027
1922539
5375440
7085885
7836189
3222673
5510140
5201249
1956986
6077372
7955759
8364619
7588397
3043752
3437355
7039472
886623
4114293
7111056
7577407
5506289
3769929
9030362
2630624
9758127
9288878
9473226
7306371
6425963
1287009
2146175
1347506
1925987
7544342
2164742
1008996
315678
6775649
829507
8000913
9111597
6944993
5593164
5035371
8896773
109683
6652675
7447933
2347747
2734019
1858009
6902247
3150474
3752208
7334356
388554
3167605
4248456
3372902
8874719
7487100
7806011
6961232
3770386
4524566
5407217
2617800
5424987
4721378
5158885
5313553
3766347
3941147
3497067
4132948
844664
4186316
7546766
5298611
8787337
2243119
6577704
4834675
4932725
6627927
4266177
6315689
3389178
2282022
2065492
4703947
663985
4097683
5872263
6463502
917701
4369150
3518951
3442788
3852570
3636953
9541234
2015448
4275906
2741268
7774601
694513
3593907
5165270
9187164
3518150
9868659
8059571
4468047
2831804
7848239
3167210
2873539
7447675
8079333
7701755
2015585
1297169
6239870
5706827
6616563
6079071
4857145
1236863
265231
5141899
8635419
3240020
2044482
6646087
8741886
6782206
1208054
3716532
3280843
653177
7280771
7727879
8966808
3118456
4967574
4954829
6298978
4738284
737120
4801769
8080591
3152990
9299219
819436
3717500
5834270
1205237
1690542
8062404
7505588
5853549
8257732
7668568
4980693
576503
6596177
3377056
6187455
5603448
6600196
1763737
1486707
2580141
5570839
3073179
5907234
3243514
1297752
6014874
3444214
2197492
1258481
5237722
7773583
8569428
3495151
6758532
5603077
5388641
7247755
5148522
7663075
4919599
8618857
3540453
3787690
2201387
3638937
5075617
6380079
9329566
1412145
4185326
5295248
8044392
7478360
5621902
2797163
5739659
5475958
9494046
4037612
4976006
5399058
2981394
6880484
1656324
998858
6053660
3040462
7396499
2292986
2805583
6133956
7241718
3969078
7111544
2321829
9151514
2839807
1262618
1906349
1948868
9627085
7425361
1623481
4109715
5479154
5450641
5140576
5922594
6956016
4252864
2702969
2962323
5416836
3855435
5724237
4774945
5960352
8001200
6482791
1166737
2376540
9386376
3376443
5480149
7967707
3705534
4974018
1246018
8406682
1979953
3770153
2280274
3132328
9744371
4564916
9525084
3916037
5125451
4208018
6094615
6263623
6938404
5336123
4603249
2278547
9488971
2166829
5849455
4884941
3804419
4407830
4471286
4852123
4974306
4472166
7370474
2974515
7174451
6695418
678729
6451156
3491430
3428835
9631730
5191902
493612
8351143
588576
1017699
7003716
4339215
5300327
8643384
7050827
2688593
8523088
780205
6162947
4121264
1214211
1852032
7601648
4498966
7537699
4306958
2959095
9120767
9872140
4235491
6812777
896956
4916834
3076510
3489121
7655710
6492324
5443574
7790218
7955905
2340535
2608821
4387532
8737945
4559473
7607230
6993867
865123
6548206
6717325
4642391
4739041
9220399
6896727
5824964
7035670
5855614
2409984
5452687
4917127
6742430
2997075
6115926
8962648
1109826
4047702
1936000
6736034
1536042
1670209
1874736
6823936
3188019
5425612
6935342
6528405
4471548
761759
7585862
4865930
8397309
7595702
3595005
5093342
2119271
995366
4293531
9246185
1236657
7768548
6274368
3003072
4664233
4033737
4482682
8508331
3863545
6370132
6211953
5871292
8905659
8419146
6586742
4247335
5073233
2224360
6951161
7159642
6680398
4328582
5170889
2930901
7037955
3288321
6922477
5726266
2213885
3392677
7908284
382157
2806117
1316763
5537523
6003037
2192435
2381330
2112298
6759669
7022177
3520241
917539
1190934
2471737
4514501
1930883
5444537
4002255
7796718
363567
5854638
5114053
4037650
1951046
6286666
776857
6680737
6580767
5215869
5605912
4409657
3737830
1798350
5162280
4915893
6295561
1513684
3587334
7396957
4836815
6714222
2658857
2551507
4896361
1351123
5316699
2033612
8232091
1161392
4755785
9092503
6339189
5943079
7881638
8159943
6976970
3490152
5415659
3720918
3704009
3366924
1794041
4582737
996243
3678688
1222265
2118549
4180471
752766
5287485
8866524
1998926
5904825
2546770
2420994
2195360
8895633
2971823
5916014
8920614
5601544
8263226
7998162
5870832
5779126
5849155
7416047
3197488
4564257
6021405
5827740
7379144
5961783
1528223
4181147
3115339
5609952
5946090
1812300
4537430
6583453
7738438
6868584
7710263
9312086
6649523
4064294
1251097
362570
4568156
7482337
7019240
5609518
8367236
4391854
7402943
3707261
3882005
1984088
3866674
3692934
4581602
6068832
6377148
2487300
5350712
6987290
4036244
4925870
4470372
8780627
3788001
3482972
8903230
6525971
6825024
1895122
5600621
6772331
5206281
7274439
6915120
7819826
1870568
2758551
7215362
9670130
8990341
2687091
6363179
6367483
3213384
5564264
3392368
9080186
7188993
5594722
3549785
4279868
4735449
5336003
8327387
1503871
9620578
3590333
4918424
4142545
6294441
6297539
3871782
8536935
8882278
3065564
4007580
4580656
5116492
8445719
5641244
9271754
4398360
2183352
2396815
180753
2477449
4513597
7913111
3324579
7886559
7256314
5444043
8994200
8546846
5605145
715506
2592494
8988023
7063352
7978517
7856029
9528213
7211458
3122082
6287047
7101710
7284172
7538969
4456562
3811696
5924786
5819821
2614695
4226230
7940942
4484998
8953169
7397584
3905029
7035601
3149744
2852418
2181782
3936712
7565710
1183612
6155430
8008442
4681379
1795251
8122103
1855867
2444544
3186459
2203457
1468173
5579557
4427417
6593548
2572716
9005544
7477831
8789850
9580120
2604921
930243
2922993
9264488
7049415
7536137
5714920
2454315
6222722
2160360
7348051
5654239
7002992
2171200
1453076
3198062
7635707
1117139
7298594
6754904
1114485
9490416
6115417
5781091
6135535
3383734
7976185
1813411
494316
6298218
1390173
3483126
7146965
5255626
6112088
5389587
3540236
6090129
7323350
4191256
7088034
7661242
6684109
7893707
3032294
4235790
3713263
7285998
1355094
2162989
6151343
5243460
2044760
6372998
374612
7758297
2508396
4044304
2087089
7402726
8265311
7992207
5150624
2816537
8674943
7938980
5934432
6840487
2621861
9259466
1819138
3374008
7494328
525708
5298169
4171624
8290514
8148730
5653824
3003261
7181905
4347437
6967321
1175601
5865186
2067735
382282
1219299
5026783
6256354
535014
7817174
7122807
3956502
6500144
1678823
1968439
8297942
9049587
6153598
1497301
8587336
5070106
5743788
4656603
6414217
4665264
6056874
7425965
3464355
2780238
4858456
6885434
2890147
7306999
3456297
3073603
6544986
7263474
6509448
7047025
3681263
3435268
8008111
6376885
2364609
6045574
5447596
7454690
5236456
7653003
1376508
4060458
3687870
3313477
7148443
6399075
1808702
580094
6046001
5099133
5544738
2596180
4429335
6475146
7025225
9191963
5391650
2178046
2535224
5470707
5164186
1624420
4153041
8034141
5167292
6534606
4914493
4096009
6334999
7572524
8836814
7552863
4516458
3345559
8914168
9001152
3567940
5993667
6977938
3018305
4654215
5181154
9576209
5942648
5342379
3778660
639899
4432404
8221604
1006300
4301784
8107115
7147854
8008182
7709199
6265302
6826903
6206513
3217679
4045017
3998261
3724905
5410380
3453091
1572824
4526175
4054585
7400153
5241624
2347836
6008862
2268073
8822564
7127994
8084444
7371144
2558418
5628789
6687707
5845526
299339
3607707
3899758
3172999
7326964
6731299
1957199
2290549
8482651
3938364
7382903
6011441
2636045
4508735
7510267
2359648
7827606
1492920
6209487
2725032
2698561
5216441
9400217
4064483
506300
4792283
9487489
3464135
9219157
4678505
2666299
6483933
4881349
3293501
7224996
7981944
1323575
5001016
4884968
6766685
9704498
6685857
1992954
7447296
7078226
6308421
8882324
7260396
1436854
4792544
424067
2328896
8579825
966513
3257332
1059556
6284386
6825159
8324327
4832721
6954606
4827163
7296735
3751392
8783875
7369103
9672294
7562382
9045584
8765866
1565506
4233158
4274282
5108848
6174418
9535938
5105796
6524088
4600826
4585052
7353057
1725074
8693826
8061942
7098318
5756891
3868988
6712620
7180140
5162167
5801576
5535024
3773846
7807583
8768027
4430264
7688032
6345108
49837
4161329
395455
8509548
3527116
3557305
7511973
7717006
2598389
2054952
5668491
2884100
2792783
3540987
537579
7857056
5381312
6909577
3263207
5942225
5072330
6419503
4753439
5631443
2529335
6288964
1226815
6811045
5755114
4549569
4941931
3282774
5482562
5588612
5192839
214030
4059097
871565
6250281
4849816
8682566
6894748
2693103
3610155
8602637
1908291
1598647
4541891
6285150
8232114
6216719
4362706
487013
3280539
5067359
8789859
6095045
8566864
4476702
2571483
7054781
6239772
5865613
8151637
5177934
6696818
3691175
8299488
3291025
4230428
2487562
5791684
1629088
5859606
1002936
8359467
1952499
5346829
5349979
9632808
9054046
9732550
5793817
3198510
3726475
2397688
5119682
4117454
6364709
2365742
7175300
4516264
4494901
3344225
1809126
5669876
1106561
4730171
2925352
6224012
6888662
7543487
6543673
8367319
4450494
2462650
1730751
4608247
4589688
3412065
3359268
7792319
2902234
3587933
1619185
7004130
316055
2551532
5957232
8966195
8234863
6606313
3175647
4083372
7253587
4023065
8637980
4067868
6346047
4442497
6975099
4859577
2744229
7568673
5169750
6655348
3259462
2284245
9096270
2917589
4281972
5846372
6108530
5740208
6787926
7309949
8165521
3085984
3520942
2973087
8120530
2581580
2197633
3211403
5184428
2443478
4308665
7357409
4126061
1381806
5779891
1997941
7039237
3367153
8619124
4888493
7222646
3054881
5182668
3297006
9550828
4573871
8855550
3534578
2859882
9591117
8877733
2589299
2923573
2231967
3187625
4297611
2120361
7096996
6253657
4824411
4724311
4834309
4109943
6189165
7043535
1181882
1437880
7388904
4648795
4286207
4974897
6998127
5317819
3443740
7163177
8339121
3758664
6906376
2034169
4001730
2732521
5537210
2115737
3188886
4033448
3188302
4195376
5589555
5694391
9433244
9312503
9536793
1231402
6396633
8909120
8371116
5823350
2401458
7624883
2939345
6479928
5300834
4613341
9521688
3304264
5920607
6750042
8698813
4371777
4385863
3749525
5890930
2685870
4845297
1405946
1352001
2104334
4634490
8231066
8373223
8147669
7086154
4344054
371790
7598584
1669700
2235674
7533292
4456863
5849984
9437011
1607502
9403962
9269092
1227210
2981391
5033457
7820585
7533450
7796138
8889565
4458244
2524354
6456432
3652920
1047935
4777540
3313295
3774851
5444785
1531384
4132126
9675060
7454874
4288848
3685149
6211004
5871804
8408736
7965073
7065347
4885257
9716626
1659578
8728047
8296960
2871370
4603944
2610274
9628343
2487790
3906113
5771800
4549494
7310033
3552688
736961
1885426
1493764
3304152
9643220
4658508
4594197
2722213
6886302
8301379
2436568
8489912
243055
6733215
3289623
2350071
3666755
7363416
2792453
6175456
7441144
658613
7907491
3891999
7624888
8214251
7363913
1660239
9251950
3606639
6757669
6788670
3026839
1949043
3306276
5880083
3844053
8958157
3908000
4143629
5524866
4276051
4071947
8803956
3480287
7822900
2050878
4789096
7424321
724994
4748814
7914229
5359388
5664386
8523734
3955118
2213449
6024162
1694733
4528921
2545456
8890248
4608387
6409799
3204303
656991
6679925
8665342
5090335
2145102
3777346
8583154
3644765
3921328
5198903
5673398
3718412
5960508
5149540
5864430
4128618
4181805
5287878
5597991
2209299
6826577
1616294
3353229
4787956
2840277
2546473
4983056
6287508
5056922
3096862
2090490
1095139
4955509
2387071
5658697
8243362
9430568
3441005
2035043
6191990
1950724
2461744
3579727
9129517
1594137
1961863
6171148
408621
680384
8973612
1438817
5159307
3221149
2892488
5467792
5988539
4504169
1274912
1410804
1795369
7134791
7213691
5486775
5025536
4817923
6311097
3613113
6703335
2957327
7874257
7708534
6405053
5349396
4918173
5747905
4660357
8156487
5103663
9215993
1837449
2084755
6192450
6710491
127782
6631323
7064595
3465261
5626938
2471531
9947179
6308684
5251555
5393050
7293114
6976315
5415898
3937331
9643935
8047568
6181598
9034180
3497286
3932217
1588439
5616268
9856026
2100555
2256744
2485234
8256681
5389290
1580537
9896333
3546901
7340367
6708699
710093
5208512
6526264
5702352
9035823
1379623
2204798
5703433
4821048
664818
6775987
8371027
8518663
1382597
5070741
4255944
7785458
5293227
6508345
604690
6940862
7694455
3906857
9064928
6730689
8042112
6337622
7359855
3763591
343947
598232
2464162
9263726
5291754
4563705
5556548
4203269
5676102
4921096
2559961
2787262
6913812
7429149
6047258
2001139
4927732
5852761
6284333
3915255
2062895
4066796
3933149
5454593
2441596
6218194
2730139
4440785
5031334
6063653
1589536
2574521
7673150
8166183
3762034
6455712
7680594
6877512
8738483
4237176
4472683
7072098
5246178
5519512
7435951
4929256
5746842
9156396
981500
6396763
5080489
3481618
9466086
7275166
1844621
721965
5687573
3991077
4647457
312587
4172044
907325
9104621
6553999
6194075
5491961
5915946
4219732
6984726
6430451
4783198
7560929
6708256
2767827
7814244
3096872
3566986
772842
4715140
4103733
7998541
7464206
8038671
7295445
3825098
2258790
8696909
860310
5554583
2393403
4855062
5428919
7275708
8659175
1907646
4912711
2155706
1701220
1300572
5324078
6506147
3209733
5413503
3473225
6567832
4810852
8320979
4772038
1175400
5554092
5349216
2816443
8425498
7025730
3168763
7869197
2517248
2375808
5010890
1244515
763160
7551772
6175210
2619425
6531172
4143133
6969517
3389791
7006615
2953413
1956900
4189719
8651139
2434138
4875844
789285
1767131
579912
5937062
2403368
962269
9568758
7253226
8766438
6384025
5571363
1427646
7141888
4831781
4505993
701119
4367525
7051683
4351229
2258111
8444441
7097021
3959698
4099834
8187158
661506
8501810
4682007
2789329
4769662
7896324
7502508
4933158
1039187
7386983
8276666
3393900
3476487
3986162
6262849
4197783
8060723
8924196
4752456
8094272
1255532
6283386
9023875
8818182
8975777
6819471
7061511
4876121
3842489
3236656
4804424
4288303
3599559
5663501
7718395
1760883
3086602
4100198
4993212
5441340
6739117
3127646
7772196
4640776
6903341
5494160
6942934
3328674
2257032
7480853
4839589
6847487
1171138
7821431
7575232
8288958
8243006
801809
6107494
3484357
922684
5016535
5693484
2501830
4286010
776601
6302587
1728211
9236334
4972798
6324278
5876445
5520041
7150087
9303937
2635784
1358480
4351115
9405084
8366182
3818027
3306415
5634986
3073080
4082071
4635271
6943423
9051804
4866906
8222752
6478661
5736685
869215
2096007
3628070
7858706
670107
8569615
754444
1741615
3459976
7965630
3997513
3075459
1642600
6021021
5113369
5170059
1099266
390593
7384119
3126070
5198930
3352184
2905222
5275721
450395
2728139
6140646
5121483
7079327
9459683
5991076
3097266
7289771
1785146
2599709
7469242
3488615
5330204
7857939
6187482
1566171
1917797
5253421
7528691
7655316
9182535
3594469
2074731
2431254
5651166
6152244
5789807
874242
2676362
2132082
9474943
8385874
8090801
3019817
4492380
2330421
3750655
1683430
712719
5583264
389164
7787692
721089
6027466
971882
6217267
2629456
4946110
2753154
7379939
5395025
5416324
4092979
4463558
9137160
9175523
8414405
7125524
6024359
3289268
2710075
3987492
8458642
9030287
8719529
5962292
7656237
2819141
4593288
9833827
5009367
4641938
8764226
4320605
4829377
3572176
5656426
1448638
3976295
3003154
8171651
6880913
4973267
7420257
7396095
4900186
7599072
6385555
3160017
8208847
4246234
8939099
4773921
6877524
3783362
4422317
2576688
5627255
8321034
2106743
1156065
8054260
1358014
2814717
4962603
4020607
7329237
1893113
6447592
2532714
4797601
1579631
1767675
1298791
3241627
6716882
6999557
5479854
7760400
5540153
7874213
3749152
4422799
7481424
2007472
9419589
6737767
2112611
6529898
1496945
2961561
3033768
5981830
432758
3307886
1412954
8858485
4162651
4385110
6494948
4788542
7573071
3104394
6129547
6068214
5625204
1474871
1902694
1384254
564470
2382360
2715117
7075434
7425862
8273332
164560
3656564
8938707
5505207
4458236
2626879
7269406
4337703
6467327
2635582
4538773
1630014
3183678
3823006
968209
5547542
8072648
3996949
8702723
2175774
4707460
3482462
3509350
3509058
6395900
7050946
8298522
5336616
4337612
2087003
8743328
5638421
294896
4715900
7468639
9259482
6940021
9381108
5087909
4653539
2522125
5402011
7215576
1378279
7808294
1741730
6509533
5606562
5079023
7459483
6306056
6684736
5010220
5264743
8645553
2764771
1805157
1086687
4180007
1796233
5291040
6853828
6844140
1309650
4554488
603164
7063203
3690463
6171413
7270581
8341955
6894054
7854386
9243754
5516312
1915910
888618
4280144
5997036
9261100
6800877
6710049
4662012
3700129
4576631
2534783
9256260
9812466
5720862
373514
7246414
7628362
8804057
4491865
4707657
3522355
6572421
5745755
5433611
6115152
1597646
5201610
4208684
5943584
5173240
1942863
8142036
5264127
5355872
7111157
6093841
5253437
6684676
3300631
7217672
7947873
456609
5901423
3886398
961902
1484102
7272884
4683235
8506985
7883856
765158
6861927
4666523
3580526
5724057
7742248
7962294
2498645
6184646
5927157
6991338
1338534
6724302
1618452
5453628
6530297
7159330
2482334
8598828
5314315
7685465
5120329
1729843
4851590
2041677
3206131
7321549
8381695
4079718
5694962
5599762
5197787
4119868
8148175
5221697
2723406
3468830
5098931
1716752
3607370
3123785
6395635
4214781
4738734
7873187
1043727
6967253
2760046
5597282
5630119
4608550
8964812
4164634
6346313
5206105
5664077
6663840
1830191
8199714
7109396
6080526
1639314
8578150
8788087
7918577
78781
2533661
9388874
6961500
2871936
440886
5310741
2947301
3824442
3511942
4661849
2621769
6851825
4488272
4794348
6655584
6858666
5893449
993744
562157
7941754
892216
6359949
7935412
2947192
3996896
5894624
2674582
7452609
6763654
5852589
2475278
9777730
6351229
8339105
7773868
6561244
4995022
6763073
4787159
3257602
3995799
2298940
6377368
6531778
1832234
5818932
7289483
816695
7262962
6688153
3603010
4631641
4925052
4224087
8027486
3320303
4545920
8331815
4386880
4228517
2221941
1258312
1077685
3993484
8879846
9130299
5294186
1066941
6020056
8069569
5959046
3836269
5337107
2612862
4230009
3881572
6539616
9623883
7821036
5196946
4281596
5361145
3151924
6128835
526984
4186586
3176694
679606
5841946
4915726
6981663
5020419
7220596
4608585
811221
4322993
1044119
6225882
3688926
3004430
271980
6975018
6756344
3023905
6990001
5334126
6137905
8425051
7681975
4228234
7458931
2179197
3238010
3921429
6446713
3114008
6775597
5278852
2204142
2948034
3750510
746837
8830266
1293164
3464352
8163904
2391992
1621910
160890
5353333
220137
6167379
4137013
3615170
5620833
5808828
3034550
8427884
2856704
4019006
9002364
2126068
3119638
6559495
3559069
5595219
9734984
8014015
4183476
4212350
1119167
3815002
2409529
4473382
3715887
6897576
4456195
8650687
4842458
2090006
8260732
6165799
3189035
7093250
5443237
7680898
8417890
3162622
4563019
3926284
1811162
9544588
2746337
1100368
1172226
2607597
3898225
7671358
7199508
5266107
3785774
2957573
2824564
3895879
5515263
5740679
5312405
4260248
8225905
6530810
7360101
3538800
5128489
3918425
706087
2900959
4344997
6925764
3876693
3178286
8152557
9695595
8214889
5954204
7901146
2883211
7027494
5323752
3929515
4306297
4015514
5565775
5685629
8342097
1644635
8169552
5592922
3484961
5181304
5507066
3112718
7441631
9276386
5267070
1129792
1577922
8335089
9011123
5052519
2681261
4219244
4251668
5312053
4130337
7214147
4853809
3926332
3883728
3938150
8987793
5864118
4522114
5967551
5305028
4592558
6543264
1446508
5092158
6156566
5467922
5684498
1985409
903161
7418100
1507041
2632907
7147698
4657013
5192933
6216877
4523767
2823965
8142029
2415319
5410092
6408357
3774892
6366240
6096883
2360970
4441179
1708074
7943638
5046885
3728496
3008463
3918918
5780336
6943858
3646965
5633379
7514024
2909133
6874821
6472645
8077303
5231979
1921368
1188050
4509981
1103585
6430532
6896154
7417874
6737893
2879569
162581
6418104
1972007
3835138
9229233
1047064
1048314
4802721
8116066
3401111
5181007
7372360
6138331
3369745
2194268
826609
7134309
5557188
8002665
7587034
8547089
2318662
4872842
8987749
8089522
1480684
3167717
9238508
5883315
4224507
2180910
4695933
2072387
2281076
5438801
2003956
5569337
7875689
6305637
4625405
5722736
2471097
8259090
3019485
6464334
6231462
1124263
8818833
7974874
6925858
5493044
2455539
6086412
5410239
1852266
1772561
737841
1562286
6099671
7149327
8345645
7666181
3363896
4180187
5290755
7084981
9680540
3491923
1173915
5515321
4625033
2734748
6461427
1295269
4375257
7735033
6498928
2474095
3482869
2363588
1461838
5325116
7170021
3287919
5364554
2373732
7379053
7506667
7162353
1020389
1148271
6360423
7139129
7164440
5826648
9553504
6466709
5286254
4683249
7082020
8230298
8276932
6174111
5968809
4184275
4756025
806542
3903943
9083242
4111476
2889807
9399074
2546195
754762
6657422
4717661
6794695
3026802
1881320
9059564
4898142
4832584
5689350
7097695
5921781
8849017
5399400
6811867
4214016
1813374
1650742
3189266
8857008
9058517
7464315
8740741
5284030
8582262
5585574
7955459
3656486
2286913
5635120
6778521
6132837
5165962
9214514
8208662
850574
6903839
1005767
1079797
6872180
4735993
6549238
3280494
4231959
3747397
7697215
6875816
4001867
6920044
5087862
8224271
1558393
3138923
7289064
8291217
2960490
3626009
1972600
7091212
8461176
6895853
5238691
980248
2267365
9628671
1914040
4883004
2681782
4893899
7545881
482493
4796943
2482156
4314455
5741438
5327728
9596569
9336303
443085
6491694
985446
3618599
4567161
4657983
8616120
5185558
1044311
7166615
828451
1280677
2728263
1218305
2745966
2503765
8431101
1926973
3923207
6860497
3693873
2233955
6948631
5482936
7428692
3909311
4583655
8085117
6958804
9484185
4084301
9029294
852905
4858871
3451057
9793716
5054305
790335
7614908
1104847
8305230
2973756
2095835
2986898
4674682
5534411
4561982
7746629
6719715
7006007
7648470
8353276
1861187
5032393
3928684
2647485
4800734
6704271
2201461
3836764
6077363
6742694
8995505
3104715
5843340
1032236
5889301
4510534
7491547
8749213
8203820
1248120
1889279
219594
3051640
6714470
5525513
4389037
6940004
7893625
6654075
4242438
2590600
4909053
3874382
4545344
3379111
6571867
6350912
4176773
472300
7653093
3363450
5027257
3205043
3790549
915605
1670961
8781684
4575278
1433959
7029844
8086332
5923577
6399422
8232049
4931552
302995
6840319
3669077
4317224
5254929
1326915
4352806
5630255
1215775
7180985
3526225
1294265
8478956
124221
6163622
2783581
9273657
782019
2145795
2465810
2111517
4261596
3066338
1704268
5009831
360137
3436323
2951494
5792118
6757865
2115036
1350941
2915853
6873467
3280975
4972178
1330953
2378024
7040800
7617456
5310508
5719443
7562716
5768099
8537821
6022599
6000381
4046292
2173635
4818770
6765826
2956779
9945982
6122442
8048444
5037419
3438523
5805765
7475224
3269512
6240018
3944185
4228854
5618015
1432306
5789981
6219420
1155976
1893553
5493428
7993630
907551
6406139
4984144
5972072
1528204
2773496
9177514
7724479
4949288
4929877
2635953
3168650
3814253
608166
2089914
488347
5425627
7325455
6661253
2708921
6305243
6820666
3588221
2340729
6535523
3069496
8632715
5439253
6894192
7961370
687395
2020462
5909634
6373896
1299582
9369662
5461592
6544308
7739031
9664627
7115509
768817
2176275
8516055
7585363
815519
550925
5361963
7124805
6956096
8747515
5051822
5330923
8545166
5368226
3241020
2081665
4262248
3175124
6526218
7882401
1683377
1551472
2062960
8721982
4710970
9283080
3345337
5144978
5400656
2508758
3928146
4482803
8210578
5179011
6164240
7252545
6633785
4133810
6542586
8593456
4298972
4248408
9085311
6731128
6801047
6146723
2505625
8804589
9476105
4089107
7058037
549555
6729926
6154516
6157868
8473458
4397862
1695448
7386361
5098071
454057
6666116
1248972
7654225
3589017
4207933
3299541
6414320
3124328
637761
2335781
9296661
1290064
6737831
2999435
2112705
4107476
5831557
8024906
3359390
4708758
2950105
9271283
1084731
2029901
5235935
7630187
2226238
6626383
1587394
6943019
9435681
1699004
7195789
7685898
4949238
1910626
7422478
7343713
4892820
1286190
4380329
7893308
6293300
1688709
4763795
2892671
876779
2484862
4176754
2194801
4267776
3327580
4608161
3079432
5054080
3435386
2525925
4672792
4716236
2587900
2642687
1337486
4854886
2121133
2566106
3708092
6713416
4761470
593342
2520568
8415431
6872392
4524365
3870227
9331544
3263228
3677159
4242116
5975668
7869914
2624397
6657233
5093847
4370314
7463190
6278465
3756356
9248013
9643255
8768556
430816
6358687
6794742
311885
5562924
2840124
7785978
5512696
5815433
496118
2198189
2567406
8247658
4344112
5115816
6156513
4705542
9292551
5612298
5100016
4294773
5934949
5896307
8190427
7445144
3692250
8082966
6936445
2193133
3934978
1567816
7594949
3049538
8102246
5966688
3866889
6801420
1808410
4409679
8907477
3348802
6536362
2696440
8379015
6701993
2132080
3843247
8110115
6093208
1859703
9216006
5461219
7673435
5711582
490371
2480905
8365220
7109837
8589124
712461
810495
4871005
5930831
7289921
8248596
5285960
2708502
3414043
2817656
6719863
6682820
2446287
3141340
8494435
2378458
912060
3117271
6018728
1538412
5388672
598618
5409121
2496946
2752146
4607620
2517121
1928222
4693784
8428594
9303084
3969724
9260476
8869689
4870136
5813224
1922048
8266663
2093625
5567822
2304684
3736596
9286526
6005169
2709858
3608125
8115768
4103666
2146547
5392040
1532680
1266289
3039777
6843571
5667988
8086011
461870
4628461
7206042
5977268
5901540
8197195
2535067
5324368
8354448
3838027
4971886
7231517
4960441
4264517
6770760
7018114
7060626
3296856
8518251
3828407
4578204
7302113
6037646
7302088
5624661
6025995
1482606
8925574
5870271
896512
1029780
5694379
9652618
7163969
1829242
7096645
1107260
4977038
2409722
6609892
7491692
1272843
8773417
5582536
3034456
6329344
7733461
2376655
2176685
2545114
710705
712376
3274562
6918893
2909102
5316560
5309400
6278666
323360
4608708
2825839
7584797
4725980
8564434
5216965
8312578
1015532
1488449
4760331
4190291
3439631
8522201
7531724
4372884
4069094
9473590
8869887
6330671
451243
8198414
6811394
6361106
6895430
9000831
1987975
8428695
6777325
5582607
4134308
4478030
6056696
3827856
7681422
7406176
5243140
6363276
4158056
7291389
4363943
5308202
2198989
7528108
3758761
7146595
8153358
3600108
5898381
2318249
9483700
9939672
722919
2433942
8875823
3248980
5673653
5626524
6963529
2268484
863521
6407755
4450244
6347126
3357574
4995736
6396350
6142846
5909777
359571
6995031
8265757
1297435
2306912
5097796
3793489
582194
4357556
6393992
3567042
6016486
8787396
9034449
8274057
3282428
9292620
2895211
8428204
3459761
7751012
4060554
2424281
4228665
6894232
5669798
2103531
3937817
6469409
431716
5682145
1616281
1822484
7589237
2046219
7607694
9372046
3862601
1783273
9214563
5379443
1975732
7821878
5143677
1917943
3017394
5648917
749254
5509620
4789765
9269214
6753411
7446307
9617468
5813199
2027880
3437642
3066247
1763378
5213691
8934186
2374759
8556216
7093404
7015648
6890773
4887187
4124667
4675332
8983243
9775821
1592099
6712416
4580963
4899366
8218886
2066864
5534905
3046502
8503303
5853756
3173319
4334218
5764769
5592028
9109981
6375208
4928495
7129170
8983193
1471935
6854418
863146
7924806
4425520
8988247
2641605
7241201
1057537
7940837
7945161
6652444
7182352
8773222
3533234
7558655
2405260
5703132
8458849
4523754
8839496
8536482
9936690
6586033
5564983
5517569
14696
2888307
3700672
2608263
4804557
2464756
5410117
6123641
4137600
3944833
4982685
2317716
4716971
3156941
5128922
3468867
1719364
1755903
3621260
9757258
2972290
5884429
6490672
4893819
4869556
1064392
8448831
4412385
2216126
1307797
3301585
6376505
5799660
1085867
8509018
4044815
2598439
2056914
6792056
1433583
4549908
9782851
2144486
6438324
6619472
3284157
5310612
1189109
5719082
4062869
4715738
6058607
1904921
3725420
7091480
9424222
1077892
7606965
7527271
1973210
9853176
563208
3533660
1871180
5599120
3831442
8101451
9022225
2515078
1272305
4538082
2434350
5902627
6510119
