coretemp-isa-0000
Adapter: ISA adapter
Package id 0:  +62.0°C  (high = +100.0°C, crit = +100.0°C)
Core 0:        +62.0°C  (high = +100.0°C, crit = +100.0°C)
Core 1:        +60.0°C  (high = +100.0°C, crit = +100.0°C)
Core 2:        +60.0°C  (high = +100.0°C, crit = +100.0°C)
Core 3:        +60.0°C  (high = +100.0°C, crit = +100.0°C)

pch_cannonlake-virtual-0
Adapter: Virtual device
temp1:        +55.0°C  

BAT0-acpi-0
Adapter: ACPI interface
in0:          12.61 V  
curr1:       1000.00 uA 

dell_smm-virtual-0
Adapter: Virtual device
fan1:        3184 RPM

radeon-pci-0100
Adapter: PCI adapter
temp1:            N/A  (crit = +120.0°C, hyst = +90.0°C)

acpitz-acpi-0
Adapter: ACPI interface
temp1:        +25.0°C  (crit = +107.0°C)

%CPU %MEM     ELAPSED
 0.8 70808 102792 113792
 1.0 81048 102792 113792
 1.0 83096 102792 113792
 1.0 83096 102792 113792
 1.0 83096 102792 113792
 1.0 83096 102792 113792
 1.0 85144 102792 113792
 1.0 85144 102792 113792
 1.0 85144 102792 113792
 1.0 85144 102792 113792
 1.0 85144 102792 113792
 1.0 85144 102792 113792
 1.0 85144 102792 113792
 1.0 85144 102792 113792
 1.0 85144 102792 113792
 1.0 85144 102792 113792
 1.0 87192 102792 113792
 1.1 89240 102792 113792
 1.1 89240 102792 113792
 1.1 91288 102792 113792
 1.1 91288 102792 113792
 1.1 91288 102792 113792
 1.1 91288 102792 113792
 1.1 91288 102792 113792
 1.1 91288 102792 113792
 1.1 91288 102792 113792
 1.1 91288 102792 113792
 1.1 91288 102792 113792
 1.1 91288 102792 113792
 1.1 91288 102792 113792
 1.1 91288 102792 113792
 1.1 91288 102792 113792
 1.1 91288 102792 113792
 1.1 91288 102792 113792
 1.1 91288 102792 113792
 1.1 91708 102792 113792
 1.1 92236 102792 113792
 1.1 93028 102792 113792
 1.1 93292 102792 113792
 1.1 94348 102792 113792
 1.1 94876 102792 113792
 1.1 94876 102792 113792
 1.1 94876 102792 113792
 1.2 96196 102792 113792
 1.2 96988 102792 113792
 1.2 97780 102792 113792
 1.2 98836 102792 113792
 1.2 98836 102792 113792
 1.2 98836 102792 113792
 1.2 98836 102792 113792
 1.2 98836 102792 113792
 1.2 98836 102792 113792
 1.2 99628 102792 113792
 1.2 100420 102792 113792
 1.2 100948 102792 113792
 1.2 102268 102792 113792
 1.2 102796 102792 113792
 1.2 103852 102792 113792
 1.2 103852 102792 113792
 1.3 105700 102792 113792
 1.3 105700 102792 113792
 1.3 105700 102792 113792
 1.3 105700 102792 113792
 1.3 105700 102792 113792
 1.3 105700 102792 113792
 1.3 105700 102792 113792
 1.3 105700 102792 113792
 1.3 105700 102792 113792
 1.3 105700 102792 113792
 1.3 105700 102792 113792
 1.3 105700 102792 113792
 1.3 105700 102792 113792
 1.3 105700 102792 113792
 1.3 105700 102792 113792
 1.3 105700 102792 113792
 1.3 105700 102792 113792
 1.3 105700 102792 113792
 1.3 105700 102792 113792
 1.3 105700 102792 113792
 1.3 105700 102792 113792
 1.3 105700 102792 113792
 1.3 105700 102792 113792
 1.3 105700 102792 113792
 1.3 105700 102792 113792
 1.3 105700 102792 113792
 1.3 105700 102792 113792
 1.3 105700 102792 113792
 1.3 105700 102792 113792
 1.3 105700 102792 113792
 1.3 105700 102792 113792
 1.3 105700 102792 113792
 1.3 105700 102792 113792
 1.3 105700 102792 113792
 1.3 105700 102792 113792
 1.3 105700 102792 113792
 1.3 105700 102792 113792
 1.3 105700 102792 113792
 1.3 105700 102792 113792
 1.3 105700 102792 113792
 1.3 105700 102792 113792
 1.3 105700 102792 113792
 1.3 105700 102792 113792
 1.3 105700 102792 113792
 1.3 105700 102792 113792
 1.3 105700 102792 113792
 1.3 105700 102792 113792
 1.3 105700 102792 113792
 1.3 105700 102792 113792
 1.3 105700 102792 113792
 1.3 105700 102792 113792
 1.3 105700 102792 113792
 1.3 105700 102792 113792
 1.3 105700 102792 113792
 1.3 105700 102792 113792
 1.3 105700 102792 113792
 1.3 105700 102792 113792
 1.3 105700 102792 113792
 1.3 105700 102792 113792
 1.3 105700 102792 113792
 1.3 105700 102792 113792
 1.3 105700 102792 113792
 1.3 105700 102792 113792
 1.3 105700 102792 113792
 1.3 105700 102792 113792
 1.3 105700 102792 113792
 1.3 105700 102792 113792
 1.3 105700 102792 113792
 1.3 105700 102792 113792
 1.3 105700 102792 113792
 1.3 105700 102792 113792
 1.3 105700 102792 113792
 1.3 105700 102792 113792
 1.3 105700 102792 113792
 1.3 105700 102792 113792
 1.3 105700 102792 113792
 1.3 105700 102792 113792
 1.3 105700 102792 113792
 1.3 105700 102792 113792
 1.3 105700 102792 113792
 1.3 105700 102792 113792
 1.3 105700 102792 113792
 1.3 105700 102792 113792
 1.3 105700 102792 113792
 1.3 105700 102792 113792
 1.3 105700 102792 113792
 1.3 105700 102792 113792
 1.3 105700 102792 113792
 1.3 105700 102792 113792
 1.3 105700 102792 113792
 1.3 105700 102792 113792
 1.3 105700 102792 113792
 1.3 105700 102792 113792
 1.3 105700 102792 113792
 1.3 105700 102792 113792
 1.3 105700 102792 113792
 1.3 105700 102792 113792
 1.3 105700 102792 113792
 1.3 105700 102792 113792
 1.3 105700 102792 113792
 1.3 105700 102792 113792
 1.3 105700 102792 113792
 1.3 105700 102792 113792
 1.3 105700 102792 113792
 1.3 105700 102792 113792
 1.3 105700 102792 113792
 1.3 105700 102792 113792
 1.3 105700 102792 113792
 1.3 105700 102792 113792
 1.3 105700 102792 113792
 1.3 105700 102792 113792
 1.3 105700 102792 113792
 1.3 105700 102792 113792
 1.3 105700 102792 113792
 1.3 105700 102792 113792
 1.3 105700 102792 113792
 1.3 105700 102792 113792
 1.3 105700 102792 113792
 1.3 105700 102792 113792
 1.3 105700 102792 113792
 1.3 105700 102792 113792
 1.3 105700 102792 113792
 1.3 105700 102792 113792
 1.3 105700 102792 113792
 1.3 105700 102792 113792
 1.3 105700 102792 113792
 1.3 105700 102792 113792
 1.3 105700 102792 113792
 1.3 105700 102792 113792
 1.3 105700 102792 113792
 1.3 105700 102792 113792
 1.3 105700 102792 113792
 1.3 105700 102792 113792
 1.3 105700 102792 113792
 1.3 105700 102792 113792
 1.3 105700 102792 113792
 1.3 105700 102792 113792
 1.3 105700 102792 113792
 1.3 105700 102792 113792
 1.3 105700 102792 113792
 1.3 105700 102792 113792
 1.3 105700 102792 113792
 1.3 105700 102792 113792
 1.3 105700 102792 113792
 1.3 105700 102792 113792
 1.3 105700 102792 113792
 1.3 105700 102792 113792
 1.3 105700 102792 113792
 1.3 105700 102792 113792
 1.3 105700 102792 113792
 1.3 105700 102792 113792
 1.3 105700 102792 113792
 1.3 105700 102792 113792
 1.3 105700 102792 113792
 1.3 105700 102792 113792
 1.3 105700 102792 113792
 1.3 105700 102792 113792
 1.3 105700 102792 113792
 1.3 105700 102792 113792
 1.3 105700 102792 113792
 1.3 105700 102792 113792
 1.3 105700 102792 113792
 1.3 105700 102792 113792
 1.3 105700 102792 113792
 1.3 105700 102792 113792
 1.3 105700 102792 113792
 1.3 105700 102792 113792
 1.3 105700 102792 113792
 1.3 105700 102792 113792
 1.3 105700 102792 113792
 1.3 105700 102792 113792
 1.3 105700 102792 113792
 1.3 105700 102792 113792
 1.3 105700 102792 113792
 1.3 105700 102792 113792
 1.3 105700 102792 113792
 1.3 105700 102792 113792
 1.3 105700 102792 113792
 1.3 105700 102792 113792
 1.3 105700 102792 113792
 1.3 105700 102792 113792
 1.3 105700 102792 113792
 1.3 105700 102792 113792
 1.3 105700 102792 113792
 1.3 105700 102792 113792
 1.3 105700 102792 113792
 1.3 105700 102792 113792
 1.3 105700 102792 113792
 1.3 105700 102792 113792
 1.3 105700 102792 113792
 1.3 105700 102792 113792
 1.3 105700 102792 113792
 1.3 105700 102792 113792
 1.3 105700 102792 113792
 1.3 105700 102792 113792
 1.3 105700 102792 113792
 1.3 105700 102792 113792
 1.3 105700 102792 113792
 1.3 105700 102792 113792
 1.3 105700 102792 113792
 1.3 105700 102792 113792
 1.3 105700 102792 113792
 1.3 105700 102792 113792
 1.3 105700 102792 113792
 1.3 105700 102792 113792
 1.3 105700 102792 113792
 1.3 105700 102792 113792
 1.3 105700 102792 113792
 1.3 105700 102792 113792
 1.3 105700 102792 113792
 1.3 105700 102792 113792
 1.3 105700 102792 113792
 1.3 105700 102792 113792
 1.3 105700 102792 113792
 1.3 105700 102792 113792
 1.3 105700 102792 113792
 1.3 105700 102792 113792
 1.3 105700 102792 113792
 1.3 105700 102792 113792
 1.3 105700 102792 113792
 1.3 105700 102792 113792
 1.3 105700 102792 113792
 1.3 105700 102792 113792
 1.3 105700 102792 113792
 1.3 105700 102792 113792
 1.3 105700 102792 113792
 1.3 105700 102792 113792
 1.3 105700 102792 113792
 1.3 105700 102792 113792
 1.3 105700 102792 113792
 1.3 105700 102792 113792
 1.3 105700 102792 113792
 1.3 105700 102792 113792
 1.3 105700 102792 113792
 1.3 105700 102792 113792
 1.3 105700 102792 113792
 1.3 105700 102792 113792
 1.3 105700 102792 113792
 1.3 105700 102792 113792
 1.3 105700 102792 113792
 1.3 105700 102792 113792
 1.3 105700 102792 113792
 1.3 105700 102792 113792
 1.3 105700 102792 113792
 1.3 105700 102792 113792
 1.3 105700 102792 113792
 1.3 105700 102792 113792
 1.3 105700 102792 113792
 1.3 105700 102792 113792
 1.3 105700 102792 113792
 1.3 105700 102792 113792
 1.3 105700 102792 113792
 1.3 105700 102792 113792
 1.3 105700 102792 113792
 1.3 105700 102792 113792
 1.3 105700 102792 113792
 1.3 105700 102792 113792
 1.3 105700 102792 113792
 1.3 105700 102792 113792
 1.3 105700 102792 113792
 1.3 105700 102792 113792
 1.3 105700 102792 113792
 1.3 105700 102792 113792
 1.3 105700 102792 113792
 1.3 105700 102792 113792
 1.3 105700 102792 113792
 1.3 105700 102792 113792
 1.3 105700 102792 113792
 1.3 105700 102792 113792
 1.3 105700 102792 113792
 1.3 105700 102792 113792
 1.3 105700 102792 113792
 1.3 105700 102792 113792
 1.3 105700 102792 113792
 1.3 105700 102792 113792
 1.3 105700 102792 113792
 1.3 105700 102792 113792
 1.3 105700 102792 113792
 1.3 105700 102792 113792
 1.3 105700 102792 113792
 1.3 105700 102792 113792
 1.3 105700 102792 113792
 1.3 105700 102792 113792
 1.3 105700 102792 113792
 1.3 105700 102792 113792
 1.3 105700 102792 113792
 1.3 105700 102792 113792
 1.3 105700 102792 113792
 1.3 105700 102792 113792
 1.3 105700 102792 113792
 1.3 105700 102792 113792
 1.3 105700 102792 113792
 1.3 105700 102792 113792
 1.3 105700 102792 113792
 1.3 105700 102792 113792
 1.3 105700 102792 113792
 1.3 105700 102792 113792
 1.3 105700 102792 113792
 1.3 105700 102792 113792
 1.3 105700 102792 113792
 1.3 105700 102792 113792
 1.3 105700 102792 113792
 1.3 105700 102792 113792
 1.3 105700 102792 113792
 1.3 105700 102792 113792
 1.3 105700 102792 113792
 1.3 105700 102792 113792
 1.3 105700 102792 113792
 1.3 105700 102792 113792
 1.3 105700 102792 113792
 1.3 105700 102792 113792
 1.3 105700 102792 113792
 1.3 105700 102792 113792
 1.3 105700 102792 113792
 1.3 105700 102792 113792
 1.3 105700 102792 113792
 1.3 105700 102792 113792
 1.3 105700 102792 113792
 1.3 105700 102792 113792
 1.3 105700 102792 113792
 1.3 105700 102792 113792
 1.3 105700 102792 113792
 1.3 105700 102792 113792
 1.3 105700 102792 113792
 1.3 105700 102792 113792
 1.3 105700 102792 113792
 1.3 105700 102792 113792
 1.3 105700 102792 113792
 1.3 105700 102792 113792
 1.3 105700 102792 113792
 1.3 105700 102792 113792
 1.3 105700 102792 113792
 1.3 105700 102792 113792
 1.3 105700 102792 113792
 1.3 105700 102792 113792
 1.3 105700 102792 113792
 1.3 105700 102792 113792
 1.3 105700 102792 113792
 1.3 105700 102792 113792
 1.3 105700 102792 113792
 1.3 105700 102792 113792
 1.3 105700 102792 113792
 1.3 105700 102792 113792
 1.3 105700 102792 113792
 1.3 105700 102792 113792
 1.3 105700 102792 113792
 1.3 105700 102792 113792
 1.3 105700 102792 113792
 1.3 105700 102792 113792
 1.3 105700 102792 113792
 1.3 105700 102792 113792
 1.3 105700 102792 113792
 1.3 105700 102792 113792
 1.3 105700 102792 113792
 1.3 105700 102792 113792
 1.3 105700 102792 113792
 1.3 105700 102792 113792
 1.3 105700 102792 113792
 1.3 105700 102792 113792
 1.3 105700 102792 113792
 1.3 105700 102792 113792
 1.3 105700 102792 113792
 1.3 105700 102792 113792
 1.3 105700 102792 113792
 1.3 105700 102792 113792
 1.3 105700 102792 113792
 1.3 105700 102792 113792
 1.3 105700 102792 113792
 1.3 105700 102792 113792
 1.3 105700 102792 113792
 1.3 105700 102792 113792
 1.3 105700 102792 113792
 1.3 105700 102792 113792
 1.3 105700 102792 113792
 1.3 105700 102792 113792
 1.3 105700 102792 113792
 1.3 105700 102792 113792
 1.3 105700 102792 113792
 1.3 105700 102792 113792
 1.3 105700 102792 113792
 1.3 105700 102792 113792
 1.3 105700 102792 113792
 1.3 105700 102792 113792
 1.3 105700 102792 113792
 1.3 105700 102792 113792
 1.3 105700 102792 113792
 1.3 105700 102792 113792
 1.3 105700 102792 113792
 1.3 105700 102792 113792
 1.3 105700 102792 113792
 1.3 105700 102792 113792
 1.3 105700 102792 113792
 1.3 105700 102792 113792
 1.3 105700 102792 113792
 1.3 105700 102792 113792
 1.3 105700 102792 113792
 1.3 105700 102792 113792
 1.3 105700 102792 113792
 1.3 105700 102792 113792
 1.3 105700 102792 113792
 1.3 105700 102792 113792
 1.3 105700 102792 113792
 1.3 105700 102792 113792
 1.3 105700 102792 113792
 1.3 105700 102792 113792
 1.3 105700 102792 113792
 1.3 105700 102792 113792
 1.3 105700 102792 113792
 1.3 105700 102792 113792
 1.3 105700 102792 113792
 1.3 105700 102792 113792
 1.3 105700 102792 113792
 1.3 105700 102792 113792
 1.3 105700 102792 113792
 1.3 105700 102792 113792
 1.3 105700 102792 113792
 1.3 105700 102792 113792
 1.3 105700 102792 113792
 1.3 105700 102792 113792
 1.3 105700 102792 113792
 1.3 105700 102792 113792
 1.3 105700 102792 113792
 1.3 105700 102792 113792
 1.3 105700 102792 113792
 1.3 105700 102792 113792
 1.3 105700 102792 113792
 1.3 105700 102792 113792
 1.3 105700 102792 113792
 1.3 105700 102792 113792
 1.3 105700 102792 113792
 1.3 105700 102792 113792
 1.3 105700 102792 113792
 1.3 105700 102792 113792
 1.3 105700 102792 113792
 1.3 105700 102792 113792
 1.3 105700 102792 113792
 1.3 105700 102792 113792
 1.3 105700 102792 113792
 1.3 105700 102792 113792
 1.3 105700 102792 113792
 1.3 105700 102792 113792
 1.3 105700 102792 113792
 1.3 105700 102792 113792
 1.3 105700 102792 113792
 1.3 105700 102792 113792
 1.3 105700 102792 113792
 1.3 105700 102792 113792
 1.3 105700 102792 113792
 1.3 105700 102792 113792
 1.3 105700 102792 113792
 1.3 105700 102792 113792
 1.3 105700 102792 113792
 1.3 105700 102792 113792
 1.3 105700 102792 113792
 1.3 105700 102792 113792
 1.3 105700 102792 113792
 1.3 105700 102792 113792
 1.3 105700 102792 113792
 1.3 105700 102792 113792
 1.3 105700 102792 113792
 1.3 105700 102792 113792
 1.3 105700 102792 113792
 1.3 105700 102792 113792
 1.3 105700 102792 113792
 1.3 105700 102792 113792
 1.3 105700 102792 113792
 1.3 105700 102792 113792
 1.3 105700 102792 113792
 1.3 105700 102792 113792
 1.3 105700 102792 113792
 1.3 105700 102792 113792
 1.3 105700 102792 113792
 1.3 105700 102792 113792
 1.3 105700 102792 113792
 1.3 105700 102792 113792
 1.3 105700 102792 113792
 1.3 105700 102792 113792
 1.3 105700 102792 113792
 1.3 105700 102792 113792
 1.3 105700 102792 113792
 1.3 105700 102792 113792
 1.3 105700 102792 113792
 1.3 105700 102792 113792
 1.3 105700 102792 113792
 1.3 105700 102792 113792
 1.3 105700 102792 113792
 1.3 105700 102792 113792
 1.3 105700 102792 113792
 1.3 105700 102792 113792
 1.3 105700 102792 113792
 1.3 105700 102792 113792
 1.3 105700 102792 113792
 1.3 105700 102792 113792
 1.3 105700 102792 113792
 1.3 105700 102792 113792
 1.3 105700 102792 113792
 1.3 105700 102792 113792
 1.3 105700 102792 113792
 1.3 105700 102792 113792
 1.3 105700 102792 113792
 1.3 105700 102792 113792
 1.3 105700 102792 113792
 1.3 105700 102792 113792
 1.3 105700 102792 113792
 1.3 105700 102792 113792
 1.3 105700 102792 113792
 1.3 105700 102792 113792
 1.3 105700 102792 113792
 1.3 105700 102792 113792
 1.3 105700 102792 113792
 1.3 105700 102792 113792
 1.3 105700 102792 113792
 1.3 105700 102792 113792
 1.3 105700 102792 113792
 1.3 105700 102792 113792
 1.3 105700 102792 113792
 1.3 105700 102792 113792
 1.3 105700 102792 113792
 1.3 105700 102792 113792
 1.3 105700 102792 113792
 1.3 105700 102792 113792
 1.3 105700 102792 113792
 1.3 105700 102792 113792
 1.3 105700 102792 113792
 1.3 105700 102792 113792
 1.3 105700 102792 113792
 1.3 105700 102792 113792
 1.3 105700 102792 113792
 1.3 105700 102792 113792
 1.3 105700 102792 113792
 1.3 105700 102792 113792
 1.3 105700 102792 113792
 1.3 105700 102792 113792
 1.3 105700 102792 113792
 1.3 105700 102792 113792
 1.3 105700 102792 113792
 1.3 105700 102792 113792
 1.3 105700 102792 113792
 1.3 105700 102792 113792
 1.3 105700 102792 113792
 1.3 105700 102792 113792
 1.3 105700 102792 113792
 1.3 105700 102792 113792
 1.3 105700 102792 113792
 1.3 105700 102792 113792
 1.3 105700 102792 113792
 1.3 105700 102792 113792
 1.3 105700 102792 113792
 1.3 105700 102792 113792
 1.3 105700 102792 113792
 1.3 105700 102792 113792
 1.3 105700 102792 113792
 1.3 105700 102792 113792
 1.3 105700 102792 113792
 1.3 105700 102792 113792
 1.3 105700 102792 113792
 1.3 105700 102792 113792
 1.3 105700 102792 113792
 1.3 105700 102792 113792
 1.3 105700 102792 113792
 1.3 105700 102792 113792
 1.3 105700 102792 113792
 1.3 105700 102792 113792
 1.3 105700 102792 113792
 1.3 105700 102792 113792
 1.3 105700 102792 113792
 1.3 105700 102792 113792
 1.3 105700 102792 113792
 1.3 105700 102792 113792
 1.3 105700 102792 113792
 1.3 105700 102792 113792
 1.3 105700 102792 113792
 1.3 105700 102792 113792
 1.3 105700 102792 113792
 1.3 105700 102792 113792
 1.3 105700 102792 113792
 1.3 105700 102792 113792
 1.3 105700 102792 113792
 1.3 105700 102792 113792
 1.3 105700 102792 113792
 1.3 105700 102792 113792
 1.3 105700 102792 113792
 1.3 105700 102792 113792
 1.3 105700 102792 113792
 1.3 105700 102792 113792
 1.3 105700 102792 113792
 1.3 105700 102792 113792
 1.3 105700 102792 113792
 1.3 105700 102792 113792
 1.3 105700 102792 113792
 1.3 105700 102792 113792
 1.3 105700 102792 113792
 1.3 105700 102792 113792
 1.3 105700 102792 113792
 1.3 105700 102792 113792
 1.3 105700 102792 113792
 1.3 105700 102792 113792
 1.3 105700 102792 113792
 1.3 105700 102792 113792
 1.3 105700 102792 113792
 1.3 105700 102792 113792
 1.3 105700 102792 113792
 1.3 105700 102792 113792
 1.3 105700 102792 113792
 1.3 105700 102792 113792
 1.3 105700 102792 113792
 1.3 105700 102792 113792
 1.3 105700 102792 113792
 1.3 105700 102792 113792
 1.3 105700 102792 113792
 1.3 105700 102792 113792
 1.3 105700 102792 113792
 1.3 105700 102792 113792
 1.3 105700 102792 113792
 1.3 105700 102792 113792
 1.3 105700 102792 113792
 1.3 105700 102792 113792
 1.3 105700 102792 113792
 1.3 105700 102792 113792
 1.3 105700 102792 113792
 1.3 105700 102792 113792
 1.3 105700 102792 113792
 1.3 105700 102792 113792
 1.3 105700 102792 113792
 1.3 105700 102792 113792
 1.3 105700 102792 113792
 1.3 105700 102792 113792
 1.3 105700 102792 113792
 1.3 105700 102792 113792
 1.3 105700 102792 113792
 1.3 105700 102792 113792
 1.3 105700 102792 113792
 1.3 105700 102792 113792
 1.3 105700 102792 113792
 1.3 105700 102792 113792
 1.3 105700 102792 113792
 1.3 105700 102792 113792
 1.3 105700 102792 113792
 1.3 105700 102792 113792
 1.3 105700 102792 113792
 1.3 105700 102792 113792
 1.3 105700 102792 113792
 1.3 105700 102792 113792
 1.3 105700 102792 113792
 1.3 105700 102792 113792
 1.3 105700 102792 113792
 1.3 105700 102792 113792
 1.3 105700 102792 113792
 1.3 105700 102792 113792
 1.3 105700 102792 113792
 1.3 105700 102792 113792
 1.3 105700 102792 113792
 1.3 105700 102792 113792
 1.3 105700 102792 113792
 1.3 105700 102792 113792
 1.3 105700 102792 113792
 1.3 105700 102792 113792
 1.3 105700 102792 113792
 1.3 105700 102792 113792
 1.3 105700 102792 113792
 1.3 105700 102792 113792
 1.3 105700 102792 113792
 1.3 105700 102792 113792
 1.3 105700 102792 113792
 1.3 105700 102792 113792
 1.3 105700 102792 113792
 1.3 105700 102792 113792
 1.3 105700 102792 113792
 1.3 105700 102792 113792
 1.3 105700 102792 113792
 1.3 105700 102792 113792
 1.3 105700 102792 113792
 1.3 105700 102792 113792
 1.3 105700 102792 113792
 1.3 105700 102792 113792
 1.3 105700 102792 113792
 1.3 105700 102792 113792
 1.3 105700 102792 113792
 1.3 105700 102792 113792
 1.3 105700 102792 113792
 1.3 105700 102792 113792
 1.3 105700 102792 113792
 1.3 105700 102792 113792
 1.3 105700 102792 113792
 1.3 105700 102792 113792
 1.3 105700 102792 113792
 1.3 105700 102792 113792
 1.3 105700 102792 113792
 1.3 105700 102792 113792
 1.3 105700 102792 113792
 1.3 105700 102792 113792
 1.3 105700 102792 113792
 1.3 105700 102792 113792
 1.3 105700 102792 113792
 1.3 105700 102792 113792
 1.3 105700 102792 113792
 1.3 105700 102792 113792
 1.3 105700 102792 113792
 1.3 105700 102792 113792
 1.3 105700 102792 113792
 1.3 105700 102792 113792
 1.3 105700 102792 113792
 1.3 105700 102792 113792
 1.3 105700 102792 113792
 1.3 105700 102792 113792
 1.3 105700 102792 113792
 1.3 105700 102792 113792
 1.3 105700 102792 113792
 1.3 105700 102792 113792
 1.3 105700 102792 113792
 1.3 105700 102792 113792
 1.3 105700 102792 113792
 1.3 105700 102792 113792
 1.3 105700 102792 113792
 1.3 105700 102792 113792
 1.3 105700 102792 113792
 1.3 105700 102792 113792
 1.3 105700 102792 113792
 1.3 105700 102792 113792
 1.3 105700 102792 113792
 1.3 105700 102792 113792
 1.3 105700 102792 113792
 1.3 105700 102792 113792
 1.3 105700 102792 113792
 1.3 105700 102792 113792
 1.3 105700 102792 113792
 1.3 105700 102792 113792
 1.3 105700 102792 113792
 1.3 105700 102792 113792
 1.3 105700 102792 113792
 1.3 105700 102792 113792
 1.3 105700 102792 113792
 1.3 105700 102792 113792
 1.3 105700 102792 113792
 1.3 105700 102792 113792
 1.3 105700 102792 113792
 1.3 105700 102792 113792
 1.3 105700 102792 113792
 1.3 105700 102792 113792
 1.3 105700 102792 113792
 1.3 105700 102792 113792
 1.3 105700 102792 113792
 1.3 105700 102792 113792
 1.3 105700 102792 113792
 1.3 105700 102792 113792
 1.3 105700 102792 113792
 1.3 105700 102792 113792
 1.3 105700 102792 113792
 1.3 105700 102792 113792
 1.3 105700 102792 113792
 1.3 105700 102792 113792
 1.3 105700 102792 113792
 1.3 105700 102792 113792
 1.3 105700 102792 113792
 1.3 105700 102792 113792
 1.3 105700 102792 113792
 1.3 105700 102792 113792
 1.3 105700 102792 113792
 1.3 105700 102792 113792
 1.3 105700 102792 113792
 1.3 105700 102792 113792
 1.3 105700 102792 113792
 1.3 105700 102792 113792
 1.3 105700 102792 113792
 1.3 105700 102792 113792
 1.3 105700 102792 113792
 1.3 105700 102792 113792
 1.3 105700 102792 113792
 1.3 105700 102792 113792
 1.3 105700 102792 113792
 1.3 105700 102792 113792
 1.3 105700 102792 113792
 1.3 105700 102792 113792
 1.3 105700 102792 113792
 1.3 105700 102792 113792
 1.3 105700 102792 113792
 1.3 105700 102792 113792
 1.3 105700 102792 113792
 1.3 105700 102792 113792
 1.3 105700 102792 113792
 1.3 105700 102792 113792
 1.3 105700 102792 113792
 1.3 105700 102792 113792
 1.3 105700 102792 113792
 1.3 105700 102792 113792
 1.3 105700 102792 113792
 1.3 105700 102792 113792
 1.3 105700 102792 113792
 1.3 105700 102792 113792
 1.3 105700 102792 113792
 1.3 105700 102792 113792
 1.3 105700 102792 113792
 1.3 105700 102792 113792
 1.3 105700 102792 113792
 1.3 105700 102792 113792
 1.3 105700 102792 113792
 1.3 105700 102792 113792
 1.3 105700 102792 113792
 1.3 105700 102792 113792
 1.3 105700 102792 113792
 1.3 105700 102792 113792
 1.3 105700 102792 113792
 1.3 105700 102792 113792
 1.3 105700 102792 113792
 1.3 105700 102792 113792
 1.3 105700 102792 113792
 1.3 105700 102792 113792
 1.3 105700 102792 113792
 1.3 105700 102792 113792
 1.3 105700 102792 113792
 1.3 105700 102792 113792
 1.3 105700 102792 113792
 1.3 105700 102792 113792
 1.3 105700 102792 113792
 1.3 105700 102792 113792
 1.3 105700 102792 113792
 1.3 105700 102792 113792
 1.3 105700 102792 113792
 1.3 105700 102792 113792
 1.3 105700 102792 113792
 1.3 105700 102792 113792
 1.3 105700 102792 113792
 1.3 105700 102792 113792
 1.3 105700 102792 113792
 1.3 105700 102792 113792
 1.3 105700 102792 113792
 1.3 105700 102792 113792
 1.3 105700 102792 113792
 1.3 105700 102792 113792
 1.3 105700 102792 113792
 1.3 105700 102792 113792
 1.3 105700 102792 113792
 1.3 105700 102792 113792
 1.3 105700 102792 113792
 1.3 105700 102792 113792
 1.3 105700 102792 113792
 1.3 105700 102792 113792
 1.3 105700 102792 113792
 1.3 105700 102792 113792
 1.3 105700 102792 113792
 1.3 105700 102792 113792
 1.3 105700 102792 113792
 1.3 105700 102792 113792
 1.3 105700 102792 113792
 1.3 105700 102792 113792
 1.3 105700 102792 113792
 1.3 105700 102792 113792
 1.3 105700 102792 113792
 1.3 105700 102792 113792
 1.3 105700 102792 113792
 1.3 105700 102792 113792
 1.3 105700 102792 113792
 1.3 105700 102792 113792
 1.3 105700 102792 113792
 1.3 105700 102792 113792
 1.3 105700 102792 113792
 1.3 105700 102792 113792
 1.3 105700 102792 113792
 1.3 105700 102792 113792
 1.3 105700 102792 113792
 1.3 105700 102792 113792
 1.3 105700 102792 113792
 1.3 105700 102792 113792
 1.3 105700 102792 113792
 1.3 105700 102792 113792
 1.3 105700 102792 113792
 1.3 105700 102792 113792
 1.3 105700 102792 113792
 1.3 105700 102792 113792
 1.3 105700 102792 113792
 1.3 105700 102792 113792
 1.3 105700 102792 113792
 1.3 105700 102792 113792
 1.3 105700 102792 113792
 1.3 105700 102792 113792
 1.3 105700 102792 113792
 1.3 105700 102792 113792
 1.3 105700 102792 113792
 1.3 105700 102792 113792
 1.3 105700 102792 113792
 1.3 105700 102792 113792
 1.3 105700 102792 113792
 1.3 105700 102792 113792
 1.3 105700 102792 113792
 1.3 105700 102792 113792
 1.3 105700 102792 113792
 1.3 105700 102792 113792
 1.3 105700 102792 113792
 1.3 105700 102792 113792
 1.3 105700 102792 113792
 1.3 105700 102792 113792
 1.3 105700 102792 113792
 1.3 105700 102792 113792
 1.3 105700 102792 113792
 1.3 105700 102792 113792
 1.3 105700 102792 113792
 1.3 105700 102792 113792
 1.3 105700 102792 113792
 1.3 105700 102792 113792
 1.3 105700 102792 113792
 1.3 105700 102792 113792
 1.3 105700 102792 113792
 1.3 105700 102792 113792
 1.3 105700 102792 113792
 1.3 105700 102792 113792
 1.3 105700 102792 113792
 1.3 105700 102792 113792
 1.3 105700 102792 113792
 1.3 105700 102792 113792
 1.3 105700 102792 113792
 1.3 105700 102792 113792
 1.3 105700 102792 113792
 1.3 105700 102792 113792
 1.3 105700 102792 113792
 1.3 105700 102792 113792
 1.3 105700 102792 113792
 1.3 105700 102792 113792
 1.3 105700 102792 113792
 1.3 105700 102792 113792
 1.3 105700 102792 113792
 1.3 105700 102792 113792
 1.3 105700 102792 113792
 1.3 105700 102792 113792
 1.3 105700 102792 113792
 1.3 105700 102792 113792
 1.3 105700 102792 113792
 1.3 105700 102792 113792
 1.3 105700 102792 113792
 1.3 105700 102792 113792
 1.3 105700 102792 113792
 1.3 105700 102792 113792
 1.3 105700 102792 113792
 1.3 105700 102792 113792
 1.3 105700 102792 113792
 1.3 105700 102792 113792
 1.3 105700 102792 113792
 1.3 105700 102792 113792
 1.3 105700 102792 113792
 1.3 105700 102792 113792
 1.3 105700 102792 113792
 1.3 105700 102792 113792
 1.3 105700 102792 113792
 1.3 105700 102792 113792
 1.3 105700 102792 113792
 1.3 105700 102792 113792
 1.3 105700 102792 113792
 1.3 105700 102792 113792
 1.3 105700 102792 113792
 1.3 105700 102792 113792
 1.3 105700 102792 113792
 1.3 105700 102792 113792
 1.3 105700 102792 113792
 1.3 105700 102792 113792
 1.3 105700 102792 113792
 1.3 105700 102792 113792
 1.3 105700 102792 113792
 1.3 105700 102792 113792
 1.3 105700 102792 113792
 1.3 105700 102792 113792
 1.3 105700 102792 113792
 1.3 105700 102792 113792
 1.3 105700 102792 113792
 1.3 105700 102792 113792
 1.3 105700 102792 113792
 1.3 105700 102792 113792
 1.3 105700 102792 113792
 1.3 105700 102792 113792
 1.3 105700 102792 113792
 1.3 105700 102792 113792
 1.3 105700 102792 113792
 1.3 105700 102792 113792
 1.3 105700 102792 113792
 1.3 105700 102792 113792
 1.3 105700 102792 113792
 1.3 105700 102792 113792
 1.3 105700 102792 113792
 1.3 105700 102792 113792
 1.3 105700 102792 113792
 1.3 105700 102792 113792
 1.3 105700 102792 113792
 1.3 105700 102792 113792
 1.3 105700 102792 113792
 1.3 105700 102792 113792
 1.3 105700 102792 113792
 1.3 105700 102792 113792
 1.3 105700 102792 113792
 1.3 105700 102792 113792
 1.3 105700 102792 113792
 1.3 105700 102792 113792
 1.3 105700 102792 113792
 1.3 105700 102792 113792
 1.3 105700 102792 113792
 1.3 105700 102792 113792
 1.3 105700 102792 113792
 1.3 105700 102792 113792
 1.3 105700 102792 113792
 1.3 105700 102792 113792
 1.3 105700 102792 113792
 1.3 105700 102792 113792
 1.3 105700 102792 113792
 1.3 105700 102792 113792
 1.3 105700 102792 113792
 1.3 105700 102792 113792
 1.3 105700 102792 113792
 1.3 105700 102792 113792
 1.3 105700 102792 113792
 1.3 105700 102792 113792
 1.3 105700 102792 113792
 1.3 105700 102792 113792
 1.3 105700 102792 113792
 1.3 105700 102792 113792
 1.3 105700 102792 113792
 1.3 105700 102792 113792
 1.3 105700 102792 113792
 1.3 105700 102792 113792
 1.3 105700 102792 113792
 1.3 105700 102792 113792
 1.3 105700 102792 113792
 1.3 105700 102792 113792
 1.3 105700 102792 113792
 1.3 105700 102792 113792
 1.3 105700 102792 113792
 1.3 105700 102792 113792
 1.3 105700 102792 113792
 1.3 105700 102792 113792
 1.3 105700 102792 113792
 1.3 105700 102792 113792
 1.3 105700 102792 113792
 1.3 105700 102792 113792
 1.3 105700 102792 113792
 1.3 105700 102792 113792
 1.3 105700 102792 113792
 1.3 105700 102792 113792
 1.3 105700 102792 113792
 1.3 105700 102792 113792
 1.3 105700 102792 113792
 1.3 105700 102792 113792
 1.3 105700 102792 113792
 1.3 105700 102792 113792
 1.3 105700 102792 113792
 1.3 105700 102792 113792
 1.3 105700 102792 113792
 1.3 105700 102792 113792
 1.3 105700 102792 113792
 1.3 105700 102792 113792
 1.3 105700 102792 113792
 1.3 105700 102792 113792
 1.3 105700 102792 113792
 1.3 105700 102792 113792
 1.3 105700 102792 113792
 1.3 105700 102792 113792
 1.3 105700 102792 113792
 1.3 105700 102792 113792
 1.3 105700 102792 113792
 1.3 105700 102792 113792
 1.3 105700 102792 113792
 1.3 105700 102792 113792
 1.3 105700 102792 113792
 1.3 105700 102792 113792
 1.3 105700 102792 113792
 1.3 105700 102792 113792
 1.3 105700 102792 113792
 1.3 105700 102792 113792
 1.3 105700 102792 113792
 1.3 105700 102792 113792
 1.3 105700 102792 113792
 1.3 105700 102792 113792
 1.3 105700 102792 113792
 1.3 105700 102792 113792
 1.3 105700 102792 113792
 1.3 105700 102792 113792
 1.3 105700 102792 113792
 1.3 105700 102792 113792
 1.3 105700 102792 113792
 1.3 105700 102792 113792
 1.3 105700 102792 113792
 1.3 105700 102792 113792
 1.3 105700 102792 113792
 1.3 105700 102792 113792
 1.3 105700 102792 113792
 1.3 105700 102792 113792
 1.3 105700 102792 113792
 1.3 105700 102792 113792
 1.3 105700 102792 113792
 1.3 105700 102792 113792
 1.3 105700 102792 113792
 1.3 105700 102792 113792
 1.3 105700 102792 113792
 1.3 105700 102792 113792
 1.3 105700 102792 113792
 1.3 105700 102792 113792
 1.3 105700 102792 113792
 1.3 105700 102792 113792
 1.3 105700 102792 113792
 1.3 105700 102792 113792
 1.3 105700 102792 113792
 1.3 105700 102792 113792
 1.3 105700 102792 113792
 1.3 105700 102792 113792
 1.3 105700 102792 113792
 1.3 105700 102792 113792
 1.3 105700 102792 113792
 1.3 105700 102792 113792
 1.3 105700 102792 113792
 1.3 105700 102792 113792
 1.3 105700 102792 113792
 1.3 105700 102792 113792
 1.3 105700 102792 113792
 1.3 105700 102792 113792
 1.3 105700 102792 113792
 0.0  3384   388  11388
 0.1 14464 14044  25044
 0.6 55748 55012  66012
 1.2 98820 95980 106980
 1.3 105280 102808 113808
 1.3 105280 102808 113808
 1.3 105280 102808 113808
 1.3 105280 102808 113808
 1.3 105280 102808 113808
 1.3 105280 102808 113808
 1.3 105280 102808 113808
 1.3 105280 102808 113808
 1.3 105280 102808 113808
 1.3 105280 102808 113808
 1.3 105280 102808 113808
 1.3 105280 102808 113808
 1.3 105280 102808 113808
 1.3 105280 102808 113808
 1.3 105280 102808 113808
 1.3 105280 102808 113808
 1.3 105280 102808 113808
 1.3 105280 102808 113808
 1.3 105280 102808 113808
 1.3 105280 102808 113808
 1.3 105280 102808 113808
 1.3 105280 102808 113808
 1.3 105280 102808 113808
 1.3 105280 102808 113808
 1.3 105280 102808 113808
 1.3 105280 102808 113808
 1.3 105280 102808 113808
 1.3 105280 102808 113808
 1.3 105280 102808 113808
 1.3 105280 102808 113808
 1.3 105280 102808 113808
 1.3 105280 102808 113808
 1.3 105280 102808 113808
 1.3 105280 102808 113808
 1.3 105280 102808 113808
 1.3 105280 102808 113808
 1.3 105280 102808 113808
 1.3 105280 102808 113808
 1.3 105280 102808 113808
 1.3 105280 102808 113808
 1.3 105280 102808 113808
 1.3 105280 102808 113808
 1.3 105280 102808 113808
 1.3 105280 102808 113808
 1.3 105280 102808 113808
 1.3 105280 102808 113808
 1.3 105280 102808 113808
 1.3 105280 102808 113808
 1.3 105280 102808 113808
 1.3 105280 102808 113808
 1.3 105280 102808 113808
 1.3 105280 102808 113808
 1.3 105280 102808 113808
 1.3 105280 102808 113808
 1.3 105280 102808 113808
 1.3 105280 102808 113808
 1.3 105280 102808 113808
 1.3 105280 102808 113808
 1.3 105280 102808 113808
 1.3 105280 102808 113808
 1.3 105280 102808 113808
 1.3 105280 102808 113808
 1.3 105280 102808 113808
 1.3 105280 102808 113808
 1.3 105280 102808 113808
 1.3 105280 102808 113808
 1.3 105280 102808 113808
 1.3 105280 102808 113808
 1.3 105280 102808 113808
 1.3 105280 102808 113808
 1.3 105280 102808 113808
 1.3 105280 102808 113808
 1.3 105280 102808 113808
 1.3 105280 102808 113808
 1.3 105280 102808 113808
 1.3 105280 102808 113808
 1.3 105280 102808 113808
 1.3 105280 102808 113808
 1.3 105280 102808 113808
 1.3 105280 102808 113808
 1.3 105280 102808 113808
 1.3 105280 102808 113808
 1.3 105280 102808 113808
 1.3 105280 102808 113808
 1.3 105280 102808 113808
 1.3 105280 102808 113808
 1.3 105280 102808 113808
 1.3 105280 102808 113808
 1.3 105280 102808 113808
 1.3 105280 102808 113808
 1.3 105280 102808 113808
 1.3 105280 102808 113808
 1.3 105280 102808 113808
 1.3 105280 102808 113808
 1.3 105280 102808 113808
 1.3 105280 102808 113808
 1.3 105280 102808 113808
 1.3 105280 102808 113808
 1.3 105280 102808 113808
 1.3 105280 102808 113808
 1.3 105280 102808 113808
 1.3 105280 102808 113808
 1.3 105280 102808 113808
 1.3 105280 102808 113808
 1.3 105280 102808 113808
 1.3 105280 102808 113808
 1.3 105280 102808 113808
 1.3 105280 102808 113808
 1.3 105280 102808 113808
 1.3 105280 102808 113808
 1.3 105280 102808 113808
 1.3 105280 102808 113808
 1.3 105280 102808 113808
 1.3 105280 102808 113808
 1.3 105280 102808 113808
 1.3 105280 102808 113808
 1.3 105280 102808 113808
 1.3 105280 102808 113808
 1.3 105280 102808 113808
 1.3 105280 102808 113808
 1.3 105280 102808 113808
 1.3 105280 102808 113808
 1.3 105280 102808 113808
 1.3 105280 102808 113808
 1.3 105280 102808 113808
 1.3 105280 102808 113808
 1.3 105280 102808 113808
 1.3 105280 102808 113808
 1.3 105280 102808 113808
 1.3 105280 102808 113808
 1.3 105280 102808 113808
 1.3 105280 102808 113808
 1.3 105280 102808 113808
 1.3 105280 102808 113808
 1.3 105280 102808 113808
 1.3 105280 102808 113808
 1.3 105280 102808 113808
 1.3 105280 102808 113808
 1.3 105280 102808 113808
 1.3 105280 102808 113808
 1.3 105280 102808 113808
 1.3 105280 102808 113808
 1.3 105280 102808 113808
 1.3 105280 102808 113808
 1.3 105280 102808 113808
 1.3 105280 102808 113808
 1.3 105280 102808 113808
 1.3 105280 102808 113808
 1.3 105280 102808 113808
 1.3 105280 102808 113808
 1.3 105280 102808 113808
 1.3 105280 102808 113808
 1.3 105280 102808 113808
 1.3 105280 102808 113808
 1.3 105280 102808 113808
 1.3 105280 102808 113808
 1.3 105280 102808 113808
 1.3 105280 102808 113808
 1.3 105280 102808 113808
 1.3 105280 102808 113808
 1.3 105280 102808 113808
 1.3 105280 102808 113808
 1.3 105280 102808 113808
 1.3 105280 102808 113808
 1.3 105280 102808 113808
 1.3 105280 102808 113808
 1.3 105280 102808 113808
 1.3 105280 102808 113808
 1.3 105280 102808 113808
 1.3 105280 102808 113808
 1.3 105280 102808 113808
 1.3 105280 102808 113808
 1.3 105280 102808 113808
 1.3 105280 102808 113808
 1.3 105280 102808 113808
 1.3 105280 102808 113808
 1.3 105280 102808 113808
 1.3 105280 102808 113808
 1.3 105280 102808 113808
 1.3 105280 102808 113808
 1.3 105280 102808 113808
 1.3 105280 102808 113808
 1.3 105280 102808 113808
 0.5 43924 41356  52356
