coretemp-isa-0000
Adapter: ISA adapter
Package id 0:  +66.0°C  (high = +100.0°C, crit = +100.0°C)
Core 0:        +66.0°C  (high = +100.0°C, crit = +100.0°C)
Core 1:        +64.0°C  (high = +100.0°C, crit = +100.0°C)
Core 2:        +63.0°C  (high = +100.0°C, crit = +100.0°C)
Core 3:        +64.0°C  (high = +100.0°C, crit = +100.0°C)

pch_cannonlake-virtual-0
Adapter: Virtual device
temp1:        +54.0°C  

BAT0-acpi-0
Adapter: ACPI interface
in0:          12.61 V  
curr1:       1000.00 uA 

dell_smm-virtual-0
Adapter: Virtual device
fan1:        3171 RPM

radeon-pci-0100
Adapter: PCI adapter
temp1:            N/A  (crit = +120.0°C, hyst = +90.0°C)

acpitz-acpi-0
Adapter: ACPI interface
temp1:        +25.0°C  (crit = +107.0°C)

%CPU %MEM     ELAPSED
 0.8 66664 102792 113792
 0.9 78952 102792 113792
 1.0 81000 102792 113792
 1.0 81000 102792 113792
 1.0 81000 102792 113792
 1.0 81000 102792 113792
 1.0 83048 102792 113792
 1.0 85096 102792 113792
 1.0 85096 102792 113792
 1.0 85096 102792 113792
 1.0 85096 102792 113792
 1.0 85096 102792 113792
 1.0 85096 102792 113792
 1.0 85096 102792 113792
 1.0 85096 102792 113792
 1.0 87144 102792 113792
 1.1 89192 102792 113792
 1.1 89192 102792 113792
 1.1 89192 102792 113792
 1.1 91240 102792 113792
 1.1 91240 102792 113792
 1.1 91240 102792 113792
 1.1 91240 102792 113792
 1.1 91240 102792 113792
 1.1 91240 102792 113792
 1.1 91240 102792 113792
 1.1 91240 102792 113792
 1.1 91240 102792 113792
 1.1 91240 102792 113792
 1.1 91240 102792 113792
 1.1 91240 102792 113792
 1.1 91240 102792 113792
 1.1 91240 102792 113792
 1.1 91240 102792 113792
 1.1 91240 102792 113792
 1.1 93444 102792 113792
 1.1 93444 102792 113792
 1.1 93444 102792 113792
 1.1 95492 102792 113792
 1.1 95492 102792 113792
 1.1 95492 102792 113792
 1.1 95492 102792 113792
 1.2 97540 102792 113792
 1.2 99588 102792 113792
 1.2 99588 102792 113792
 1.2 99588 102792 113792
 1.2 99588 102792 113792
 1.2 99588 102792 113792
 1.2 99588 102792 113792
 1.2 99588 102792 113792
 1.2 99588 102792 113792
 1.2 101636 102792 113792
 1.2 101636 102792 113792
 1.2 103684 102792 113792
 1.2 103684 102792 113792
 1.2 103684 102792 113792
 1.3 105732 102792 113792
 1.3 105732 102792 113792
 1.3 105732 102792 113792
 1.3 105732 102792 113792
 1.3 105732 102792 113792
 1.3 105732 102792 113792
 1.3 105732 102792 113792
 1.3 105732 102792 113792
 1.3 105732 102792 113792
 1.3 105732 102792 113792
 1.3 105732 102792 113792
 1.3 105732 102792 113792
 1.3 105732 102792 113792
 1.3 105732 102792 113792
 1.3 105732 102792 113792
 1.3 105732 102792 113792
 1.3 105732 102792 113792
 1.3 105732 102792 113792
 1.3 105732 102792 113792
 1.3 105732 102792 113792
 1.3 105732 102792 113792
 1.3 105732 102792 113792
 1.3 105732 102792 113792
 1.3 105732 102792 113792
 1.3 105732 102792 113792
 1.3 105732 102792 113792
 1.3 105732 102792 113792
 1.3 105732 102792 113792
 1.3 105732 102792 113792
 1.3 105732 102792 113792
 1.3 105732 102792 113792
 1.3 105732 102792 113792
 1.3 105732 102792 113792
 1.3 105732 102792 113792
 1.3 105732 102792 113792
 1.3 105732 102792 113792
 1.3 105732 102792 113792
 1.3 105732 102792 113792
 1.3 105732 102792 113792
 1.3 105732 102792 113792
 1.3 105732 102792 113792
 1.3 105732 102792 113792
 1.3 105732 102792 113792
 1.3 105732 102792 113792
 1.3 105732 102792 113792
 1.3 105732 102792 113792
 1.3 105732 102792 113792
 1.3 105732 102792 113792
 1.3 105732 102792 113792
 1.3 105732 102792 113792
 1.3 105732 102792 113792
 1.3 105732 102792 113792
 1.3 105732 102792 113792
 1.3 105732 102792 113792
 1.3 105732 102792 113792
 1.3 105732 102792 113792
 1.3 105732 102792 113792
 1.3 105732 102792 113792
 1.3 105732 102792 113792
 1.3 105732 102792 113792
 1.3 105732 102792 113792
 1.3 105732 102792 113792
 1.3 105732 102792 113792
 1.3 105732 102792 113792
 1.3 105732 102792 113792
 1.3 105732 102792 113792
 1.3 105732 102792 113792
 1.3 105732 102792 113792
 1.3 105732 102792 113792
 1.3 105732 102792 113792
 1.3 105732 102792 113792
 1.3 105732 102792 113792
 1.3 105732 102792 113792
 1.3 105732 102792 113792
 1.3 105732 102792 113792
 1.3 105732 102792 113792
 1.3 105732 102792 113792
 1.3 105732 102792 113792
 1.3 105732 102792 113792
 1.3 105732 102792 113792
 1.3 105732 102792 113792
 1.3 105732 102792 113792
 1.3 105732 102792 113792
 1.3 105732 102792 113792
 1.3 105732 102792 113792
 1.3 105732 102792 113792
 1.3 105732 102792 113792
 1.3 105732 102792 113792
 1.3 105732 102792 113792
 1.3 105732 102792 113792
 1.3 105732 102792 113792
 1.3 105732 102792 113792
 1.3 105732 102792 113792
 1.3 105732 102792 113792
 1.3 105732 102792 113792
 1.3 105732 102792 113792
 1.3 105732 102792 113792
 1.3 105732 102792 113792
 1.3 105732 102792 113792
 1.3 105732 102792 113792
 1.3 105732 102792 113792
 1.3 105732 102792 113792
 1.3 105732 102792 113792
 1.3 105732 102792 113792
 1.3 105732 102792 113792
 1.3 105732 102792 113792
 1.3 105732 102792 113792
 1.3 105732 102792 113792
 1.3 105732 102792 113792
 1.3 105732 102792 113792
 1.3 105732 102792 113792
 1.3 105732 102792 113792
 1.3 105732 102792 113792
 1.3 105732 102792 113792
 1.3 105732 102792 113792
 1.3 105732 102792 113792
 1.3 105732 102792 113792
 1.3 105732 102792 113792
 1.3 105732 102792 113792
 1.3 105732 102792 113792
 1.3 105732 102792 113792
 1.3 105732 102792 113792
 1.3 105732 102792 113792
 1.3 105732 102792 113792
 1.3 105732 102792 113792
 1.3 105732 102792 113792
 1.3 105732 102792 113792
 1.3 105732 102792 113792
 1.3 105732 102792 113792
 1.3 105732 102792 113792
 1.3 105732 102792 113792
 1.3 105732 102792 113792
 1.3 105732 102792 113792
 1.3 105732 102792 113792
 1.3 105732 102792 113792
 1.3 105732 102792 113792
 1.3 105732 102792 113792
 1.3 105732 102792 113792
 1.3 105732 102792 113792
 1.3 105732 102792 113792
 1.3 105732 102792 113792
 1.3 105732 102792 113792
 1.3 105732 102792 113792
 1.3 105732 102792 113792
 1.3 105732 102792 113792
 1.3 105732 102792 113792
 1.3 105732 102792 113792
 1.3 105732 102792 113792
 1.3 105732 102792 113792
 1.3 105732 102792 113792
 1.3 105732 102792 113792
 1.3 105732 102792 113792
 1.3 105732 102792 113792
 1.3 105732 102792 113792
 1.3 105732 102792 113792
 1.3 105732 102792 113792
 1.3 105732 102792 113792
 1.3 105732 102792 113792
 1.3 105732 102792 113792
 1.3 105732 102792 113792
 1.3 105732 102792 113792
 1.3 105732 102792 113792
 1.3 105732 102792 113792
 1.3 105732 102792 113792
 1.3 105732 102792 113792
 1.3 105732 102792 113792
 1.3 105732 102792 113792
 1.3 105732 102792 113792
 1.3 105732 102792 113792
 1.3 105732 102792 113792
 1.3 105732 102792 113792
 1.3 105732 102792 113792
 1.3 105732 102792 113792
 1.3 105732 102792 113792
 1.3 105732 102792 113792
 1.3 105732 102792 113792
 1.3 105732 102792 113792
 1.3 105732 102792 113792
 1.3 105732 102792 113792
 1.3 105732 102792 113792
 1.3 105732 102792 113792
 1.3 105732 102792 113792
 1.3 105732 102792 113792
 1.3 105732 102792 113792
 1.3 105732 102792 113792
 1.3 105732 102792 113792
 1.3 105732 102792 113792
 1.3 105732 102792 113792
 1.3 105732 102792 113792
 1.3 105732 102792 113792
 1.3 105732 102792 113792
 1.3 105732 102792 113792
 1.3 105732 102792 113792
 1.3 105732 102792 113792
 1.3 105732 102792 113792
 1.3 105732 102792 113792
 1.3 105732 102792 113792
 1.3 105732 102792 113792
 1.3 105732 102792 113792
 1.3 105732 102792 113792
 1.3 105732 102792 113792
 1.3 105732 102792 113792
 1.3 105732 102792 113792
 1.3 105732 102792 113792
 1.3 105732 102792 113792
 1.3 105732 102792 113792
 1.3 105732 102792 113792
 1.3 105732 102792 113792
 1.3 105732 102792 113792
 1.3 105732 102792 113792
 1.3 105732 102792 113792
 1.3 105732 102792 113792
 1.3 105732 102792 113792
 1.3 105732 102792 113792
 1.3 105732 102792 113792
 1.3 105732 102792 113792
 1.3 105732 102792 113792
 1.3 105732 102792 113792
 1.3 105732 102792 113792
 1.3 105732 102792 113792
 1.3 105732 102792 113792
 1.3 105732 102792 113792
 1.3 105732 102792 113792
 1.3 105732 102792 113792
 1.3 105732 102792 113792
 1.3 105732 102792 113792
 1.3 105732 102792 113792
 1.3 105732 102792 113792
 1.3 105732 102792 113792
 1.3 105732 102792 113792
 1.3 105732 102792 113792
 1.3 105732 102792 113792
 1.3 105732 102792 113792
 1.3 105732 102792 113792
 1.3 105732 102792 113792
 1.3 105732 102792 113792
 1.3 105732 102792 113792
 1.3 105732 102792 113792
 1.3 105732 102792 113792
 1.3 105732 102792 113792
 1.3 105732 102792 113792
 1.3 105732 102792 113792
 1.3 105732 102792 113792
 1.3 105732 102792 113792
 1.3 105732 102792 113792
 1.3 105732 102792 113792
 1.3 105732 102792 113792
 1.3 105732 102792 113792
 1.3 105732 102792 113792
 1.3 105732 102792 113792
 1.3 105732 102792 113792
 1.3 105732 102792 113792
 1.3 105732 102792 113792
 1.3 105732 102792 113792
 1.3 105732 102792 113792
 1.3 105732 102792 113792
 1.3 105732 102792 113792
 1.3 105732 102792 113792
 1.3 105732 102792 113792
 1.3 105732 102792 113792
 1.3 105732 102792 113792
 1.3 105732 102792 113792
 1.3 105732 102792 113792
 1.3 105732 102792 113792
 1.3 105732 102792 113792
 1.3 105732 102792 113792
 1.3 105732 102792 113792
 1.3 105732 102792 113792
 1.3 105732 102792 113792
 1.3 105732 102792 113792
 1.3 105732 102792 113792
 1.3 105732 102792 113792
 1.3 105732 102792 113792
 1.3 105732 102792 113792
 1.3 105732 102792 113792
 1.3 105732 102792 113792
 1.3 105732 102792 113792
 1.3 105732 102792 113792
 1.3 105732 102792 113792
 1.3 105732 102792 113792
 1.3 105732 102792 113792
 1.3 105732 102792 113792
 1.3 105732 102792 113792
 1.3 105732 102792 113792
 1.3 105732 102792 113792
 1.3 105732 102792 113792
 1.3 105732 102792 113792
 1.3 105732 102792 113792
 1.3 105732 102792 113792
 1.3 105732 102792 113792
 1.3 105732 102792 113792
 1.3 105732 102792 113792
 1.3 105732 102792 113792
 1.3 105732 102792 113792
 1.3 105732 102792 113792
 1.3 105732 102792 113792
 1.3 105732 102792 113792
 1.3 105732 102792 113792
 1.3 105732 102792 113792
 1.3 105732 102792 113792
 1.3 105732 102792 113792
 1.3 105732 102792 113792
 1.3 105732 102792 113792
 1.3 105732 102792 113792
 1.3 105732 102792 113792
 1.3 105732 102792 113792
 1.3 105732 102792 113792
 1.3 105732 102792 113792
 1.3 105732 102792 113792
 1.3 105732 102792 113792
 1.3 105732 102792 113792
 1.3 105732 102792 113792
 1.3 105732 102792 113792
 1.3 105732 102792 113792
 1.3 105732 102792 113792
 1.3 105732 102792 113792
 1.3 105732 102792 113792
 1.3 105732 102792 113792
 1.3 105732 102792 113792
 1.3 105732 102792 113792
 1.3 105732 102792 113792
 1.3 105732 102792 113792
 1.3 105732 102792 113792
 1.3 105732 102792 113792
 1.3 105732 102792 113792
 1.3 105732 102792 113792
 1.3 105732 102792 113792
 1.3 105732 102792 113792
 1.3 105732 102792 113792
 1.3 105732 102792 113792
 1.3 105732 102792 113792
 1.3 105732 102792 113792
 1.3 105732 102792 113792
 1.3 105732 102792 113792
 1.3 105732 102792 113792
 1.3 105732 102792 113792
 1.3 105732 102792 113792
 1.3 105732 102792 113792
 1.3 105732 102792 113792
 1.3 105732 102792 113792
 1.3 105732 102792 113792
 1.3 105732 102792 113792
 1.3 105732 102792 113792
 1.3 105732 102792 113792
 1.3 105732 102792 113792
 1.3 105732 102792 113792
 1.3 105732 102792 113792
 1.3 105732 102792 113792
 1.3 105732 102792 113792
 1.3 105732 102792 113792
 1.3 105732 102792 113792
 1.3 105732 102792 113792
 1.3 105732 102792 113792
 1.3 105732 102792 113792
 1.3 105732 102792 113792
 1.3 105732 102792 113792
 1.3 105732 102792 113792
 1.3 105732 102792 113792
 1.3 105732 102792 113792
 1.3 105732 102792 113792
 1.3 105732 102792 113792
 1.3 105732 102792 113792
 1.3 105732 102792 113792
 1.3 105732 102792 113792
 1.3 105732 102792 113792
 1.3 105732 102792 113792
 1.3 105732 102792 113792
 1.3 105732 102792 113792
 1.3 105732 102792 113792
 1.3 105732 102792 113792
 1.3 105732 102792 113792
 1.3 105732 102792 113792
 1.3 105732 102792 113792
 1.3 105732 102792 113792
 1.3 105732 102792 113792
 1.3 105732 102792 113792
 1.3 105732 102792 113792
 1.3 105732 102792 113792
 1.3 105732 102792 113792
 1.3 105732 102792 113792
 1.3 105732 102792 113792
 1.3 105732 102792 113792
 1.3 105732 102792 113792
 1.3 105732 102792 113792
 1.3 105732 102792 113792
 1.3 105732 102792 113792
 1.3 105732 102792 113792
 1.3 105732 102792 113792
 1.3 105732 102792 113792
 1.3 105732 102792 113792
 1.3 105732 102792 113792
 1.3 105732 102792 113792
 1.3 105732 102792 113792
 1.3 105732 102792 113792
 1.3 105732 102792 113792
 1.3 105732 102792 113792
 1.3 105732 102792 113792
 1.3 105732 102792 113792
 1.3 105732 102792 113792
 1.3 105732 102792 113792
 1.3 105732 102792 113792
 1.3 105732 102792 113792
 1.3 105732 102792 113792
 1.3 105732 102792 113792
 1.3 105732 102792 113792
 1.3 105732 102792 113792
 1.3 105732 102792 113792
 1.3 105732 102792 113792
 1.3 105732 102792 113792
 1.3 105732 102792 113792
 1.3 105732 102792 113792
 1.3 105732 102792 113792
 1.3 105732 102792 113792
 1.3 105732 102792 113792
 1.3 105732 102792 113792
 1.3 105732 102792 113792
 1.3 105732 102792 113792
 1.3 105732 102792 113792
 1.3 105732 102792 113792
 1.3 105732 102792 113792
 1.3 105732 102792 113792
 1.3 105732 102792 113792
 1.3 105732 102792 113792
 1.3 105732 102792 113792
 1.3 105732 102792 113792
 1.3 105732 102792 113792
 1.3 105732 102792 113792
 1.3 105732 102792 113792
 1.3 105732 102792 113792
 1.3 105732 102792 113792
 1.3 105732 102792 113792
 1.3 105732 102792 113792
 1.3 105732 102792 113792
 1.3 105732 102792 113792
 1.3 105732 102792 113792
 1.3 105732 102792 113792
 1.3 105732 102792 113792
 1.3 105732 102792 113792
 1.3 105732 102792 113792
 1.3 105732 102792 113792
 1.3 105732 102792 113792
 1.3 105732 102792 113792
 1.3 105732 102792 113792
 1.3 105732 102792 113792
 1.3 105732 102792 113792
 1.3 105732 102792 113792
 1.3 105732 102792 113792
 1.3 105732 102792 113792
 1.3 105732 102792 113792
 1.3 105732 102792 113792
 1.3 105732 102792 113792
 1.3 105732 102792 113792
 1.3 105732 102792 113792
 1.3 105732 102792 113792
 1.3 105732 102792 113792
 1.3 105732 102792 113792
 1.3 105732 102792 113792
 1.3 105732 102792 113792
 1.3 105732 102792 113792
 1.3 105732 102792 113792
 1.3 105732 102792 113792
 1.3 105732 102792 113792
 1.3 105732 102792 113792
 1.3 105732 102792 113792
 1.3 105732 102792 113792
 1.3 105732 102792 113792
 1.3 105732 102792 113792
 1.3 105732 102792 113792
 1.3 105732 102792 113792
 1.3 105732 102792 113792
 1.3 105732 102792 113792
 1.3 105732 102792 113792
 1.3 105732 102792 113792
 1.3 105732 102792 113792
 1.3 105732 102792 113792
 1.3 105732 102792 113792
 1.3 105732 102792 113792
 1.3 105732 102792 113792
 1.3 105732 102792 113792
 1.3 105732 102792 113792
 1.3 105732 102792 113792
 1.3 105732 102792 113792
 1.3 105732 102792 113792
 1.3 105732 102792 113792
 1.3 105732 102792 113792
 1.3 105732 102792 113792
 1.3 105732 102792 113792
 1.3 105732 102792 113792
 1.3 105732 102792 113792
 1.3 105732 102792 113792
 1.3 105732 102792 113792
 1.3 105732 102792 113792
 1.3 105732 102792 113792
 1.3 105732 102792 113792
 1.3 105732 102792 113792
 1.3 105732 102792 113792
 1.3 105732 102792 113792
 1.3 105732 102792 113792
 1.3 105732 102792 113792
 1.3 105732 102792 113792
 1.3 105732 102792 113792
 1.3 105732 102792 113792
 1.3 105732 102792 113792
 1.3 105732 102792 113792
 1.3 105732 102792 113792
 1.3 105732 102792 113792
 1.3 105732 102792 113792
 1.3 105732 102792 113792
 1.3 105732 102792 113792
 1.3 105732 102792 113792
 1.3 105732 102792 113792
 1.3 105732 102792 113792
 1.3 105732 102792 113792
 1.3 105732 102792 113792
 1.3 105732 102792 113792
 1.3 105732 102792 113792
 1.3 105732 102792 113792
 1.3 105732 102792 113792
 1.3 105732 102792 113792
 1.3 105732 102792 113792
 1.3 105732 102792 113792
 1.3 105732 102792 113792
 1.3 105732 102792 113792
 1.3 105732 102792 113792
 1.3 105732 102792 113792
 1.3 105732 102792 113792
 1.3 105732 102792 113792
 1.3 105732 102792 113792
 1.3 105732 102792 113792
 1.3 105732 102792 113792
 1.3 105732 102792 113792
 1.3 105732 102792 113792
 1.3 105732 102792 113792
 1.3 105732 102792 113792
 1.3 105732 102792 113792
 1.3 105732 102792 113792
 1.3 105732 102792 113792
 1.3 105732 102792 113792
 1.3 105732 102792 113792
 1.3 105732 102792 113792
 1.3 105732 102792 113792
 1.3 105732 102792 113792
 1.3 105732 102792 113792
 1.3 105732 102792 113792
 1.3 105732 102792 113792
 1.3 105732 102792 113792
 1.3 105732 102792 113792
 1.3 105732 102792 113792
 1.3 105732 102792 113792
 1.3 105732 102792 113792
 1.3 105732 102792 113792
 1.3 105732 102792 113792
 1.3 105732 102792 113792
 1.3 105732 102792 113792
 1.3 105732 102792 113792
 1.3 105732 102792 113792
 1.3 105732 102792 113792
 1.3 105732 102792 113792
 1.3 105732 102792 113792
 1.3 105732 102792 113792
 1.3 105732 102792 113792
 1.3 105732 102792 113792
 1.3 105732 102792 113792
 1.3 105732 102792 113792
 1.3 105732 102792 113792
 1.3 105732 102792 113792
 1.3 105732 102792 113792
 1.3 105732 102792 113792
 1.3 105732 102792 113792
 1.3 105732 102792 113792
 1.3 105732 102792 113792
 1.3 105732 102792 113792
 1.3 105732 102792 113792
 1.3 105732 102792 113792
 1.3 105732 102792 113792
 1.3 105732 102792 113792
 1.3 105732 102792 113792
 1.3 105732 102792 113792
 1.3 105732 102792 113792
 1.3 105732 102792 113792
 1.3 105732 102792 113792
 1.3 105732 102792 113792
 1.3 105732 102792 113792
 1.3 105732 102792 113792
 1.3 105732 102792 113792
 1.3 105732 102792 113792
 1.3 105732 102792 113792
 1.3 105732 102792 113792
 1.3 105732 102792 113792
 1.3 105732 102792 113792
 1.3 105732 102792 113792
 1.3 105732 102792 113792
 1.3 105732 102792 113792
 1.3 105732 102792 113792
 1.3 105732 102792 113792
 1.3 105732 102792 113792
 1.3 105732 102792 113792
 1.3 105732 102792 113792
 1.3 105732 102792 113792
 1.3 105732 102792 113792
 1.3 105732 102792 113792
 1.3 105732 102792 113792
 1.3 105732 102792 113792
 1.3 105732 102792 113792
 1.3 105732 102792 113792
 1.3 105732 102792 113792
 1.3 105732 102792 113792
 1.3 105732 102792 113792
 1.3 105732 102792 113792
 1.3 105732 102792 113792
 1.3 105732 102792 113792
 1.3 105732 102792 113792
 1.3 105732 102792 113792
 1.3 105732 102792 113792
 1.3 105732 102792 113792
 1.3 105732 102792 113792
 1.3 105732 102792 113792
 1.3 105732 102792 113792
 1.3 105732 102792 113792
 1.3 105732 102792 113792
 1.3 105732 102792 113792
 1.3 105732 102792 113792
 1.3 105732 102792 113792
 1.3 105732 102792 113792
 1.3 105732 102792 113792
 1.3 105732 102792 113792
 1.3 105732 102792 113792
 1.3 105732 102792 113792
 1.3 105732 102792 113792
 1.3 105732 102792 113792
 1.3 105732 102792 113792
 1.3 105732 102792 113792
 1.3 105732 102792 113792
 1.3 105732 102792 113792
 1.3 105732 102792 113792
 1.3 105732 102792 113792
 1.3 105732 102792 113792
 1.3 105732 102792 113792
 1.3 105732 102792 113792
 1.3 105732 102792 113792
 1.3 105732 102792 113792
 1.3 105732 102792 113792
 1.3 105732 102792 113792
 1.3 105732 102792 113792
 1.3 105732 102792 113792
 1.3 105732 102792 113792
 1.3 105732 102792 113792
 1.3 105732 102792 113792
 1.3 105732 102792 113792
 1.3 105732 102792 113792
 1.3 105732 102792 113792
 1.3 105732 102792 113792
 1.3 105732 102792 113792
 1.3 105732 102792 113792
 1.3 105732 102792 113792
 1.3 105732 102792 113792
 1.3 105732 102792 113792
 1.3 105732 102792 113792
 1.3 105732 102792 113792
 1.3 105732 102792 113792
 1.3 105732 102792 113792
 1.3 105732 102792 113792
 1.3 105732 102792 113792
 1.3 105732 102792 113792
 1.3 105732 102792 113792
 1.3 105732 102792 113792
 1.3 105732 102792 113792
 1.3 105732 102792 113792
 1.3 105732 102792 113792
 1.3 105732 102792 113792
 1.3 105732 102792 113792
 1.3 105732 102792 113792
 1.3 105732 102792 113792
 1.3 105732 102792 113792
 1.3 105732 102792 113792
 1.3 105732 102792 113792
 1.3 105732 102792 113792
 1.3 105732 102792 113792
 1.3 105732 102792 113792
 1.3 105732 102792 113792
 1.3 105732 102792 113792
 1.3 105732 102792 113792
 1.3 105732 102792 113792
 1.3 105732 102792 113792
 1.3 105732 102792 113792
 1.3 105732 102792 113792
 1.3 105732 102792 113792
 1.3 105732 102792 113792
 1.3 105732 102792 113792
 1.3 105732 102792 113792
 1.3 105732 102792 113792
 1.3 105732 102792 113792
 1.3 105732 102792 113792
 1.3 105732 102792 113792
 1.3 105732 102792 113792
 1.3 105732 102792 113792
 1.3 105732 102792 113792
 1.3 105732 102792 113792
 1.3 105732 102792 113792
 1.3 105732 102792 113792
 1.3 105732 102792 113792
 1.3 105732 102792 113792
 1.3 105732 102792 113792
 1.3 105732 102792 113792
 1.3 105732 102792 113792
 1.3 105732 102792 113792
 1.3 105732 102792 113792
 1.3 105732 102792 113792
 1.3 105732 102792 113792
 1.3 105732 102792 113792
 1.3 105732 102792 113792
 1.3 105732 102792 113792
 1.3 105732 102792 113792
 1.3 105732 102792 113792
 1.3 105732 102792 113792
 1.3 105732 102792 113792
 1.3 105732 102792 113792
 1.3 105732 102792 113792
 1.3 105732 102792 113792
 1.3 105732 102792 113792
 1.3 105732 102792 113792
 1.3 105732 102792 113792
 1.3 105732 102792 113792
 1.3 105732 102792 113792
 1.3 105732 102792 113792
 1.3 105732 102792 113792
 1.3 105732 102792 113792
 1.3 105732 102792 113792
 1.3 105732 102792 113792
 1.3 105732 102792 113792
 1.3 105732 102792 113792
 1.3 105732 102792 113792
 1.3 105732 102792 113792
 1.3 105732 102792 113792
 1.3 105732 102792 113792
 1.3 105732 102792 113792
 1.3 105732 102792 113792
 1.3 105732 102792 113792
 1.3 105732 102792 113792
 1.3 105732 102792 113792
 1.3 105732 102792 113792
 1.3 105732 102792 113792
 1.3 105732 102792 113792
 1.3 105732 102792 113792
 1.3 105732 102792 113792
 1.3 105732 102792 113792
 1.3 105732 102792 113792
 1.3 105732 102792 113792
 1.3 105732 102792 113792
 1.3 105732 102792 113792
 1.3 105732 102792 113792
 1.3 105732 102792 113792
 1.3 105732 102792 113792
 1.3 105732 102792 113792
 1.3 105732 102792 113792
 1.3 105732 102792 113792
 1.3 105732 102792 113792
 1.3 105732 102792 113792
 1.3 105732 102792 113792
 1.3 105732 102792 113792
 1.3 105732 102792 113792
 1.3 105732 102792 113792
 1.3 105732 102792 113792
 1.3 105732 102792 113792
 1.3 105732 102792 113792
 1.3 105732 102792 113792
 1.3 105732 102792 113792
 1.3 105732 102792 113792
 1.3 105732 102792 113792
 1.3 105732 102792 113792
 1.3 105732 102792 113792
 1.3 105732 102792 113792
 1.3 105732 102792 113792
 1.3 105732 102792 113792
 1.3 105732 102792 113792
 0.0  6960 10632  21632
 0.6 54772 61852  72852
 1.2 101596 102828 113828
 1.3 105692 102828 113828
 1.3 105692 102828 113828
 1.3 105692 102828 113828
 1.3 105692 102828 113828
 1.3 105692 102828 113828
 1.3 105692 102828 113828
 1.3 105692 102828 113828
 1.3 105692 102828 113828
 1.3 105692 102828 113828
 1.3 105692 102828 113828
 1.3 105692 102828 113828
 1.3 105692 102828 113828
 1.3 105692 102828 113828
 1.3 105692 102828 113828
 1.3 105692 102828 113828
 1.3 105692 102828 113828
 1.3 105692 102828 113828
 1.3 105692 102828 113828
 1.3 105692 102828 113828
 1.3 105692 102828 113828
 1.3 105692 102828 113828
 1.3 105692 102828 113828
 1.3 105692 102828 113828
 1.3 105692 102828 113828
 1.3 105692 102828 113828
 1.3 105692 102828 113828
 1.3 105692 102828 113828
 1.3 105692 102828 113828
 1.3 105692 102828 113828
 1.3 105692 102828 113828
 1.3 105692 102828 113828
 1.3 105692 102828 113828
 1.3 105692 102828 113828
 1.3 105692 102828 113828
 1.3 105692 102828 113828
 1.3 105692 102828 113828
 1.3 105692 102828 113828
 1.3 105692 102828 113828
 1.3 105692 102828 113828
 1.3 105692 102828 113828
 1.3 105692 102828 113828
 1.3 105692 102828 113828
 1.3 105692 102828 113828
 1.3 105692 102828 113828
 1.3 105692 102828 113828
 1.3 105692 102828 113828
 1.3 105692 102828 113828
 1.3 105692 102828 113828
 1.3 105692 102828 113828
 1.3 105692 102828 113828
 1.3 105692 102828 113828
 1.3 105692 102828 113828
 1.3 105692 102828 113828
 1.3 105692 102828 113828
 1.3 105692 102828 113828
 1.3 105692 102828 113828
 1.3 105692 102828 113828
 1.3 105692 102828 113828
 1.3 105692 102828 113828
 1.3 105692 102828 113828
 1.3 105692 102828 113828
 1.3 105692 102828 113828
 1.3 105692 102828 113828
 1.3 105692 102828 113828
 1.3 105692 102828 113828
 1.3 105692 102828 113828
 1.3 105692 102828 113828
 1.3 105692 102828 113828
 1.3 105692 102828 113828
 1.3 105692 102828 113828
 1.3 105692 102828 113828
 1.3 105692 102828 113828
 1.3 105692 102828 113828
 1.3 105692 102828 113828
 1.3 105692 102828 113828
 1.3 105692 102828 113828
 1.3 105692 102828 113828
 1.3 105692 102828 113828
 1.3 105692 102828 113828
 1.3 105692 102828 113828
 1.3 105692 102828 113828
 1.3 105692 102828 113828
 1.3 105692 102828 113828
 1.3 105692 102828 113828
 1.3 105692 102828 113828
 1.3 105692 102828 113828
 1.3 105692 102828 113828
 1.3 105692 102828 113828
 1.3 105692 102828 113828
 1.3 105692 102828 113828
 1.3 105692 102828 113828
 1.3 105692 102828 113828
 1.3 105692 102828 113828
 1.3 105692 102828 113828
 1.3 105692 102828 113828
 1.3 105692 102828 113828
 1.3 105692 102828 113828
 1.3 105692 102828 113828
 1.3 105692 102828 113828
 1.3 105692 102828 113828
 1.3 105692 102828 113828
 1.3 105692 102828 113828
 1.3 105692 102828 113828
 1.3 105692 102828 113828
 1.3 105692 102828 113828
 1.3 105692 102828 113828
 1.3 105692 102828 113828
 1.3 105692 102828 113828
 1.3 105692 102828 113828
 1.3 105692 102828 113828
 1.3 105692 102828 113828
 1.3 105692 102828 113828
 1.3 105692 102828 113828
 1.3 105692 102828 113828
 1.3 105692 102828 113828
 1.3 105692 102828 113828
 1.3 105692 102828 113828
 1.3 105692 102828 113828
 1.3 105692 102828 113828
 1.3 105692 102828 113828
 1.3 105692 102828 113828
 1.3 105692 102828 113828
 1.3 105692 102828 113828
 1.3 105692 102828 113828
 1.3 105692 102828 113828
 1.3 105692 102828 113828
 1.3 105692 102828 113828
 1.3 105692 102828 113828
 1.3 105692 102828 113828
 1.3 105692 102828 113828
 1.3 105692 102828 113828
 1.0 85328 82340  93340
