coretemp-isa-0000
Adapter: ISA adapter
Package id 0:  +79.0°C  (high = +100.0°C, crit = +100.0°C)
Core 0:        +79.0°C  (high = +100.0°C, crit = +100.0°C)
Core 1:        +71.0°C  (high = +100.0°C, crit = +100.0°C)
Core 2:        +72.0°C  (high = +100.0°C, crit = +100.0°C)
Core 3:        +73.0°C  (high = +100.0°C, crit = +100.0°C)

pch_cannonlake-virtual-0
Adapter: Virtual device
temp1:        +59.0°C  

BAT0-acpi-0
Adapter: ACPI interface
in0:          12.61 V  
curr1:       1000.00 uA 

dell_smm-virtual-0
Adapter: Virtual device
fan1:        3903 RPM

radeon-pci-0100
Adapter: PCI adapter
temp1:            N/A  (crit = +120.0°C, hyst = +90.0°C)

acpitz-acpi-0
Adapter: ACPI interface
temp1:        +25.0°C  (crit = +107.0°C)

%CPU %MEM     ELAPSED
 0.6 51848 102792 113792
 0.9 77248 102792 113792
 0.9 77512 102792 113792
 0.9 78568 102792 113792
 0.9 79360 102792 113792
 0.9 79360 102792 113792
 0.9 79360 102792 113792
 1.0 80152 102792 113792
 1.0 81208 102792 113792
 1.0 82000 102792 113792
 1.0 83056 102792 113792
 1.0 83056 102792 113792
 1.0 83056 102792 113792
 1.0 83056 102792 113792
 1.0 83056 102792 113792
 1.0 83056 102792 113792
 1.0 83848 102792 113792
 1.0 84640 102792 113792
 1.0 85696 102792 113792
 1.0 87016 102792 113792
 1.0 87808 102792 113792
 1.1 88336 102792 113792
 1.1 88864 102792 113792
 1.1 90712 102792 113792
 1.1 90712 102792 113792
 1.1 90712 102792 113792
 1.1 90712 102792 113792
 1.1 90712 102792 113792
 1.1 90712 102792 113792
 1.1 90712 102792 113792
 1.1 90712 102792 113792
 1.1 90712 102792 113792
 1.1 90712 102792 113792
 1.1 90712 102792 113792
 1.1 90712 102792 113792
 1.1 90712 102792 113792
 1.1 90976 102792 113792
 1.1 91504 102792 113792
 1.1 92296 102792 113792
 1.1 92560 102792 113792
 1.1 93616 102792 113792
 1.1 94408 102792 113792
 1.1 94408 102792 113792
 1.1 94408 102792 113792
 1.1 95464 102792 113792
 1.2 96256 102792 113792
 1.2 97048 102792 113792
 1.2 98104 102792 113792
 1.2 98104 102792 113792
 1.2 98104 102792 113792
 1.2 98104 102792 113792
 1.2 98104 102792 113792
 1.2 98368 102792 113792
 1.2 99424 102792 113792
 1.2 100480 102792 113792
 1.2 101008 102792 113792
 1.2 102328 102792 113792
 1.2 102856 102792 113792
 1.2 103912 102792 113792
 1.2 103912 102792 113792
 1.3 105760 102792 113792
 1.3 105760 102792 113792
 1.3 105760 102792 113792
 1.3 105760 102792 113792
 1.3 105760 102792 113792
 1.3 105760 102792 113792
 1.3 105760 102792 113792
 1.3 105760 102792 113792
 1.3 105760 102792 113792
 1.3 105760 102792 113792
 1.3 105760 102792 113792
 1.3 105760 102792 113792
 1.3 105760 102792 113792
 1.3 105760 102792 113792
 1.3 105760 102792 113792
 1.3 105760 102792 113792
 1.3 105760 102792 113792
 1.3 105760 102792 113792
 1.3 105760 102792 113792
 1.3 105760 102792 113792
 1.3 105760 102792 113792
 1.3 105760 102792 113792
 1.3 105760 102792 113792
 1.3 105760 102792 113792
 1.3 105760 102792 113792
 1.3 105760 102792 113792
 1.3 105760 102792 113792
 1.3 105760 102792 113792
 1.3 105760 102792 113792
 1.3 105760 102792 113792
 1.3 105760 102792 113792
 1.3 105760 102792 113792
 1.3 105760 102792 113792
 1.3 105760 102792 113792
 1.3 105760 102792 113792
 1.3 105760 102792 113792
 1.3 105760 102792 113792
 1.3 105760 102792 113792
 1.3 105760 102792 113792
 1.3 105760 102792 113792
 1.3 105760 102792 113792
 1.3 105760 102792 113792
 1.3 105760 102792 113792
 1.3 105760 102792 113792
 1.3 105760 102792 113792
 1.3 105760 102792 113792
 1.3 105760 102792 113792
 1.3 105760 102792 113792
 1.3 105760 102792 113792
 1.3 105760 102792 113792
 1.3 105760 102792 113792
 1.3 105760 102792 113792
 1.3 105760 102792 113792
 1.3 105760 102792 113792
 1.3 105760 102792 113792
 1.3 105760 102792 113792
 1.3 105760 102792 113792
 1.3 105760 102792 113792
 1.3 105760 102792 113792
 1.3 105760 102792 113792
 1.3 105760 102792 113792
 1.3 105760 102792 113792
 1.3 105760 102792 113792
 1.3 105760 102792 113792
 1.3 105760 102792 113792
 1.3 105760 102792 113792
 1.3 105760 102792 113792
 1.3 105760 102792 113792
 1.3 105760 102792 113792
 1.3 105760 102792 113792
 1.3 105760 102792 113792
 1.3 105760 102792 113792
 1.3 105760 102792 113792
 1.3 105760 102792 113792
 1.3 105760 102792 113792
 1.3 105760 102792 113792
 1.3 105760 102792 113792
 1.3 105760 102792 113792
 1.3 105760 102792 113792
 1.3 105760 102792 113792
 1.3 105760 102792 113792
 1.3 105760 102792 113792
 1.3 105760 102792 113792
 1.3 105760 102792 113792
 1.3 105760 102792 113792
 1.3 105760 102792 113792
 1.3 105760 102792 113792
 1.3 105760 102792 113792
 1.3 105760 102792 113792
 1.3 105760 102792 113792
 1.3 105760 102792 113792
 1.3 105760 102792 113792
 1.3 105760 102792 113792
 1.3 105760 102792 113792
 1.3 105760 102792 113792
 1.3 105760 102792 113792
 1.3 105760 102792 113792
 1.3 105760 102792 113792
 1.3 105760 102792 113792
 1.3 105760 102792 113792
 1.3 105760 102792 113792
 1.3 105760 102792 113792
 1.3 105760 102792 113792
 1.3 105760 102792 113792
 1.3 105760 102792 113792
 1.3 105760 102792 113792
 1.3 105760 102792 113792
 1.3 105760 102792 113792
 1.3 105760 102792 113792
 1.3 105760 102792 113792
 1.3 105760 102792 113792
 1.3 105760 102792 113792
 1.3 105760 102792 113792
 1.3 105760 102792 113792
 1.3 105760 102792 113792
 1.3 105760 102792 113792
 1.3 105760 102792 113792
 1.3 105760 102792 113792
 1.3 105760 102792 113792
 1.3 105760 102792 113792
 1.3 105760 102792 113792
 1.3 105760 102792 113792
 1.3 105760 102792 113792
 1.3 105760 102792 113792
 1.3 105760 102792 113792
 1.3 105760 102792 113792
 1.3 105760 102792 113792
 1.3 105760 102792 113792
 1.3 105760 102792 113792
 1.3 105760 102792 113792
 1.3 105760 102792 113792
 1.3 105760 102792 113792
 1.3 105760 102792 113792
 1.3 105760 102792 113792
 1.3 105760 102792 113792
 1.3 105760 102792 113792
 1.3 105760 102792 113792
 1.3 105760 102792 113792
 1.3 105760 102792 113792
 1.3 105760 102792 113792
 1.3 105760 102792 113792
 1.3 105760 102792 113792
 1.3 105760 102792 113792
 1.3 105760 102792 113792
 1.3 105760 102792 113792
 1.3 105760 102792 113792
 1.3 105760 102792 113792
 1.3 105760 102792 113792
 1.3 105760 102792 113792
 1.3 105760 102792 113792
 1.3 105760 102792 113792
 1.3 105760 102792 113792
 1.3 105760 102792 113792
 1.3 105760 102792 113792
 1.3 105760 102792 113792
 1.3 105760 102792 113792
 1.3 105760 102792 113792
 1.3 105760 102792 113792
 1.3 105760 102792 113792
 1.3 105760 102792 113792
 1.3 105760 102792 113792
 1.3 105760 102792 113792
 1.3 105760 102792 113792
 1.3 105760 102792 113792
 1.3 105760 102792 113792
 1.3 105760 102792 113792
 1.3 105760 102792 113792
 1.3 105760 102792 113792
 1.3 105760 102792 113792
 1.3 105760 102792 113792
 1.3 105760 102792 113792
 1.3 105760 102792 113792
 1.3 105760 102792 113792
 1.3 105760 102792 113792
 1.3 105760 102792 113792
 1.3 105760 102792 113792
 1.3 105760 102792 113792
 1.3 105760 102792 113792
 1.3 105760 102792 113792
 1.3 105760 102792 113792
 1.3 105760 102792 113792
 1.3 105760 102792 113792
 1.3 105760 102792 113792
 1.3 105760 102792 113792
 1.3 105760 102792 113792
 1.3 105760 102792 113792
 1.3 105760 102792 113792
 1.3 105760 102792 113792
 1.3 105760 102792 113792
 1.3 105760 102792 113792
 1.3 105760 102792 113792
 1.3 105760 102792 113792
 1.3 105760 102792 113792
 1.3 105760 102792 113792
 1.3 105760 102792 113792
 1.3 105760 102792 113792
 1.3 105760 102792 113792
 1.3 105760 102792 113792
 1.3 105760 102792 113792
 1.3 105760 102792 113792
 1.3 105760 102792 113792
 1.3 105760 102792 113792
 1.3 105760 102792 113792
 1.3 105760 102792 113792
 1.3 105760 102792 113792
 1.3 105760 102792 113792
 1.3 105760 102792 113792
 1.3 105760 102792 113792
 1.3 105760 102792 113792
 1.3 105760 102792 113792
 1.3 105760 102792 113792
 1.3 105760 102792 113792
 1.3 105760 102792 113792
 1.3 105760 102792 113792
 1.3 105760 102792 113792
 1.3 105760 102792 113792
 1.3 105760 102792 113792
 1.3 105760 102792 113792
 1.3 105760 102792 113792
 1.3 105760 102792 113792
 1.3 105760 102792 113792
 1.3 105760 102792 113792
 1.3 105760 102792 113792
 1.3 105760 102792 113792
 1.3 105760 102792 113792
 1.3 105760 102792 113792
 1.3 105760 102792 113792
 1.3 105760 102792 113792
 1.3 105760 102792 113792
 1.3 105760 102792 113792
 1.3 105760 102792 113792
 1.3 105760 102792 113792
 1.3 105760 102792 113792
 1.3 105760 102792 113792
 1.3 105760 102792 113792
 1.3 105760 102792 113792
 1.3 105760 102792 113792
 1.3 105760 102792 113792
 1.3 105760 102792 113792
 1.3 105760 102792 113792
 1.3 105760 102792 113792
 1.3 105760 102792 113792
 1.3 105760 102792 113792
 1.3 105760 102792 113792
 1.3 105760 102792 113792
 1.3 105760 102792 113792
 1.3 105760 102792 113792
 1.3 105760 102792 113792
 1.3 105760 102792 113792
 1.3 105760 102792 113792
 1.3 105760 102792 113792
 1.3 105760 102792 113792
 1.3 105760 102792 113792
 1.3 105760 102792 113792
 1.3 105760 102792 113792
 1.3 105760 102792 113792
 1.3 105760 102792 113792
 1.3 105760 102792 113792
 1.3 105760 102792 113792
 1.3 105760 102792 113792
 1.3 105760 102792 113792
 1.3 105760 102792 113792
 1.3 105760 102792 113792
 1.3 105760 102792 113792
 1.3 105760 102792 113792
 1.3 105760 102792 113792
 1.3 105760 102792 113792
 1.3 105760 102792 113792
 1.3 105760 102792 113792
 1.3 105760 102792 113792
 1.3 105760 102792 113792
 1.3 105760 102792 113792
 1.3 105760 102792 113792
 1.3 105760 102792 113792
 1.3 105760 102792 113792
 1.3 105760 102792 113792
 1.3 105760 102792 113792
 1.3 105760 102792 113792
 1.3 105760 102792 113792
 1.3 105760 102792 113792
 1.3 105760 102792 113792
 1.3 105760 102792 113792
 1.3 105760 102792 113792
 1.3 105760 102792 113792
 1.3 105760 102792 113792
 1.3 105760 102792 113792
 1.3 105760 102792 113792
 1.3 105760 102792 113792
 1.3 105760 102792 113792
 1.3 105760 102792 113792
 1.3 105760 102792 113792
 1.3 105760 102792 113792
 1.3 105760 102792 113792
 1.3 105760 102792 113792
 1.3 105760 102792 113792
 1.3 105760 102792 113792
 1.3 105760 102792 113792
 1.3 105760 102792 113792
 1.3 105760 102792 113792
 1.3 105760 102792 113792
 1.3 105760 102792 113792
 1.3 105760 102792 113792
 1.3 105760 102792 113792
 1.3 105760 102792 113792
 1.3 105760 102792 113792
 1.3 105760 102792 113792
 1.3 105760 102792 113792
 1.3 105760 102792 113792
 1.3 105760 102792 113792
 1.3 105760 102792 113792
 1.3 105760 102792 113792
 1.3 105760 102792 113792
 1.3 105760 102792 113792
 1.3 105760 102792 113792
 1.3 105760 102792 113792
 1.3 105760 102792 113792
 1.3 105760 102792 113792
 1.3 105760 102792 113792
 1.3 105760 102792 113792
 1.3 105760 102792 113792
 1.3 105760 102792 113792
 1.3 105760 102792 113792
 1.3 105760 102792 113792
 1.3 105760 102792 113792
 1.3 105760 102792 113792
 1.3 105760 102792 113792
 1.3 105760 102792 113792
 1.3 105760 102792 113792
 1.3 105760 102792 113792
 1.3 105760 102792 113792
 1.3 105760 102792 113792
 1.3 105760 102792 113792
 1.3 105760 102792 113792
 1.3 105760 102792 113792
 1.3 105760 102792 113792
 1.3 105760 102792 113792
 1.3 105760 102792 113792
 1.3 105760 102792 113792
 1.3 105760 102792 113792
 1.3 105760 102792 113792
 1.3 105760 102792 113792
 1.3 105760 102792 113792
 1.3 105760 102792 113792
 1.3 105760 102792 113792
 1.3 105760 102792 113792
 1.3 105760 102792 113792
 1.3 105760 102792 113792
 1.3 105760 102792 113792
 1.3 105760 102792 113792
 1.3 105760 102792 113792
 1.3 105760 102792 113792
 1.3 105760 102792 113792
 1.3 105760 102792 113792
 1.3 105760 102792 113792
 1.3 105760 102792 113792
 1.3 105760 102792 113792
 1.3 105760 102792 113792
 1.3 105760 102792 113792
 1.3 105760 102792 113792
 1.3 105760 102792 113792
 1.3 105760 102792 113792
 1.3 105760 102792 113792
 1.3 105760 102792 113792
 1.3 105760 102792 113792
 1.3 105760 102792 113792
 1.3 105760 102792 113792
 1.3 105760 102792 113792
 1.3 105760 102792 113792
 1.3 105760 102792 113792
 1.3 105760 102792 113792
 1.3 105760 102792 113792
 1.3 105760 102792 113792
 1.3 105760 102792 113792
 1.3 105760 102792 113792
 1.3 105760 102792 113792
 1.3 105760 102792 113792
 1.3 105760 102792 113792
 1.3 105760 102792 113792
 1.3 105760 102792 113792
 1.3 105760 102792 113792
 1.3 105760 102792 113792
 1.3 105760 102792 113792
 1.3 105760 102792 113792
 1.3 105760 102792 113792
 1.3 105760 102792 113792
 1.3 105760 102792 113792
 1.3 105760 102792 113792
 1.3 105760 102792 113792
 1.3 105760 102792 113792
 1.3 105760 102792 113792
 1.3 105760 102792 113792
 1.3 105760 102792 113792
 1.3 105760 102792 113792
 1.3 105760 102792 113792
 1.3 105760 102792 113792
 1.3 105760 102792 113792
 1.3 105760 102792 113792
 1.3 105760 102792 113792
 1.3 105760 102792 113792
 1.3 105760 102792 113792
 1.3 105760 102792 113792
 1.3 105760 102792 113792
 1.3 105760 102792 113792
 1.3 105760 102792 113792
 1.3 105760 102792 113792
 1.3 105760 102792 113792
 1.3 105760 102792 113792
 1.3 105760 102792 113792
 1.3 105760 102792 113792
 1.3 105760 102792 113792
 1.3 105760 102792 113792
 1.3 105760 102792 113792
 1.3 105760 102792 113792
 1.3 105760 102792 113792
 1.3 105760 102792 113792
 1.3 105760 102792 113792
 1.3 105760 102792 113792
 1.3 105760 102792 113792
 1.3 105760 102792 113792
 1.3 105760 102792 113792
 1.3 105760 102792 113792
 1.3 105760 102792 113792
 1.3 105760 102792 113792
 1.3 105760 102792 113792
 1.3 105760 102792 113792
 1.3 105760 102792 113792
 1.3 105760 102792 113792
 1.3 105760 102792 113792
 1.3 105760 102792 113792
 1.3 105760 102792 113792
 1.3 105760 102792 113792
 1.3 105760 102792 113792
 1.3 105760 102792 113792
 1.3 105760 102792 113792
 1.3 105760 102792 113792
 1.3 105760 102792 113792
 1.3 105760 102792 113792
 1.3 105760 102792 113792
 1.3 105760 102792 113792
 1.3 105760 102792 113792
 1.3 105760 102792 113792
 1.3 105760 102792 113792
 1.3 105760 102792 113792
 1.3 105760 102792 113792
 1.3 105760 102792 113792
 1.3 105760 102792 113792
 1.3 105760 102792 113792
 1.3 105760 102792 113792
 1.3 105760 102792 113792
 1.3 105760 102792 113792
 1.3 105760 102792 113792
 1.3 105760 102792 113792
 1.3 105760 102792 113792
 1.3 105760 102792 113792
 1.3 105760 102792 113792
 1.3 105760 102792 113792
 1.3 105760 102792 113792
 1.3 105760 102792 113792
 1.3 105760 102792 113792
 1.3 105760 102792 113792
 1.3 105760 102792 113792
 1.3 105760 102792 113792
 1.3 105760 102792 113792
 1.3 105760 102792 113792
 1.3 105760 102792 113792
 1.3 105760 102792 113792
 1.3 105760 102792 113792
 1.3 105760 102792 113792
 1.3 105760 102792 113792
 1.3 105760 102792 113792
 1.3 105760 102792 113792
 1.3 105760 102792 113792
 1.3 105760 102792 113792
 1.3 105760 102792 113792
 1.3 105760 102792 113792
 1.3 105760 102792 113792
 1.3 105760 102792 113792
 1.3 105760 102792 113792
 1.3 105760 102792 113792
 1.3 105760 102792 113792
 1.3 105760 102792 113792
 1.3 105760 102792 113792
 1.3 105760 102792 113792
 1.3 105760 102792 113792
 1.3 105760 102792 113792
 1.3 105760 102792 113792
 1.3 105760 102792 113792
 1.3 105760 102792 113792
 1.3 105760 102792 113792
 1.3 105760 102792 113792
 1.3 105760 102792 113792
 1.3 105760 102792 113792
 1.3 105760 102792 113792
 1.3 105760 102792 113792
 1.3 105760 102792 113792
 1.3 105760 102792 113792
 1.3 105760 102792 113792
 1.3 105760 102792 113792
 1.3 105760 102792 113792
 1.3 105760 102792 113792
 1.3 105760 102792 113792
 1.3 105760 102792 113792
 1.3 105760 102792 113792
 1.3 105760 102792 113792
 1.3 105760 102792 113792
 1.3 105760 102792 113792
 1.3 105760 102792 113792
 1.3 105760 102792 113792
 1.3 105760 102792 113792
 1.3 105760 102792 113792
 1.3 105760 102792 113792
 1.3 105760 102792 113792
 1.3 105760 102792 113792
 1.3 105760 102792 113792
 1.3 105760 102792 113792
 1.3 105760 102792 113792
 1.3 105760 102792 113792
 1.3 105760 102792 113792
 1.3 105760 102792 113792
 1.3 105760 102792 113792
 1.3 105760 102792 113792
 1.3 105760 102792 113792
 1.3 105760 102792 113792
 1.3 105760 102792 113792
 1.3 105760 102792 113792
 1.3 105760 102792 113792
 1.3 105760 102792 113792
 1.3 105760 102792 113792
 1.3 105760 102792 113792
 1.3 105760 102792 113792
 1.3 105760 102792 113792
 1.3 105760 102792 113792
 1.3 105760 102792 113792
 1.3 105760 102792 113792
 1.3 105760 102792 113792
 1.3 105760 102792 113792
 1.3 105760 102792 113792
 1.3 105760 102792 113792
 1.3 105760 102792 113792
 1.3 105760 102792 113792
 1.3 105760 102792 113792
 1.3 105760 102792 113792
 1.3 105760 102792 113792
 1.3 105760 102792 113792
 1.3 105760 102792 113792
 1.3 105760 102792 113792
 1.3 105760 102792 113792
 1.3 105760 102792 113792
 1.3 105760 102792 113792
 1.3 105760 102792 113792
 1.3 105760 102792 113792
 1.3 105760 102792 113792
 1.3 105760 102792 113792
 1.3 105760 102792 113792
 1.3 105760 102792 113792
 1.3 105760 102792 113792
 1.3 105760 102792 113792
 1.3 105760 102792 113792
 1.3 105760 102792 113792
 1.3 105760 102792 113792
 1.3 105760 102792 113792
 1.3 105760 102792 113792
 1.3 105760 102792 113792
 1.3 105760 102792 113792
 1.3 105760 102792 113792
 1.3 105760 102792 113792
 1.3 105760 102792 113792
 1.3 105760 102792 113792
 1.3 105760 102792 113792
 1.3 105760 102792 113792
 1.3 105760 102792 113792
 1.3 105760 102792 113792
 1.3 105760 102792 113792
 1.3 105760 102792 113792
 1.3 105760 102792 113792
 1.3 105760 102792 113792
 1.3 105760 102792 113792
 1.3 105760 102792 113792
 1.3 105760 102792 113792
 1.3 105760 102792 113792
 1.3 105760 102792 113792
 1.3 105760 102792 113792
 1.3 105760 102792 113792
 1.3 105760 102792 113792
 1.3 105760 102792 113792
 1.3 105760 102792 113792
 1.3 105760 102792 113792
 1.3 105760 102792 113792
 1.3 105760 102792 113792
 1.3 105760 102792 113792
 1.3 105760 102792 113792
 1.3 105760 102792 113792
 1.3 105760 102792 113792
 1.3 105760 102792 113792
 1.3 105760 102792 113792
 1.3 105760 102792 113792
 1.3 105760 102792 113792
 1.3 105760 102792 113792
 1.3 105760 102792 113792
 1.3 105760 102792 113792
 1.3 105760 102792 113792
 1.3 105760 102792 113792
 1.3 105760 102792 113792
 1.3 105760 102792 113792
 1.3 105760 102792 113792
 1.3 105760 102792 113792
 1.3 105760 102792 113792
 1.3 105760 102792 113792
 1.3 105760 102792 113792
 1.3 105760 102792 113792
 1.3 105760 102792 113792
 1.3 105760 102792 113792
 1.3 105760 102792 113792
 1.3 105760 102792 113792
 1.3 105760 102792 113792
 1.3 105760 102792 113792
 1.3 105760 102792 113792
 1.3 105760 102792 113792
 1.3 105760 102792 113792
 1.3 105760 102792 113792
 1.3 105760 102792 113792
 1.3 105760 102792 113792
 1.3 105760 102792 113792
 1.3 105760 102792 113792
 1.3 105760 102792 113792
 1.3 105760 102792 113792
 1.3 105760 102792 113792
 1.3 105760 102792 113792
 1.3 105760 102792 113792
 1.3 105760 102792 113792
 1.3 105760 102792 113792
 1.3 105760 102792 113792
 1.3 105760 102792 113792
 1.3 105760 102792 113792
 1.3 105760 102792 113792
 1.3 105760 102792 113792
 1.3 105760 102792 113792
 1.3 105760 102792 113792
 1.3 105760 102792 113792
 1.3 105760 102792 113792
 1.3 105760 102792 113792
 1.3 105760 102792 113792
 1.3 105760 102792 113792
 1.3 105760 102792 113792
 1.3 105760 102792 113792
 1.3 105760 102792 113792
 1.3 105760 102792 113792
 1.3 105760 102792 113792
 1.3 105760 102792 113792
 1.3 105760 102792 113792
 1.3 105760 102792 113792
 1.3 105760 102792 113792
 1.3 105760 102792 113792
 1.3 105760 102792 113792
 1.3 105760 102792 113792
 1.3 105760 102792 113792
 1.3 105760 102792 113792
 1.3 105760 102792 113792
 1.3 105760 102792 113792
 1.3 105760 102792 113792
 1.3 105760 102792 113792
 1.3 105760 102792 113792
 1.3 105760 102792 113792
 1.3 105760 102792 113792
 1.3 105760 102792 113792
 1.3 105760 102792 113792
 1.3 105760 102792 113792
 1.3 105760 102792 113792
 1.3 105760 102792 113792
 1.3 105760 102792 113792
 1.3 105760 102792 113792
 1.3 105760 102792 113792
 1.3 105760 102792 113792
 1.3 105760 102792 113792
 1.3 105760 102792 113792
 1.3 105760 102792 113792
 1.3 105760 102792 113792
 1.3 105760 102792 113792
 1.3 105760 102792 113792
 1.3 105760 102792 113792
 1.3 105760 102792 113792
 1.3 105760 102792 113792
 1.3 105760 102792 113792
 1.3 105760 102792 113792
 1.3 105760 102792 113792
 1.3 105760 102792 113792
 1.3 105760 102792 113792
 1.3 105760 102792 113792
 1.3 105760 102792 113792
 1.3 105760 102792 113792
 1.3 105760 102792 113792
 1.3 105760 102792 113792
 1.3 105760 102792 113792
 1.3 105760 102792 113792
 1.3 105760 102792 113792
 1.3 105760 102792 113792
 1.3 105760 102792 113792
 1.3 105760 102792 113792
 1.3 105760 102792 113792
 1.3 105760 102792 113792
 1.3 105760 102792 113792
 1.3 105760 102792 113792
 1.3 105760 102792 113792
 1.3 105760 102792 113792
 1.3 105760 102792 113792
 1.3 105760 102792 113792
 1.3 105760 102792 113792
 1.3 105760 102792 113792
 1.3 105760 102792 113792
 1.3 105760 102792 113792
 1.3 105760 102792 113792
 1.3 105760 102792 113792
 1.3 105760 102792 113792
 1.3 105760 102792 113792
 1.3 105760 102792 113792
 1.3 105760 102792 113792
 1.3 105760 102792 113792
 1.3 105760 102792 113792
 1.3 105760 102792 113792
 1.3 105760 102792 113792
 1.3 105760 102792 113792
 1.3 105760 102792 113792
 1.3 105760 102792 113792
 1.3 105760 102792 113792
 1.3 105760 102792 113792
 1.3 105760 102792 113792
 1.3 105760 102792 113792
 1.3 105760 102792 113792
 1.3 105760 102792 113792
 1.3 105760 102792 113792
 1.3 105760 102792 113792
 1.3 105760 102792 113792
 1.3 105760 102792 113792
 1.3 105760 102792 113792
 1.3 105760 102792 113792
 1.3 105760 102792 113792
 1.3 105760 102792 113792
 1.3 105760 102792 113792
 1.3 105760 102792 113792
 1.3 105760 102792 113792
 1.3 105760 102792 113792
 1.3 105760 102792 113792
 1.3 105760 102792 113792
 1.3 105760 102792 113792
 1.3 105760 102792 113792
 1.3 105760 102792 113792
 1.3 105760 102792 113792
 1.3 105760 102792 113792
 1.3 105760 102792 113792
 1.3 105760 102792 113792
 1.3 105760 102792 113792
 1.3 105760 102792 113792
 1.3 105760 102792 113792
 1.3 105760 102792 113792
 1.3 105760 102792 113792
 1.3 105760 102792 113792
 1.3 105760 102792 113792
 1.3 105760 102792 113792
 1.3 105760 102792 113792
 1.3 105760 102792 113792
 1.3 105760 102792 113792
 1.3 105760 102792 113792
 1.3 105760 102792 113792
 1.3 105760 102792 113792
 1.3 105760 102792 113792
 1.3 105760 102792 113792
 1.3 105760 102792 113792
 1.3 105760 102792 113792
 1.3 105760 102792 113792
 1.3 105760 102792 113792
 1.3 105760 102792 113792
 1.3 105760 102792 113792
 1.3 105760 102792 113792
 1.3 105760 102792 113792
 1.3 105760 102792 113792
 1.3 105760 102792 113792
 1.3 105760 102792 113792
 1.3 105760 102792 113792
 1.3 105760 102792 113792
 1.3 105760 102792 113792
 1.3 105760 102792 113792
 1.3 105760 102792 113792
 1.3 105760 102792 113792
 1.3 105760 102792 113792
 1.3 105760 102792 113792
 1.3 105760 102792 113792
 1.3 105760 102792 113792
 1.3 105760 102792 113792
 1.3 105760 102792 113792
 1.3 105760 102792 113792
 1.3 105760 102792 113792
 1.3 105760 102792 113792
 1.3 105760 102792 113792
 1.3 105760 102792 113792
 1.3 105760 102792 113792
 1.3 105760 102792 113792
 1.3 105760 102792 113792
 1.3 105760 102792 113792
 1.3 105760 102792 113792
 1.3 105760 102792 113792
 1.3 105760 102792 113792
 1.3 105760 102792 113792
 1.3 105760 102792 113792
 1.3 105760 102792 113792
 1.3 105760 102792 113792
 1.3 105760 102792 113792
 1.3 105760 102792 113792
 1.3 105760 102792 113792
 1.3 105760 102792 113792
 1.3 105760 102792 113792
 1.3 105760 102792 113792
 1.3 105760 102792 113792
 1.3 105760 102792 113792
 1.3 105760 102792 113792
 1.3 105760 102792 113792
 1.3 105760 102792 113792
 1.3 105760 102792 113792
 1.3 105760 102792 113792
 1.3 105760 102792 113792
 1.3 105760 102792 113792
 1.3 105760 102792 113792
 1.3 105760 102792 113792
 1.3 105760 102792 113792
 1.3 105760 102792 113792
 1.3 105760 102792 113792
 1.3 105760 102792 113792
 1.3 105760 102792 113792
 1.3 105760 102792 113792
 1.3 105760 102792 113792
 1.3 105760 102792 113792
 1.3 105760 102792 113792
 1.3 105760 102792 113792
 1.3 105760 102792 113792
 1.3 105760 102792 113792
 1.3 105760 102792 113792
 1.3 105760 102792 113792
 1.3 105760 102792 113792
 1.3 105760 102792 113792
 1.3 105760 102792 113792
 1.3 105760 102792 113792
 1.3 105760 102792 113792
 1.3 105760 102792 113792
 1.3 105760 102792 113792
 1.3 105760 102792 113792
 1.3 105760 102792 113792
 1.3 105760 102792 113792
 1.3 105760 102792 113792
 1.3 105760 102792 113792
 1.3 105760 102792 113792
 1.3 105760 102792 113792
 1.3 105760 102792 113792
 1.3 105760 102792 113792
 1.3 105760 102792 113792
 1.3 105760 102792 113792
 1.3 105760 102792 113792
 1.3 105760 102792 113792
 1.3 105760 102792 113792
 1.3 105760 102792 113792
 1.3 105760 102792 113792
 1.3 105760 102792 113792
 1.3 105760 102792 113792
 1.3 105760 102792 113792
 1.3 105760 102792 113792
 1.3 105760 102792 113792
 1.3 105760 102792 113792
 1.3 105760 102792 113792
 1.3 105760 102792 113792
 1.3 105760 102792 113792
 1.3 105760 102792 113792
 1.3 105760 102792 113792
 1.3 105760 102792 113792
 1.3 105760 102792 113792
 1.3 105760 102792 113792
 1.3 105760 102792 113792
 1.3 105760 102792 113792
 1.3 105760 102792 113792
 1.3 105760 102792 113792
 1.3 105760 102792 113792
 1.3 105760 102792 113792
 1.3 105760 102792 113792
 1.3 105760 102792 113792
 1.3 105760 102792 113792
 1.3 105760 102792 113792
 1.3 105760 102792 113792
 1.3 105760 102792 113792
 1.3 105760 102792 113792
 1.3 105760 102792 113792
 1.3 105760 102792 113792
 1.3 105760 102792 113792
 1.3 105760 102792 113792
 1.3 105760 102792 113792
 1.3 105760 102792 113792
 1.3 105760 102792 113792
 1.3 105760 102792 113792
 1.3 105760 102792 113792
 1.3 105760 102792 113792
 1.3 105760 102792 113792
 1.3 105760 102792 113792
 1.3 105760 102792 113792
 1.3 105760 102792 113792
 1.3 105760 102792 113792
 1.3 105760 102792 113792
 1.3 105760 102792 113792
 1.3 105760 102792 113792
 1.3 105760 102792 113792
 1.3 105760 102792 113792
 1.3 105760 102792 113792
 1.3 105760 102792 113792
 1.3 105760 102792 113792
 1.3 105760 102792 113792
 1.3 105760 102792 113792
 1.3 105760 102792 113792
 1.3 105760 102792 113792
 1.3 105760 102792 113792
 1.3 105760 102792 113792
 1.3 105760 102792 113792
 1.3 105760 102792 113792
 1.3 105760 102792 113792
 1.3 105760 102792 113792
 1.3 105760 102792 113792
 1.3 105760 102792 113792
 1.3 105760 102792 113792
 1.3 105760 102792 113792
 1.3 105760 102792 113792
 1.3 105760 102792 113792
 1.3 105760 102792 113792
 1.3 105760 102792 113792
 1.3 105760 102792 113792
 1.3 105760 102792 113792
 1.3 105760 102792 113792
 1.3 105760 102792 113792
 1.3 105760 102792 113792
 1.3 105760 102792 113792
 1.3 105760 102792 113792
 1.3 105760 102792 113792
 1.3 105760 102792 113792
 1.3 105760 102792 113792
 1.3 105760 102792 113792
 1.3 105760 102792 113792
 1.3 105760 102792 113792
 1.3 105760 102792 113792
 1.3 105760 102792 113792
 1.3 105760 102792 113792
 1.3 105760 102792 113792
 1.3 105760 102792 113792
 1.3 105760 102792 113792
 1.3 105760 102792 113792
 1.3 105760 102792 113792
 1.3 105760 102792 113792
 1.3 105760 102792 113792
 1.3 105760 102792 113792
 1.3 105760 102792 113792
 1.3 105760 102792 113792
 1.3 105760 102792 113792
 1.3 105760 102792 113792
 1.3 105760 102792 113792
 1.3 105760 102792 113792
 1.3 105760 102792 113792
 1.3 105760 102792 113792
 1.3 105760 102792 113792
 1.3 105760 102792 113792
 1.3 105760 102792 113792
 1.3 105760 102792 113792
 1.3 105760 102792 113792
 1.3 105760 102792 113792
 1.3 105760 102792 113792
 1.3 105760 102792 113792
 1.3 105760 102792 113792
 1.3 105760 102792 113792
 1.3 105760 102792 113792
 1.3 105760 102792 113792
 1.3 105760 102792 113792
 1.3 105760 102792 113792
 1.3 105760 102792 113792
 1.3 105760 102792 113792
 1.3 105760 102792 113792
 1.3 105760 102792 113792
 1.3 105760 102792 113792
 1.3 105760 102792 113792
 1.3 105760 102792 113792
 1.3 105760 102792 113792
 1.3 105760 102792 113792
 1.3 105760 102792 113792
 1.3 105760 102792 113792
 1.3 105760 102792 113792
 1.3 105760 102792 113792
 1.3 105760 102792 113792
 1.3 105760 102792 113792
 1.3 105760 102792 113792
 1.3 105760 102792 113792
 1.3 105760 102792 113792
 1.3 105760 102792 113792
 1.3 105760 102792 113792
 1.3 105760 102792 113792
 1.3 105760 102792 113792
 1.3 105760 102792 113792
 1.3 105760 102792 113792
 1.3 105760 102792 113792
 1.3 105760 102792 113792
 1.3 105760 102792 113792
 1.3 105760 102792 113792
 1.3 105760 102792 113792
 1.3 105760 102792 113792
 1.3 105760 102792 113792
 1.3 105760 102792 113792
 1.3 105760 102792 113792
 1.3 105760 102792 113792
 1.3 105760 102792 113792
 1.3 105760 102792 113792
 1.3 105760 102792 113792
 1.3 105760 102792 113792
 1.3 105760 102792 113792
 1.3 105760 102792 113792
 1.3 105760 102792 113792
 1.3 105760 102792 113792
 1.3 105760 102792 113792
 1.3 105760 102792 113792
 1.3 105760 102792 113792
 1.3 105760 102792 113792
 1.3 105760 102792 113792
 1.3 105760 102792 113792
 1.3 105760 102792 113792
 1.3 105760 102792 113792
 1.3 105760 102792 113792
 1.3 105760 102792 113792
 1.3 105760 102792 113792
 1.3 105760 102792 113792
 1.3 105760 102792 113792
 1.3 105760 102792 113792
 1.3 105760 102792 113792
 1.3 105760 102792 113792
 1.3 105760 102792 113792
 1.3 105760 102792 113792
 1.3 105760 102792 113792
 1.3 105760 102792 113792
 1.3 105760 102792 113792
 1.3 105760 102792 113792
 1.3 105760 102792 113792
 1.3 105760 102792 113792
 1.3 105760 102792 113792
 1.3 105760 102792 113792
 1.3 105760 102792 113792
 1.3 105760 102792 113792
 1.3 105760 102792 113792
 1.3 105760 102792 113792
 1.3 105760 102792 113792
 1.3 105760 102792 113792
 1.3 105760 102792 113792
 1.3 105760 102792 113792
 1.3 105760 102792 113792
 1.3 105760 102792 113792
 1.3 105760 102792 113792
 1.3 105760 102792 113792
 1.3 105760 102792 113792
 1.3 105760 102792 113792
 1.3 105760 102792 113792
 1.3 105760 102792 113792
 1.3 105760 102792 113792
 1.3 105760 102792 113792
 1.3 105760 102792 113792
 1.3 105760 102792 113792
 1.3 105760 102792 113792
 1.3 105760 102792 113792
 1.3 105760 102792 113792
 1.3 105760 102792 113792
 1.3 105760 102792 113792
 1.3 105760 102792 113792
 1.3 105760 102792 113792
 1.3 105760 102792 113792
 1.3 105760 102792 113792
 1.3 105760 102792 113792
 1.3 105760 102792 113792
 1.3 105760 102792 113792
 1.3 105760 102792 113792
 1.3 105760 102792 113792
 1.3 105760 102792 113792
 1.3 105760 102792 113792
 1.3 105760 102792 113792
 1.3 105760 102792 113792
 1.3 105760 102792 113792
 1.3 105760 102792 113792
 1.3 105760 102792 113792
 1.3 105760 102792 113792
 1.3 105760 102792 113792
 1.3 105760 102792 113792
 1.3 105760 102792 113792
 1.3 105760 102792 113792
 1.3 105760 102792 113792
 1.3 105760 102792 113792
 1.3 105760 102792 113792
 1.3 105760 102792 113792
 1.3 105760 102792 113792
 1.3 105760 102792 113792
 1.3 105760 102792 113792
 1.3 105760 102792 113792
 1.3 105760 102792 113792
 1.3 105760 102792 113792
 1.3 105760 102792 113792
 1.3 105760 102792 113792
 1.3 105760 102792 113792
 1.3 105760 102792 113792
 1.3 105760 102792 113792
 1.3 105760 102792 113792
 1.3 105760 102792 113792
 1.3 105760 102792 113792
 1.3 105760 102792 113792
 1.3 105760 102792 113792
 1.3 105760 102792 113792
 1.3 105760 102792 113792
 1.3 105760 102792 113792
 1.3 105760 102792 113792
 1.3 105760 102792 113792
 1.3 105760 102792 113792
 1.3 105760 102792 113792
 1.3 105760 102792 113792
 1.3 105760 102792 113792
 1.3 105760 102792 113792
 1.3 105760 102792 113792
 1.3 105760 102792 113792
 1.3 105760 102792 113792
 1.3 105760 102792 113792
 1.3 105760 102792 113792
 1.3 105760 102792 113792
 1.3 105760 102792 113792
 1.3 105760 102792 113792
 1.3 105760 102792 113792
 1.3 105760 102792 113792
 1.3 105760 102792 113792
 1.3 105760 102792 113792
 1.3 105760 102792 113792
 1.3 105760 102792 113792
 1.3 105760 102792 113792
 1.3 105760 102792 113792
 1.3 105760 102792 113792
 1.3 105760 102792 113792
 1.3 105760 102792 113792
 1.3 105760 102792 113792
 1.3 105760 102792 113792
 1.3 105760 102792 113792
 1.3 105760 102792 113792
 1.3 105760 102792 113792
 1.3 105760 102792 113792
 1.3 105760 102792 113792
 1.3 105760 102792 113792
 1.3 105760 102792 113792
 1.3 105760 102792 113792
 1.3 105760 102792 113792
 1.3 105760 102792 113792
 1.3 105760 102792 113792
 1.3 105760 102792 113792
 1.3 105760 102792 113792
 1.3 105760 102792 113792
 1.3 105760 102792 113792
 1.3 105760 102792 113792
 1.3 105760 102792 113792
 1.3 105760 102792 113792
 1.3 105760 102792 113792
 1.3 105760 102792 113792
 1.3 105760 102792 113792
 1.3 105760 102792 113792
 1.3 105760 102792 113792
 1.3 105760 102792 113792
 1.3 105760 102792 113792
 1.3 105760 102792 113792
 1.3 105760 102792 113792
 1.3 105760 102792 113792
 1.3 105760 102792 113792
 1.3 105760 102792 113792
 1.3 105760 102792 113792
 1.3 105760 102792 113792
 1.3 105760 102792 113792
 1.3 105760 102792 113792
 1.3 105760 102792 113792
 1.3 105760 102792 113792
 1.3 105760 102792 113792
 1.3 105760 102792 113792
 1.3 105760 102792 113792
 1.3 105760 102792 113792
 1.3 105760 102792 113792
 1.3 105760 102792 113792
 1.3 105760 102792 113792
 1.3 105760 102792 113792
 1.3 105760 102792 113792
 1.3 105760 102792 113792
 1.3 105760 102792 113792
 1.3 105760 102792 113792
 1.3 105760 102792 113792
 1.3 105760 102792 113792
 1.3 105760 102792 113792
 1.3 105760 102792 113792
 1.3 105760 102792 113792
 1.3 105760 102792 113792
 1.3 105760 102792 113792
 1.3 105760 102792 113792
 1.3 105760 102792 113792
 1.3 105760 102792 113792
 1.3 105760 102792 113792
 1.3 105760 102792 113792
 1.3 105760 102792 113792
 1.3 105760 102792 113792
 1.3 105760 102792 113792
 1.3 105760 102792 113792
 1.3 105760 102792 113792
 1.3 105760 102792 113792
 1.3 105760 102792 113792
 1.3 105760 102792 113792
 1.3 105760 102792 113792
 1.3 105760 102792 113792
 1.3 105760 102792 113792
 1.3 105760 102792 113792
 1.3 105760 102792 113792
 1.3 105760 102792 113792
 1.3 105760 102792 113792
 1.3 105760 102792 113792
 1.3 105760 102792 113792
 1.3 105760 102792 113792
 1.3 105760 102792 113792
 1.3 105760 102792 113792
 1.3 105760 102792 113792
 1.3 105760 102792 113792
 1.3 105760 102792 113792
 1.3 105760 102792 113792
 1.3 105760 102792 113792
 1.3 105760 102792 113792
 1.3 105760 102792 113792
 1.3 105760 102792 113792
 1.3 105760 102792 113792
 1.3 105760 102792 113792
 1.3 105760 102792 113792
 1.3 105760 102792 113792
 1.3 105760 102792 113792
 1.3 105760 102792 113792
 1.3 105760 102792 113792
 1.3 105760 102792 113792
 1.3 105760 102792 113792
 1.3 105760 102792 113792
 1.3 105760 102792 113792
 1.3 105760 102792 113792
 1.3 105760 102792 113792
 1.3 105760 102792 113792
 1.3 105760 102792 113792
 1.3 105760 102792 113792
 1.3 105760 102792 113792
 1.3 105760 102792 113792
 1.3 105760 102792 113792
 1.3 105760 102792 113792
 1.3 105760 102792 113792
 1.3 105760 102792 113792
 1.3 105760 102792 113792
 1.3 105760 102792 113792
 1.3 105760 102792 113792
 1.3 105760 102792 113792
 1.3 105760 102792 113792
 1.3 105760 102792 113792
 1.3 105760 102792 113792
 1.3 105760 102792 113792
 1.3 105760 102792 113792
 1.3 105760 102792 113792
 1.3 105760 102792 113792
 1.3 105760 102792 113792
 1.3 105760 102792 113792
 1.3 105760 102792 113792
 1.3 105760 102792 113792
 1.3 105760 102792 113792
 1.3 105760 102792 113792
 1.3 105760 102792 113792
 1.3 105760 102792 113792
 1.3 105760 102792 113792
 1.3 105760 102792 113792
 1.3 105760 102792 113792
 1.3 105760 102792 113792
 1.3 105760 102792 113792
 1.3 105760 102792 113792
 1.3 105760 102792 113792
 1.3 105760 102792 113792
 1.3 105760 102792 113792
 1.3 105760 102792 113792
 1.3 105760 102792 113792
 1.3 105760 102792 113792
 1.3 105760 102792 113792
 1.3 105760 102792 113792
 1.3 105760 102792 113792
 1.3 105760 102792 113792
 1.3 105760 102792 113792
 1.3 105760 102792 113792
 1.3 105760 102792 113792
 1.3 105760 102792 113792
 1.3 105760 102792 113792
 1.3 105760 102792 113792
 1.3 105760 102792 113792
 1.3 105760 102792 113792
 1.3 105760 102792 113792
 1.3 105760 102792 113792
 1.3 105760 102792 113792
 1.3 105760 102792 113792
 1.3 105760 102792 113792
 1.3 105760 102792 113792
 1.3 105760 102792 113792
 1.3 105760 102792 113792
 1.3 105760 102792 113792
 1.3 105760 102792 113792
 1.3 105760 102792 113792
 1.3 105760 102792 113792
 1.3 105760 102792 113792
 1.3 105760 102792 113792
 1.3 105760 102792 113792
 1.3 105760 102792 113792
 1.3 105760 102792 113792
 1.3 105760 102792 113792
 1.3 105760 102792 113792
 1.3 105760 102792 113792
 1.3 105760 102792 113792
 1.3 105760 102792 113792
 1.3 105760 102792 113792
 1.3 105760 102792 113792
 1.3 105760 102792 113792
 1.3 105760 102792 113792
 1.3 105760 102792 113792
 1.3 105760 102792 113792
 1.3 105760 102792 113792
 1.3 105760 102792 113792
 1.3 105760 102792 113792
 1.3 105760 102792 113792
 1.3 105760 102792 113792
 1.3 105760 102792 113792
 1.3 105760 102792 113792
 1.3 105760 102792 113792
 1.3 105760 102792 113792
 1.3 105760 102792 113792
 1.3 105760 102792 113792
 1.3 105760 102792 113792
 1.3 105760 102792 113792
 1.3 105760 102792 113792
 1.3 105760 102792 113792
 1.3 105760 102792 113792
 1.3 105760 102792 113792
 1.3 105760 102792 113792
 1.3 105760 102792 113792
 1.3 105760 102792 113792
 1.3 105760 102792 113792
 1.3 105760 102792 113792
 1.3 105760 102792 113792
 1.3 105760 102792 113792
 1.3 105760 102792 113792
 1.3 105760 102792 113792
 1.3 105760 102792 113792
 1.3 105760 102792 113792
 1.3 105760 102792 113792
 1.3 105760 102792 113792
 1.3 105760 102792 113792
 1.3 105760 102792 113792
 1.3 105760 102792 113792
 1.3 105760 102792 113792
 1.3 105760 102792 113792
 1.3 105760 102792 113792
 1.3 105760 102792 113792
 1.3 105760 102792 113792
 1.3 105760 102792 113792
 1.3 105760 102792 113792
 1.3 105760 102792 113792
 1.3 105760 102792 113792
 1.3 105760 102792 113792
 1.3 105760 102792 113792
 1.3 105760 102792 113792
 1.3 105760 102792 113792
 1.3 105760 102792 113792
 1.3 105760 102792 113792
 1.3 105760 102792 113792
 1.3 105760 102792 113792
 1.3 105760 102792 113792
 1.3 105760 102792 113792
 1.3 105760 102792 113792
 1.3 105760 102792 113792
 1.3 105760 102792 113792
 1.3 105760 102792 113792
 1.3 105760 102792 113792
 1.3 105760 102792 113792
 1.3 105760 102792 113792
 1.3 105760 102792 113792
 1.3 105760 102792 113792
 1.3 105760 102792 113792
 1.3 105760 102792 113792
 1.3 105760 102792 113792
 1.3 105760 102792 113792
 1.3 105760 102792 113792
 1.3 105760 102792 113792
 1.3 105760 102792 113792
 1.3 105760 102792 113792
 1.3 105760 102792 113792
 1.3 105760 102792 113792
 1.3 105760 102792 113792
 1.3 105760 102792 113792
 1.3 105760 102792 113792
 1.3 105760 102792 113792
 1.3 105760 102792 113792
 1.3 105760 102792 113792
 1.3 105760 102792 113792
 1.3 105760 102792 113792
 1.3 105760 102792 113792
 1.3 105760 102792 113792
 1.3 105760 102792 113792
 1.3 105760 102792 113792
 1.3 105760 102792 113792
 1.3 105760 102792 113792
 1.3 105760 102792 113792
 1.3 105760 102792 113792
 1.3 105760 102792 113792
 1.3 105760 102792 113792
 1.3 105760 102792 113792
 1.3 105760 102792 113792
 1.3 105760 102792 113792
 1.3 105760 102792 113792
 1.3 105760 102792 113792
 1.3 105760 102792 113792
 1.3 105760 102792 113792
 1.3 105760 102792 113792
 1.3 105760 102792 113792
 1.3 105760 102792 113792
 1.3 105760 102792 113792
 1.3 105760 102792 113792
 1.3 105760 102792 113792
 1.3 105760 102792 113792
 1.3 105760 102792 113792
 1.3 105760 102792 113792
 1.3 105760 102792 113792
 1.3 105760 102792 113792
 1.3 105760 102792 113792
 1.3 105760 102792 113792
 1.3 105760 102792 113792
 1.3 105760 102792 113792
 1.3 105760 102792 113792
 1.3 105760 102792 113792
 1.3 105760 102792 113792
 1.3 105760 102792 113792
 1.3 105760 102792 113792
 1.3 105760 102792 113792
 1.3 105760 102792 113792
 1.3 105760 102792 113792
 1.3 105760 102792 113792
 1.3 105760 102792 113792
 1.3 105760 102792 113792
 1.3 105760 102792 113792
 1.3 105760 102792 113792
 1.3 105760 102792 113792
 1.3 105760 102792 113792
 1.3 105760 102792 113792
 1.3 105760 102792 113792
 1.3 105760 102792 113792
 1.3 105760 102792 113792
 1.3 105760 102792 113792
 1.3 105760 102792 113792
 1.3 105760 102792 113792
 1.3 105760 102792 113792
 1.3 105760 102792 113792
 1.3 105760 102792 113792
 1.3 105760 102792 113792
 1.3 105760 102792 113792
 1.3 105760 102792 113792
 1.3 105760 102792 113792
 1.3 105760 102792 113792
 1.3 105760 102792 113792
 1.3 105760 102792 113792
 1.3 105760 102792 113792
 1.3 105760 102792 113792
 0.7 58840 102792 113792
 0.5 40864 38812  49812
 1.0 83608 83640  94640
 1.3 105784 102852 113852
 1.3 105784 102852 113852
 1.3 105784 102852 113852
 1.3 105784 102852 113852
 1.3 105784 102852 113852
 1.3 105784 102852 113852
 1.3 105784 102852 113852
 1.3 105784 102852 113852
 1.3 105784 102852 113852
 1.3 105784 102852 113852
 1.3 105784 102852 113852
 1.3 105784 102852 113852
 1.3 105784 102852 113852
 1.3 105784 102852 113852
 1.3 105784 102852 113852
 1.3 105784 102852 113852
 1.3 105784 102852 113852
 1.3 105784 102852 113852
 1.3 105784 102852 113852
 1.3 105784 102852 113852
 1.3 105784 102852 113852
 1.3 105784 102852 113852
 1.3 105784 102852 113852
 1.3 105784 102852 113852
 1.3 105784 102852 113852
 1.3 105784 102852 113852
 1.3 105784 102852 113852
 1.3 105784 102852 113852
 1.3 105784 102852 113852
 1.3 105784 102852 113852
 1.3 105784 102852 113852
 1.3 105784 102852 113852
 1.3 105784 102852 113852
 1.3 105784 102852 113852
 1.3 105784 102852 113852
 1.3 105784 102852 113852
 1.3 105784 102852 113852
 1.3 105784 102852 113852
 1.3 105784 102852 113852
 1.3 105784 102852 113852
 1.3 105784 102852 113852
 1.3 105784 102852 113852
 1.3 105784 102852 113852
 1.3 105784 102852 113852
 1.3 105784 102852 113852
 1.3 105784 102852 113852
 1.3 105784 102852 113852
 1.3 105784 102852 113852
 1.3 105784 102852 113852
 1.3 105784 102852 113852
 1.3 105784 102852 113852
 1.3 105784 102852 113852
 1.3 105784 102852 113852
 1.3 105784 102852 113852
 1.3 105784 102852 113852
 1.3 105784 102852 113852
 1.3 105784 102852 113852
 1.3 105784 102852 113852
 1.3 105784 102852 113852
 1.3 105784 102852 113852
 1.3 105784 102852 113852
 1.3 105784 102852 113852
 1.3 105784 102852 113852
 1.3 105784 102852 113852
 1.3 105784 102852 113852
 1.3 105784 102852 113852
 1.3 105784 102852 113852
 1.3 105784 102852 113852
 1.3 105784 102852 113852
 1.3 105784 102852 113852
 1.3 105784 102852 113852
 1.3 105784 102852 113852
 1.3 105784 102852 113852
 1.3 105784 102852 113852
 1.3 105784 102852 113852
 1.3 105784 102852 113852
 1.3 105784 102852 113852
 1.3 105784 102852 113852
 1.3 105784 102852 113852
 1.3 105784 102852 113852
 1.3 105784 102852 113852
 1.3 105784 102852 113852
 1.3 105784 102852 113852
 1.3 105784 102852 113852
 1.3 105784 102852 113852
 1.3 105784 102852 113852
 1.3 105784 102852 113852
 1.3 105784 102852 113852
 1.3 105784 102852 113852
 1.3 105784 102852 113852
 1.3 105784 102852 113852
 1.3 105784 102852 113852
 1.3 105784 102852 113852
 1.3 105784 102852 113852
 1.3 105784 102852 113852
 1.3 105784 102852 113852
 1.3 105784 102852 113852
 1.3 105784 102852 113852
 1.3 105784 102852 113852
 1.3 105784 102852 113852
 1.3 105784 102852 113852
 1.3 105784 102852 113852
 1.3 105784 102852 113852
 1.3 105784 102852 113852
 1.3 105784 102852 113852
 1.3 105784 102852 113852
 1.3 105784 102852 113852
 1.3 105784 102852 113852
 1.3 105784 102852 113852
 1.3 105784 102852 113852
 1.3 105784 102852 113852
 1.3 105784 102852 113852
 1.3 105784 102852 113852
 1.3 105784 102852 113852
 1.3 105784 102852 113852
 1.3 105784 102852 113852
 1.3 105784 102852 113852
 1.3 105784 102852 113852
 1.3 105784 102852 113852
 1.3 105784 102852 113852
 1.3 105784 102852 113852
 1.3 105784 102852 113852
 0.7 61108 58024  69024
 0.0  3472   388  11388
 0.2 19176 34524  45524
 0.8 67036 68660  79660
 1.2 102148 102796 113796
 1.3 105844 102796 113796
 1.3 105844 102796 113796
 1.3 105844 102796 113796
 1.3 105844 102796 113796
 1.3 105844 102796 113796
 1.3 105844 102796 113796
 1.3 105844 102796 113796
 1.3 105844 102796 113796
 1.3 105844 102796 113796
 1.3 105844 102796 113796
 1.3 105844 102796 113796
 1.3 105844 102796 113796
 1.3 105844 102796 113796
 1.3 105844 102796 113796
 1.3 105844 102796 113796
 1.3 105844 102796 113796
 1.3 105844 102796 113796
 1.3 105844 102796 113796
 1.3 105844 102796 113796
 1.3 105844 102796 113796
 1.3 105844 102796 113796
 1.3 105844 102796 113796
 1.3 105844 102796 113796
 1.3 105844 102796 113796
 1.3 105844 102796 113796
 1.3 105844 102796 113796
 1.3 105844 102796 113796
 1.3 105844 102796 113796
 1.3 105844 102796 113796
 1.3 105844 102796 113796
 1.3 105844 102796 113796
 1.3 105844 102796 113796
 1.3 105844 102796 113796
 1.3 105844 102796 113796
 1.3 105844 102796 113796
 1.3 105844 102796 113796
 1.3 105844 102796 113796
 1.3 105844 102796 113796
 1.3 105844 102796 113796
 1.3 105844 102796 113796
 1.3 105844 102796 113796
 1.3 105844 102796 113796
 1.3 105844 102796 113796
 1.3 105844 102796 113796
 1.3 105844 102796 113796
 1.3 105844 102796 113796
 1.3 105844 102796 113796
 1.3 105844 102796 113796
 1.3 105844 102796 113796
 1.3 105844 102796 113796
 1.3 105844 102796 113796
 1.3 105844 102796 113796
 1.3 105844 102796 113796
 1.3 105844 102796 113796
 1.3 105844 102796 113796
 1.3 105844 102796 113796
 1.3 105844 102796 113796
 1.3 105844 102796 113796
 1.3 105844 102796 113796
 1.3 105844 102796 113796
 1.3 105844 102796 113796
 1.3 105844 102796 113796
 1.3 105844 102796 113796
 1.3 105844 102796 113796
 1.3 105844 102796 113796
 1.3 105844 102796 113796
 1.3 105844 102796 113796
 1.3 105844 102796 113796
 1.3 105844 102796 113796
 1.3 105844 102796 113796
 1.3 105844 102796 113796
 1.3 105844 102796 113796
 1.3 105844 102796 113796
 1.3 105844 102796 113796
 1.3 105844 102796 113796
 1.3 105844 102796 113796
 1.3 105844 102796 113796
 1.3 105844 102796 113796
 1.3 105844 102796 113796
 1.3 105844 102796 113796
 1.3 105844 102796 113796
 1.3 105844 102796 113796
 1.3 105844 102796 113796
 1.3 105844 102796 113796
 1.3 105844 102796 113796
 1.3 105844 102796 113796
 1.3 105844 102796 113796
 1.3 105844 102796 113796
 1.3 105844 102796 113796
 1.3 105844 102796 113796
 1.3 105844 102796 113796
 1.3 105844 102796 113796
 1.3 105844 102796 113796
 1.3 105844 102796 113796
 1.3 105844 102796 113796
 1.3 105844 102796 113796
 1.3 105844 102796 113796
 1.3 105844 102796 113796
 1.3 105844 102796 113796
 1.3 105844 102796 113796
 1.3 105844 102796 113796
 1.3 105844 102796 113796
 1.3 105844 102796 113796
 1.3 105844 102796 113796
 1.3 105844 102796 113796
 1.3 105844 102796 113796
 1.3 105844 102796 113796
 1.3 105844 102796 113796
 1.3 105844 102796 113796
 1.3 105844 102796 113796
 1.3 105844 102796 113796
 1.3 105844 102796 113796
 1.3 105844 102796 113796
 1.3 105844 102796 113796
 1.3 105844 102796 113796
 1.3 105844 102796 113796
 1.3 105844 102796 113796
 1.3 105844 102796 113796
 1.3 105844 102796 113796
 1.3 105844 102796 113796
 1.3 105844 102796 113796
 1.3 105844 102796 113796
 1.3 105844 102796 113796
 1.3 105844 102796 113796
 1.3 105844 102796 113796
 1.3 105844 102796 113796
 1.3 105844 102796 113796
 1.3 105844 102796 113796
 1.3 105844 102796 113796
 1.3 105844 102796 113796
 1.3 105844 102796 113796
 1.3 105844 102796 113796
 1.3 105844 102796 113796
 1.3 105844 102796 113796
 1.3 105844 102796 113796
 1.3 105844 102796 113796
 1.3 105844 102796 113796
 1.3 105844 102796 113796
 1.3 105844 102796 113796
 1.3 105844 102796 113796
 1.3 105844 102796 113796
 1.3 105844 102796 113796
 1.3 105844 102796 113796
 1.3 105844 102796 113796
 1.3 105844 102796 113796
 1.3 105844 102796 113796
 1.3 105844 102796 113796
 1.3 105844 102796 113796
 1.3 105844 102796 113796
 1.3 105844 102796 113796
 1.3 105844 102796 113796
 1.3 105844 102796 113796
 1.3 105844 102796 113796
 1.3 105844 102796 113796
 1.3 105844 102796 113796
 1.3 105844 102796 113796
 1.3 105844 102796 113796
 1.3 105844 102796 113796
 1.3 105844 102796 113796
 1.3 105844 102796 113796
 1.3 105844 102796 113796
 1.3 105844 102796 113796
 1.3 105844 102796 113796
 1.3 105844 102796 113796
 1.3 105844 102796 113796
 1.3 105844 102796 113796
 1.3 105844 102796 113796
 1.3 105844 102796 113796
 1.3 105844 102796 113796
 1.3 105844 102796 113796
 1.3 105844 102796 113796
 1.3 105844 102796 113796
 1.3 105844 102796 113796
 1.3 105844 102796 113796
 1.3 105844 102796 113796
 1.3 105844 102796 113796
 1.3 105844 102796 113796
 1.3 105844 102796 113796
 1.3 105844 102796 113796
 1.3 105844 102796 113796
 1.3 105844 102796 113796
 1.3 105844 102796 113796
 1.3 105844 102796 113796
 1.3 105844 102796 113796
 1.3 105844 102796 113796
 1.3 105844 102796 113796
 1.3 105844 102796 113796
 1.3 105844 102796 113796
 1.3 105844 102796 113796
 1.3 105844 102796 113796
 1.3 105844 102796 113796
 1.3 105844 102796 113796
 1.3 105844 102796 113796
 1.3 105844 102796 113796
 1.3 105844 102796 113796
 1.3 105844 102796 113796
 1.3 105844 102796 113796
 1.3 105844 102796 113796
 1.3 105844 102796 113796
 1.3 105844 102796 113796
 1.3 105844 102796 113796
 1.3 105844 102796 113796
 1.3 105844 102796 113796
 1.3 105844 102796 113796
 1.3 105844 102796 113796
 1.3 105844 102796 113796
 1.3 105844 102796 113796
 1.3 105844 102796 113796
 1.3 105844 102796 113796
 1.3 105844 102796 113796
 1.3 105844 102796 113796
 1.3 105844 102796 113796
 1.3 105844 102796 113796
 1.3 105844 102796 113796
 1.3 105844 102796 113796
 1.3 105844 102796 113796
 1.3 105844 102796 113796
 1.3 105844 102796 113796
 1.3 105844 102796 113796
 1.3 105844 102796 113796
 1.3 105844 102796 113796
 1.3 105844 102796 113796
 1.3 105844 102796 113796
 1.3 105844 102796 113796
 1.3 105844 102796 113796
 1.3 105844 102796 113796
 1.3 105844 102796 113796
 1.3 105844 102796 113796
 1.3 105844 102796 113796
 1.3 105844 102796 113796
 1.3 105844 102796 113796
 1.3 105844 102796 113796
