coretemp-isa-0000
Adapter: ISA adapter
Package id 0:  +78.0°C  (high = +100.0°C, crit = +100.0°C)
Core 0:        +74.0°C  (high = +100.0°C, crit = +100.0°C)
Core 1:        +78.0°C  (high = +100.0°C, crit = +100.0°C)
Core 2:        +73.0°C  (high = +100.0°C, crit = +100.0°C)
Core 3:        +76.0°C  (high = +100.0°C, crit = +100.0°C)

pch_cannonlake-virtual-0
Adapter: Virtual device
temp1:        +60.0°C  

BAT0-acpi-0
Adapter: ACPI interface
in0:          12.61 V  
curr1:       1000.00 uA 

dell_smm-virtual-0
Adapter: Virtual device
fan1:        3939 RPM

radeon-pci-0100
Adapter: PCI adapter
temp1:            N/A  (crit = +120.0°C, hyst = +90.0°C)

acpitz-acpi-0
Adapter: ACPI interface
temp1:        +25.0°C  (crit = +107.0°C)

%CPU %MEM     ELAPSED
 1.3 111652 409992 420992
 1.8 144388 409992 420992
 1.9 158436 434700 511116
 2.0 160284 434700 511116
 2.0 162660 434700 511116
 2.0 163716 434700 511116
 2.0 166620 434700 511116
 2.1 168204 434700 511116
 2.1 169260 434700 511116
 2.1 170580 434700 511116
 2.1 171636 434700 511116
 2.1 174012 434700 511116
 2.2 176652 434700 511116
 2.2 178236 434700 511116
 2.2 179820 434700 511116
 2.2 181140 434700 511116
 2.2 181140 434700 511116
 2.2 182196 434700 511116
 2.2 183516 434700 511116
 2.3 184044 434700 511116
 2.3 185892 434700 511116
 2.3 186684 434700 511116
 2.3 189060 434700 511116
 2.4 191964 434700 511116
 2.4 192756 434700 511116
 2.4 193020 434700 511116
 2.4 195132 434700 511116
 2.4 196980 434700 511116
 2.4 196980 434700 511116
 2.4 196980 434700 511116
 2.4 197772 434700 511116
 2.4 199356 434700 511116
 2.5 201468 434700 511116
 2.5 202788 434700 511116
 2.5 205956 434700 511116
 2.5 207540 434700 511116
 2.6 208860 434700 511116
 2.6 210180 434700 511116
 2.6 212292 434700 511116
 2.7 218100 434700 511116
 2.9 232884 434700 511116
 3.1 248988 434700 511116
 3.3 265620 434700 511116
 3.5 281460 434700 511116
 3.5 284892 434700 511116
 3.5 284892 434700 511116
 3.5 284892 434700 511116
 3.5 284892 434700 511116
 3.5 284892 434700 511116
 3.5 284892 434700 511116
 3.5 286740 434700 511116
 3.6 288324 434700 511116
 3.6 290436 434700 511116
 3.6 293340 434700 511116
 3.6 293340 434700 511116
 3.6 295452 434700 511116
 3.7 298620 434700 511116
 3.7 301260 434700 511116
 3.8 305220 434700 511116
 3.8 307596 434700 511116
 3.8 311028 434700 511116
 3.9 317100 434700 511116
 4.0 325284 434700 511116
 4.1 328452 434700 511116
 4.1 331356 434700 511116
 4.2 336636 434700 511116
 4.2 342708 434700 511116
 4.3 345876 434700 511116
 4.3 349044 434700 511116
 4.4 352212 434700 511116
 4.4 354060 434700 511116
 4.4 354324 434700 511116
 4.4 358020 434700 511116
 4.4 358548 434700 511116
 4.5 362508 434700 511116
 4.5 364092 434700 511116
 4.5 366996 434700 511116
 4.6 370164 434700 511116
 4.6 373596 434700 511116
 4.6 374916 434700 511116
 4.8 384156 434700 511116
 4.8 387324 434700 511116
 4.9 392076 434700 511116
 5.0 399996 434700 511116
 5.0 400524 434700 511116
 5.0 403956 434700 511116
 5.0 406596 434700 511116
 5.1 408972 434700 511116
 5.1 410292 434700 511116
 5.1 412404 434700 511116
 5.1 412884 434700 511116
 5.1 412884 434700 511116
 5.1 412884 434700 511116
 5.1 412884 434700 511116
 5.1 412884 434700 511116
 5.1 412884 434700 511116
 5.1 412884 434700 511116
 5.1 412884 434700 511116
 5.1 412884 434700 511116
 5.1 412884 434700 511116
 5.1 412884 434700 511116
 5.1 412884 434700 511116
 5.1 412884 434700 511116
 5.1 412884 434700 511116
 5.1 412884 434700 511116
 5.1 412884 434700 511116
 5.1 412884 434700 511116
 5.1 412884 434700 511116
 5.1 412884 434700 511116
 5.1 412884 434700 511116
 5.1 412884 434700 511116
 5.1 412884 434700 511116
 5.1 412884 434700 511116
 5.1 412884 434700 511116
 5.1 412884 434700 511116
 5.1 412884 434700 511116
 5.1 412884 434700 511116
 5.1 412884 434700 511116
 5.1 412884 434700 511116
 5.1 412884 434700 511116
 5.1 412884 434700 511116
 5.1 412884 434700 511116
 5.1 412884 434700 511116
 5.1 412884 434700 511116
 5.1 412884 434700 511116
 5.1 412884 434700 511116
 5.1 412884 434700 511116
 5.1 412884 434700 511116
 5.1 412884 434700 511116
 5.1 412884 434700 511116
 5.1 412884 434700 511116
 5.1 412884 434700 511116
 5.1 412884 434700 511116
 5.1 412884 434700 511116
 5.1 412884 434700 511116
 5.1 412884 434700 511116
 5.1 412884 434700 511116
 5.1 412884 434700 511116
 5.1 412884 434700 511116
 5.1 412884 434700 511116
 5.1 412884 434700 511116
 5.1 412884 434700 511116
 5.1 412884 434700 511116
 5.1 412884 434700 511116
 5.1 412884 434700 511116
 5.1 412884 434700 511116
 5.1 412884 434700 511116
 5.1 412884 434700 511116
 5.1 412884 434700 511116
 5.1 412884 434700 511116
 5.1 412884 434700 511116
 5.1 412884 434700 511116
 5.1 412884 434700 511116
 5.1 412884 434700 511116
 5.1 412884 434700 511116
 5.1 412884 434700 511116
 5.1 412884 434700 511116
 5.1 412884 434700 511116
 5.1 412884 434700 511116
 5.1 412884 434700 511116
 5.1 412884 434700 511116
 5.1 412884 434700 511116
 5.1 412884 434700 511116
 5.1 412884 434700 511116
 5.1 412884 434700 511116
 5.1 412884 434700 511116
 5.1 412884 434700 511116
 5.1 412884 434700 511116
 5.1 412884 434700 511116
 5.1 412884 434700 511116
 5.1 412884 434700 511116
 5.1 412884 434700 511116
 5.1 412884 434700 511116
 5.1 412884 434700 511116
 5.1 412884 434700 511116
 5.1 412884 434700 511116
 5.1 412884 434700 511116
 5.1 412884 434700 511116
 5.1 412884 434700 511116
 5.1 412884 434700 511116
 5.1 412884 434700 511116
 5.1 412884 434700 511116
 5.1 412884 434700 511116
 5.1 412884 434700 511116
 5.1 412884 434700 511116
 5.1 412884 434700 511116
 5.1 412884 434700 511116
 5.1 412888 434700 511116
 5.1 412888 434700 511116
 5.1 412888 434700 511116
 5.1 412888 434700 511116
 5.1 412888 434700 511116
 5.1 412888 434700 511116
 5.1 412888 434700 511116
 5.1 412888 434700 511116
 5.1 412888 434700 511116
 5.1 412888 434700 511116
 5.1 412888 434700 511116
 5.1 412888 434700 511116
 5.1 412888 434700 511116
 5.1 412888 434700 511116
 5.1 412888 434700 511116
 5.1 412888 434700 511116
 5.1 412888 434700 511116
 5.1 412888 434700 511116
 5.1 412888 434700 511116
 5.1 412888 434700 511116
 5.1 412888 434700 511116
 5.1 412888 434700 511116
 5.1 412888 434700 511116
 5.1 412888 434700 511116
 5.1 412888 434700 511116
 5.1 412888 434700 511116
 5.1 412888 434700 511116
 5.1 412888 434700 511116
 5.1 412888 434700 511116
 5.1 412888 434700 511116
 5.1 412888 434700 511116
 5.1 412888 434700 511116
 5.1 412888 434700 511116
 5.1 412888 434700 511116
 5.1 412888 434700 511116
 5.1 412888 434700 511116
 5.1 412888 434700 511116
 5.1 412888 434700 511116
 5.1 412888 434700 511116
 5.1 412888 434700 511116
 5.1 412888 434700 511116
 5.1 412888 434700 511116
 5.1 412888 434700 511116
 5.1 412888 434700 511116
 5.1 412888 434700 511116
 5.1 412888 434700 511116
 5.1 412888 434700 511116
 5.1 412888 434700 511116
 5.1 412888 434700 511116
 5.1 412888 434700 511116
 5.1 412888 434700 511116
 5.1 412888 434700 511116
 5.1 412888 434700 511116
 5.1 412888 434700 511116
 5.1 412888 434700 511116
 5.1 412888 434700 511116
 5.1 412888 434700 511116
 5.1 412888 434700 511116
 5.1 412888 434700 511116
 5.1 412888 434700 511116
 5.1 412888 434700 511116
 5.1 412888 434700 511116
 5.1 412888 434700 511116
 5.1 412888 434700 511116
 5.1 412888 434700 511116
 5.1 412888 434700 511116
 5.1 412888 434700 511116
 5.1 412888 434700 511116
 5.1 412888 434700 511116
 5.1 412888 434700 511116
 5.1 412888 434700 511116
 5.1 412888 434700 511116
 5.1 412888 434700 511116
 5.1 412888 434700 511116
 5.1 412888 434700 511116
 5.1 412888 434700 511116
 5.1 412888 434700 511116
 5.1 412888 434700 511116
 5.1 412888 434700 511116
 5.1 412888 434700 511116
 5.1 412888 434700 511116
 5.1 412888 434700 511116
 5.1 412888 434700 511116
 5.1 412888 434700 511116
 5.1 412888 434700 511116
 5.1 412888 434700 511116
 5.1 412888 434700 511116
 5.1 412888 434700 511116
 5.1 412888 434700 511116
 5.1 412888 434700 511116
 5.1 412888 434700 511116
 5.1 412888 434700 511116
 5.1 412888 434700 511116
 5.1 412888 434700 511116
 5.1 412888 434700 511116
 5.1 412888 434700 511116
 5.1 412888 434700 511116
 5.1 412888 434700 511116
 5.1 412888 434700 511116
 5.1 412888 434700 511116
 5.1 412888 434700 511116
 5.1 412888 434700 511116
 5.1 412888 434700 511116
 5.1 412888 434700 511116
 5.1 412888 434700 511116
 5.1 412888 434700 511116
 5.1 412888 434700 511116
 5.1 412888 434700 511116
 5.1 412888 434700 511116
 5.1 412888 434700 511116
 5.1 412888 434700 511116
 5.1 412888 434700 511116
 5.1 412888 434700 511116
 5.1 412888 434700 511116
 5.1 412888 434700 511116
 5.1 412888 434700 511116
 5.1 412888 434700 511116
 5.1 412888 434700 511116
 5.1 412888 434700 511116
 5.1 412888 434700 511116
 5.1 412888 434700 511116
 5.1 412888 434700 511116
 5.1 412888 434700 511116
 5.1 412888 434700 511116
 5.1 412888 434700 511116
 5.1 412888 434700 511116
 5.1 412888 434700 511116
 5.1 412888 434700 511116
 5.1 412888 434700 511116
 5.1 412888 434700 511116
 5.1 412888 434700 511116
 5.1 412888 434700 511116
 5.1 412888 434700 511116
 5.1 412888 434700 511116
 5.1 412888 434700 511116
 5.1 412888 434700 511116
 5.1 412888 434700 511116
 5.1 412888 434700 511116
 5.1 412888 434700 511116
 5.1 412888 434700 511116
 5.1 412888 434700 511116
 5.1 412888 434700 511116
 5.1 412888 434700 511116
 5.1 412888 434700 511116
 5.1 412888 434700 511116
 5.1 412888 434700 511116
 5.1 412888 434700 511116
 5.1 412888 434700 511116
 5.1 412888 434700 511116
 5.1 412888 434700 511116
 5.1 412888 434700 511116
 5.1 412888 434700 511116
 5.1 412888 434700 511116
 5.1 412888 434700 511116
 5.1 412888 434700 511116
 5.1 412888 434700 511116
 5.1 412888 434700 511116
 5.1 412888 434700 511116
 5.1 412888 434700 511116
 5.1 412888 434700 511116
 5.1 412888 434700 511116
 5.1 412888 434700 511116
 5.1 412888 434700 511116
 5.1 412888 434700 511116
 5.1 412888 434700 511116
 5.1 412888 434700 511116
 5.1 412888 434700 511116
 5.1 412888 434700 511116
 5.1 412888 434700 511116
 5.1 412888 434700 511116
 5.1 412888 434700 511116
 5.1 412888 434700 511116
 5.1 412888 434700 511116
 5.1 412888 434700 511116
 5.1 412888 434700 511116
 5.1 412888 434700 511116
 5.1 412888 434700 511116
 5.1 412888 434700 511116
 5.1 412888 434700 511116
 5.1 412888 434700 511116
 5.1 412888 434700 511116
 5.1 412888 434700 511116
 5.1 412888 434700 511116
 5.1 412888 434700 511116
 5.1 412888 434700 511116
 5.1 412888 434700 511116
 5.1 412888 434700 511116
 5.1 412888 434700 511116
 5.1 412888 434700 511116
 5.1 412888 434700 511116
 5.1 412888 434700 511116
 5.1 412888 434700 511116
 5.1 412888 434700 511116
 5.1 412888 434700 511116
 5.1 412888 434700 511116
 5.1 412888 434700 511116
 5.1 412888 434700 511116
 5.1 412888 434700 511116
 5.1 412888 434700 511116
 5.1 412888 434700 511116
 5.1 412888 434700 511116
 5.1 412888 434700 511116
 5.1 412888 434700 511116
 5.1 412888 434700 511116
 5.1 412888 434700 511116
 5.1 412888 434700 511116
 5.1 412888 434700 511116
 5.1 412888 434700 511116
 5.1 412888 434700 511116
 5.1 412888 434700 511116
 5.1 412888 434700 511116
 5.1 412888 434700 511116
 5.1 412888 434700 511116
 5.1 412888 434700 511116
 5.1 412888 434700 511116
 5.1 412888 434700 511116
 5.1 412888 434700 511116
 5.1 412888 434700 511116
 5.1 412888 434700 511116
 5.1 412888 434700 511116
 5.1 412888 434700 511116
 5.1 412888 434700 511116
 5.1 412888 434700 511116
 5.1 412888 434700 511116
 5.1 412888 434700 511116
 5.1 412888 434700 511116
 5.1 412888 434700 511116
 5.1 412888 434700 511116
 5.1 412888 434700 511116
 5.1 412888 434700 511116
 5.1 412888 434700 511116
 5.1 412888 434700 511116
 5.1 412888 434700 511116
 5.1 412888 434700 511116
 5.1 412888 434700 511116
 5.1 412888 434700 511116
 5.1 412888 434700 511116
 5.1 412888 434700 511116
 5.1 412888 434700 511116
 5.1 412888 434700 511116
 5.1 412888 434700 511116
 5.1 412888 434700 511116
 5.1 412888 434700 511116
 5.1 412888 434700 511116
 5.1 412888 434700 511116
 5.1 412888 434700 511116
 5.1 412888 434700 511116
 5.1 412888 434700 511116
 5.1 412888 434700 511116
 5.1 412888 434700 511116
 5.1 412888 434700 511116
 5.1 412888 434700 511116
 5.1 412888 434700 511116
 5.1 412888 434700 511116
 5.1 412888 434700 511116
 5.1 412888 434700 511116
 5.1 412888 434700 511116
 5.1 412888 434700 511116
 5.1 412888 434700 511116
 5.1 412888 434700 511116
 5.1 412888 434700 511116
 5.1 412888 434700 511116
 5.1 412888 434700 511116
 5.1 412888 434700 511116
 5.1 412888 434700 511116
 5.1 412888 434700 511116
 5.1 412888 434700 511116
 5.1 412888 434700 511116
 5.1 412888 434700 511116
 5.1 412888 434700 511116
 5.1 412888 434700 511116
 5.1 412888 434700 511116
 5.1 412888 434700 511116
 5.1 412888 434700 511116
 5.1 412888 434700 511116
 5.1 412888 434700 511116
 5.1 412888 434700 511116
 5.1 412888 434700 511116
 5.1 412888 434700 511116
 5.1 412888 434700 511116
 5.1 412888 434700 511116
 5.1 412888 434700 511116
 5.1 412888 434700 511116
 5.1 412888 434700 511116
 5.1 412888 434700 511116
 5.1 412888 434700 511116
 5.1 412888 434700 511116
 5.1 412888 434700 511116
 5.1 412888 434700 511116
 5.1 412888 434700 511116
 5.1 412888 434700 511116
 5.1 412888 434700 511116
 5.1 412888 434700 511116
 5.1 412888 434700 511116
 5.1 412888 434700 511116
 5.1 412888 434700 511116
 5.1 412888 434700 511116
 5.1 412888 434700 511116
 5.1 412888 434700 511116
 5.1 412888 434700 511116
 5.1 412888 434700 511116
 5.1 412888 434700 511116
 5.1 412888 434700 511116
 5.1 412888 434700 511116
 5.1 412888 434700 511116
 5.1 412888 434700 511116
 5.1 412888 434700 511116
 5.1 412888 434700 511116
 5.1 412888 434700 511116
 5.1 412888 434700 511116
 5.1 412888 434700 511116
 5.1 412888 434700 511116
 5.1 412888 434700 511116
 5.1 412888 434700 511116
 5.1 412888 434700 511116
 5.1 412888 434700 511116
 5.1 412888 434700 511116
 5.1 412888 434700 511116
 5.1 412888 434700 511116
 5.1 412888 434700 511116
 5.1 412888 434700 511116
 5.1 412888 434700 511116
 5.1 412888 434700 511116
 5.1 412888 434700 511116
 5.1 412888 434700 511116
 5.1 412888 434700 511116
 5.1 412888 434700 511116
 5.1 412888 434700 511116
 5.1 412888 434700 511116
 5.1 412888 434700 511116
 5.1 412888 434700 511116
 5.1 412888 434700 511116
 5.1 412888 434700 511116
 5.1 412888 434700 511116
 5.1 412888 434700 511116
 5.1 412888 434700 511116
 5.1 412888 434700 511116
 5.1 412888 434700 511116
 5.1 412888 434700 511116
 5.1 412888 434700 511116
 5.1 412888 434700 511116
 5.1 412888 434700 511116
 5.1 412888 434700 511116
 5.1 412888 434700 511116
 5.1 412888 434700 511116
 5.1 412888 434700 511116
 5.1 412888 434700 511116
 5.1 412888 434700 511116
 5.1 412888 434700 511116
 5.1 412888 434700 511116
 5.1 412888 434700 511116
 5.1 412888 434700 511116
 5.1 412888 434700 511116
 5.1 412888 434700 511116
 5.1 412888 434700 511116
 5.1 412888 434700 511116
 5.1 412888 434700 511116
 5.1 412888 434700 511116
 5.1 412888 434700 511116
 5.1 412888 434700 511116
 5.1 412888 434700 511116
 5.1 412888 434700 511116
 5.1 412888 434700 511116
 5.1 412888 434700 511116
 5.1 412888 434700 511116
 5.1 412888 434700 511116
 5.1 412888 434700 511116
 5.1 412888 434700 511116
 5.1 412888 434700 511116
 5.1 412888 434700 511116
 5.1 412888 434700 511116
 5.1 412888 434700 511116
 5.1 412888 434700 511116
 5.1 412888 434700 511116
 5.1 412888 434700 511116
 5.1 412888 434700 511116
 5.1 412888 434700 511116
 5.1 412888 434700 511116
 5.1 412888 434700 511116
 5.1 412888 434700 511116
 5.1 412888 434700 511116
 5.1 412888 434700 511116
 5.1 412888 434700 511116
 5.1 412888 434700 511116
 5.1 412888 434700 511116
 5.1 412888 434700 511116
 5.1 412888 434700 511116
 5.1 412888 434700 511116
 5.1 412888 434700 511116
 5.1 412888 434700 511116
 5.1 412888 434700 511116
 5.1 412888 434700 511116
 5.1 412888 434700 511116
 5.1 412888 434700 511116
 5.1 412888 434700 511116
 5.1 412888 434700 511116
 5.1 412888 434700 511116
 5.1 412888 434700 511116
 5.1 412888 434700 511116
 5.1 412888 434700 511116
 5.1 412888 434700 511116
 5.1 412888 434700 511116
 5.1 412888 434700 511116
 5.1 412888 434700 511116
 5.1 412888 434700 511116
 5.1 412888 434700 511116
 5.1 412888 434700 511116
 5.1 412888 434700 511116
 5.1 412888 434700 511116
 5.1 412888 434700 511116
 5.1 412888 434700 511116
 5.1 412888 434700 511116
 5.1 412888 434700 511116
 5.1 412888 434700 511116
 5.1 412888 434700 511116
 5.1 412888 434700 511116
 5.1 412888 434700 511116
 5.1 412888 434700 511116
 5.1 412888 434700 511116
 5.1 412888 434700 511116
 5.1 412888 434700 511116
 5.1 412888 434700 511116
 5.1 412888 434700 511116
 5.1 412888 434700 511116
 5.1 412888 434700 511116
 5.1 412888 434700 511116
 5.1 412888 434700 511116
 5.1 412888 434700 511116
 5.1 412888 434700 511116
 5.1 412888 434700 511116
 5.1 412888 434700 511116
 5.1 412888 434700 511116
 5.1 412888 434700 511116
 5.1 412888 434700 511116
 5.1 412888 434700 511116
 5.1 412888 434700 511116
 5.1 412888 434700 511116
 5.1 412888 434700 511116
 5.1 412888 434700 511116
 5.1 412888 434700 511116
 5.1 412888 434700 511116
 5.1 412888 434700 511116
 5.1 412888 434700 511116
 5.1 412888 434700 511116
 5.1 412888 434700 511116
 5.1 412888 434700 511116
 5.1 412888 434700 511116
 5.1 412888 434700 511116
 5.1 412888 434700 511116
 5.1 412888 434700 511116
 5.1 412888 434700 511116
 5.1 412888 434700 511116
 5.1 412888 434700 511116
 5.1 412888 434700 511116
 5.1 412888 434700 511116
 5.1 412888 434700 511116
 5.1 412888 434700 511116
 5.1 412888 434700 511116
 5.1 412888 434700 511116
 5.1 412888 434700 511116
 5.1 412888 434700 511116
 5.1 412888 434700 511116
 5.1 412888 434700 511116
 5.1 412888 434700 511116
 5.1 412888 434700 511116
 5.1 412888 434700 511116
 5.1 412888 434700 511116
 5.1 412888 434700 511116
 5.1 412888 434700 511116
 5.1 412888 434700 511116
 5.1 412888 434700 511116
 5.1 412888 434700 511116
 5.1 412888 434700 511116
 5.1 412888 434700 511116
 5.1 412888 434700 511116
 5.1 412888 434700 511116
 5.1 412888 434700 511116
 5.1 412888 434700 511116
 5.1 412888 434700 511116
 5.1 412888 434700 511116
 5.1 412888 434700 511116
 5.1 412888 434700 511116
 5.1 412888 434700 511116
 5.1 412888 434700 511116
 5.1 412888 434700 511116
 5.1 412888 434700 511116
 5.1 412888 434700 511116
 5.1 412888 434700 511116
 5.1 412888 434700 511116
 5.1 412888 434700 511116
 5.1 412888 434700 511116
 5.1 412888 434700 511116
 5.1 412888 434700 511116
 5.1 412888 434700 511116
 5.1 412888 434700 511116
 5.1 412888 434700 511116
 5.1 412888 434700 511116
 5.1 412888 434700 511116
 5.1 412888 434700 511116
 5.1 412888 434700 511116
 5.1 412888 434700 511116
 5.1 412888 434700 511116
 5.1 412888 434700 511116
 5.1 412888 434700 511116
 5.1 412888 434700 511116
 5.1 412888 434700 511116
 5.1 412888 434700 511116
 5.1 412888 434700 511116
 5.1 412888 434700 511116
 5.1 412888 434700 511116
 5.1 412888 434700 511116
 5.1 412888 434700 511116
 5.1 412888 434700 511116
 5.1 412888 434700 511116
 5.1 412888 434700 511116
 5.1 412888 434700 511116
 5.1 412888 434700 511116
 5.1 412888 434700 511116
 5.1 412888 434700 511116
 5.1 412888 434700 511116
 5.1 412888 434700 511116
 5.1 412888 434700 511116
 5.1 412888 434700 511116
 5.1 412888 434700 511116
 5.1 412888 434700 511116
 5.1 412888 434700 511116
 5.1 412888 434700 511116
 5.1 412888 434700 511116
 5.1 412888 434700 511116
 5.1 412888 434700 511116
 5.1 412888 434700 511116
 5.1 412888 434700 511116
 5.1 412888 434700 511116
 5.1 412888 434700 511116
 5.1 412888 434700 511116
 5.1 412888 434700 511116
 5.1 412888 434700 511116
 5.1 412888 434700 511116
 5.1 412888 434700 511116
 5.1 412888 434700 511116
 5.1 412888 434700 511116
 5.1 412888 434700 511116
 5.1 412888 434700 511116
 5.1 412888 434700 511116
 5.1 412888 434700 511116
 5.1 412888 434700 511116
 5.1 412888 434700 511116
 5.1 412888 434700 511116
 5.1 412888 434700 511116
 5.1 412888 434700 511116
 5.1 412888 434700 511116
 5.1 412888 434700 511116
 5.1 412888 434700 511116
 5.1 412888 434700 511116
 5.1 412888 434700 511116
 5.1 412888 434700 511116
 5.1 412888 434700 511116
 5.1 412888 434700 511116
 5.1 412888 434700 511116
 5.1 412888 434700 511116
 5.1 412888 434700 511116
 5.1 412888 434700 511116
 5.1 412888 434700 511116
 5.1 412888 434700 511116
 5.1 412888 434700 511116
 5.1 412888 434700 511116
 5.1 412888 434700 511116
 5.1 412888 434700 511116
 5.1 412888 434700 511116
 5.1 412888 434700 511116
 5.1 412888 434700 511116
 5.1 412888 434700 511116
 5.1 412888 434700 511116
 5.1 412888 434700 511116
 5.1 412888 434700 511116
 5.1 412888 434700 511116
 5.1 412888 434700 511116
 5.1 412888 434700 511116
 5.1 412888 434700 511116
 5.1 412888 434700 511116
 5.1 412888 434700 511116
 5.1 412888 434700 511116
 5.1 412888 434700 511116
 5.1 412888 434700 511116
 5.1 412888 434700 511116
 5.1 412888 434700 511116
 5.1 412888 434700 511116
 5.1 412888 434700 511116
 5.1 412888 434700 511116
 5.1 412888 434700 511116
 5.1 412888 434700 511116
 5.1 412888 434700 511116
 5.1 412888 434700 511116
 5.1 412888 434700 511116
 5.1 412888 434700 511116
 5.1 412888 434700 511116
 5.1 412888 434700 511116
 5.1 412888 434700 511116
 5.1 412888 434700 511116
 5.1 412888 434700 511116
 5.1 412888 434700 511116
 5.1 412888 434700 511116
 5.1 412888 434700 511116
 5.1 412888 434700 511116
 5.1 412888 434700 511116
 5.1 412888 434700 511116
 5.1 412888 434700 511116
 5.1 412888 434700 511116
 5.1 412888 434700 511116
 5.1 412888 434700 511116
 5.1 412888 434700 511116
 5.1 412888 434700 511116
 5.1 412888 434700 511116
 5.1 412888 434700 511116
 5.1 412888 434700 511116
 5.1 412888 434700 511116
 5.1 412888 434700 511116
 5.1 412888 434700 511116
 5.1 412888 434700 511116
 5.1 412888 434700 511116
 5.1 412888 434700 511116
 5.1 412888 434700 511116
 5.1 412888 434700 511116
 5.1 412888 434700 511116
 5.1 412888 434700 511116
 5.1 414780 434700 511116
 5.1 414780 434700 511116
 5.1 414780 434700 511116
 5.1 414780 434700 511116
 5.1 414780 434700 511116
 5.1 414780 434700 511116
 5.1 414780 434700 511116
 5.1 414780 434700 511116
 5.1 414780 434700 511116
 5.1 414780 434700 511116
 5.1 414780 434700 511116
 5.1 414780 434700 511116
 5.1 414780 434700 511116
 5.1 414780 434700 511116
 5.1 414780 434700 511116
 5.1 414780 434700 511116
 5.1 414780 434700 511116
 5.1 414780 434700 511116
 5.1 414780 434700 511116
 5.1 414780 434700 511116
 5.1 414780 434700 511116
 5.1 414780 434700 511116
 5.1 414780 434700 511116
 5.1 414780 434700 511116
 5.1 414780 434700 511116
 5.1 414780 434700 511116
 5.1 414780 434700 511116
 5.1 414780 434700 511116
 5.1 414780 434700 511116
 5.1 414780 434700 511116
 5.1 414780 434700 511116
 5.1 414780 434700 511116
 5.1 414780 434700 511116
 5.1 414780 434700 511116
 5.1 414780 434700 511116
 5.1 414780 434700 511116
 5.1 414780 434700 511116
 5.1 414780 434700 511116
 5.1 414780 434700 511116
 5.1 414780 434700 511116
 5.1 414780 434700 511116
 5.1 414780 434700 511116
 5.1 414780 434700 511116
 5.1 414780 434700 511116
 5.1 414780 434700 511116
 5.1 414780 434700 511116
 5.1 414780 434700 511116
 5.1 414780 434700 511116
 5.1 414780 434700 511116
 5.1 414780 434700 511116
 5.1 414780 434700 511116
 5.1 414780 434700 511116
 5.1 414780 434700 511116
 5.1 414780 434700 511116
 5.1 414780 434700 511116
 5.1 414780 434700 511116
 5.1 412900 434700 511116
 5.1 412900 434700 511116
 5.1 412900 434700 511116
 5.1 412900 434700 511116
 5.1 412900 434700 511116
 5.1 412900 434700 511116
 5.1 412900 434700 511116
 5.1 412900 434700 511116
 5.1 412900 434700 511116
 5.1 412900 434700 511116
 5.1 412900 434700 511116
 5.1 412900 434700 511116
 5.1 412900 434700 511116
 5.1 412900 434700 511116
 5.1 412900 434700 511116
 5.1 412900 434700 511116
 5.1 412900 434700 511116
 5.1 412900 434700 511116
 5.1 412900 434700 511116
 5.1 412900 434700 511116
 5.1 412900 434700 511116
 5.1 412900 434700 511116
 5.1 412900 434700 511116
 5.1 412900 434700 511116
 5.1 412900 434700 511116
 5.1 412900 434700 511116
 5.1 412900 434700 511116
 5.1 412900 434700 511116
 5.1 412900 434700 511116
 5.1 412900 434700 511116
 5.1 412900 434700 511116
 5.1 412900 434700 511116
 5.1 412900 434700 511116
 5.1 412900 434700 511116
 5.1 412900 434700 511116
 5.1 412900 434700 511116
 5.1 412900 434700 511116
 5.1 412900 434700 511116
 5.1 412900 434700 511116
 5.1 412900 434700 511116
 5.1 412900 434700 511116
 5.1 412900 434700 511116
 5.1 412900 434700 511116
 5.1 412900 434700 511116
 5.1 412900 434700 511116
 5.1 412900 434700 511116
 5.1 412900 434700 511116
 5.1 412900 434700 511116
 5.1 412900 434700 511116
 5.1 412900 434700 511116
 5.1 412900 434700 511116
 5.1 412900 434700 511116
 5.1 412900 434700 511116
 5.1 412900 434700 511116
 5.1 412900 434700 511116
 5.1 412900 434700 511116
 5.1 412900 434700 511116
 5.1 412900 434700 511116
 5.1 412900 434700 511116
 5.1 412900 434700 511116
 5.1 412900 434700 511116
 5.1 412900 434700 511116
 5.1 412900 434700 511116
 5.1 412900 434700 511116
 5.1 412900 434700 511116
 5.1 412900 434700 511116
 5.1 412900 434700 511116
 5.1 412900 434700 511116
 5.1 412900 434700 511116
 5.1 412900 434700 511116
 5.1 412900 434700 511116
 5.1 412900 434700 511116
 5.1 412900 434700 511116
 5.1 412900 434700 511116
 5.1 412900 434700 511116
 5.1 412900 434700 511116
 5.1 412900 434700 511116
 5.1 412900 434700 511116
 5.1 412900 434700 511116
 5.1 412900 434700 511116
 5.1 412900 434700 511116
 5.1 412900 434700 511116
 5.1 412900 434700 511116
 5.1 412900 434700 511116
 5.1 412900 434700 511116
 5.1 412900 434700 511116
 5.1 412900 434700 511116
 5.1 412900 434700 511116
 5.1 412900 434700 511116
 5.1 412900 434700 511116
 5.1 412900 434700 511116
 5.1 412900 434700 511116
 5.1 412900 434700 511116
 5.1 412900 434700 511116
 5.1 412900 434700 511116
 5.1 412900 434700 511116
 5.1 412900 434700 511116
 5.1 412900 434700 511116
 5.1 412900 434700 511116
 5.1 412900 434700 511116
 5.1 412900 434700 511116
 5.1 412900 434700 511116
 5.1 412900 434700 511116
 5.1 412900 434700 511116
 5.1 412900 434700 511116
 5.1 412900 434700 511116
 5.1 412900 434700 511116
 5.1 412900 434700 511116
 5.1 412900 434700 511116
 5.1 412900 434700 511116
 5.1 412900 434700 511116
 5.1 412900 434700 511116
 5.1 412900 434700 511116
 5.1 412900 434700 511116
 5.1 412900 434700 511116
 5.1 412900 434700 511116
 5.1 412900 434700 511116
 5.1 412900 434700 511116
 5.1 412900 434700 511116
 5.1 412900 434700 511116
 5.1 412900 434700 511116
 5.1 412900 434700 511116
 5.1 412900 434700 511116
 5.1 412900 434700 511116
 5.1 412900 434700 511116
 5.1 412900 434700 511116
 5.1 412900 434700 511116
 5.1 412900 434700 511116
 5.1 412900 434700 511116
 5.1 412900 434700 511116
 5.1 412900 434700 511116
 5.1 412900 434700 511116
 5.1 412900 434700 511116
 5.1 412900 434700 511116
 5.1 412900 434700 511116
 5.1 412900 434700 511116
 5.1 412900 434700 511116
 5.1 412900 434700 511116
 5.1 412900 434700 511116
 5.1 412900 434700 511116
 5.1 412900 434700 511116
 5.1 412900 434700 511116
 5.1 412900 434700 511116
 5.1 412900 434700 511116
 5.1 412900 434700 511116
 5.1 412900 434700 511116
 5.1 412900 434700 511116
 5.1 412900 434700 511116
 5.1 412900 434700 511116
 5.1 412900 434700 511116
 5.1 412900 434700 511116
 5.1 412900 434700 511116
 5.1 412900 434700 511116
 5.1 412900 434700 511116
 5.1 412900 434700 511116
 5.1 412900 434700 511116
 5.1 412900 434700 511116
 5.1 412900 434700 511116
 5.1 412900 434700 511116
 5.1 412900 434700 511116
 5.1 412900 434700 511116
 5.1 412900 434700 511116
 5.1 412900 434700 511116
 5.1 412900 434700 511116
 5.1 412900 434700 511116
 5.1 412900 434700 511116
 5.1 412900 434700 511116
 5.1 412900 434700 511116
 5.1 412900 434700 511116
 5.1 412900 434700 511116
 5.1 412900 434700 511116
 5.1 412900 434700 511116
 5.1 412900 434700 511116
 5.1 412900 434700 511116
 5.1 412900 434700 511116
 5.1 412900 434700 511116
 5.1 412900 434700 511116
 5.1 412900 434700 511116
 5.1 412900 434700 511116
 5.1 412900 434700 511116
 5.1 412900 434700 511116
 5.1 412900 434700 511116
 5.1 412900 434700 511116
 5.1 412900 434700 511116
 5.1 412900 434700 511116
 5.1 412900 434700 511116
 5.1 412900 434700 511116
 5.1 412900 434700 511116
 5.1 412900 434700 511116
 5.1 412900 434700 511116
 5.1 412900 434700 511116
 5.1 412900 434700 511116
 5.1 412900 434700 511116
 5.1 412900 434700 511116
 5.1 412900 434700 511116
 5.1 412900 434700 511116
 5.1 412900 434700 511116
 5.1 412900 434700 511116
 5.1 412900 434700 511116
 5.1 412900 434700 511116
 5.1 412900 434700 511116
 5.1 412900 434700 511116
 5.1 412900 434700 511116
 3.2 257288 434700 511116
 0.0  3476 25096 101512
 0.0  3476 56604 133020
 0.6 51956 88112 164528
 1.2 99284 151128 227544
 1.9 155160 182636 259052
 2.4 197664 245652 322068
 3.0 241488 277160 353576
 3.5 284256 308668 385084
 4.1 328344 371684 448100
 4.6 373224 403192 479608
 5.1 413088 434700 511116
 5.1 413088 434700 511116
 5.1 413088 434700 511116
 5.1 413088 434700 511116
 5.1 413088 434700 511116
 5.1 413088 434700 511116
 5.1 413088 434700 511116
 5.1 413088 434700 511116
 5.1 413088 434700 511116
 5.1 413088 434700 511116
 5.1 413088 434700 511116
 5.1 413088 434700 511116
 5.1 413088 434700 511116
 5.1 413088 434700 511116
 5.1 413088 434700 511116
 5.1 413088 434700 511116
 5.1 413088 434700 511116
 5.1 413088 434700 511116
 5.1 413088 434700 511116
 5.1 413088 434700 511116
 5.1 413088 434700 511116
 5.1 413088 434700 511116
 5.1 413088 434700 511116
 5.1 413088 434700 511116
 5.1 413088 434700 511116
 5.1 413088 434700 511116
 5.1 413088 434700 511116
 5.1 413088 434700 511116
 5.1 413088 434700 511116
 5.1 413088 434700 511116
 5.1 413088 434700 511116
 5.1 413088 434700 511116
 5.1 413088 434700 511116
 5.1 413088 434700 511116
 5.1 413088 434700 511116
 5.1 413088 434700 511116
 5.1 413088 434700 511116
 5.1 413088 434700 511116
 5.1 413088 434700 511116
 5.1 413088 434700 511116
 5.1 413088 434700 511116
 5.1 413088 434700 511116
 5.1 413088 434700 511116
 5.1 413088 434700 511116
 5.1 413088 434700 511116
 5.1 413088 434700 511116
 5.1 413088 434700 511116
 5.1 413088 434700 511116
 5.1 413088 434700 511116
 5.1 413088 434700 511116
 5.1 413088 434700 511116
 5.1 413088 434700 511116
 5.1 413088 434700 511116
 5.1 413088 434700 511116
 5.1 413088 434700 511116
 5.1 413088 434700 511116
 5.1 413088 434700 511116
 5.1 413088 434700 511116
 5.1 413088 434700 511116
 5.1 413088 434700 511116
 5.1 413088 434700 511116
 5.1 413088 434700 511116
 5.1 413088 434700 511116
 5.1 413088 434700 511116
 5.1 413088 434700 511116
 5.1 413088 434700 511116
 5.1 413088 434700 511116
 5.1 413088 434700 511116
 5.1 413088 434700 511116
 5.1 413088 434700 511116
 5.1 413088 434700 511116
 5.1 413088 434700 511116
 5.1 413088 434700 511116
 5.1 413088 434700 511116
 5.1 413088 434700 511116
 5.1 413088 434700 511116
 5.1 413088 434700 511116
 5.1 413088 434700 511116
 5.1 413088 434700 511116
 5.1 413088 434700 511116
 5.1 413088 434700 511116
 5.1 413088 434700 511116
 5.1 413088 434700 511116
 5.1 413088 434700 511116
 5.1 413088 434700 511116
 5.1 413088 434700 511116
 5.1 413088 434700 511116
 5.1 413088 434700 511116
 5.1 413088 434700 511116
 5.1 413088 434700 511116
 5.1 413088 434700 511116
 5.1 413088 434700 511116
 5.1 413088 434700 511116
 5.1 413088 434700 511116
 5.1 413088 434700 511116
 5.1 413088 434700 511116
 5.1 413088 434700 511116
 5.1 413088 434700 511116
 5.1 413088 434700 511116
 5.1 413088 434700 511116
 5.1 413088 434700 511116
 5.1 413088 434700 511116
 5.1 413088 434700 511116
 5.1 413088 434700 511116
 5.1 413088 434700 511116
 5.1 413088 434700 511116
 5.1 413088 434700 511116
 5.1 413088 434700 511116
 5.1 413088 434700 511116
 5.1 413088 434700 511116
 5.1 413088 434700 511116
 5.1 413088 434700 511116
 5.1 413088 434700 511116
 5.1 413088 434700 511116
 5.1 413088 434700 511116
 5.1 413088 434700 511116
 5.1 413088 434700 511116
 5.1 413088 434700 511116
 5.1 413088 434700 511116
 5.1 413088 434700 511116
 5.1 413088 434700 511116
 5.1 413088 434700 511116
 5.1 413088 434700 511116
 5.1 413088 434700 511116
 5.1 413088 434700 511116
 5.1 413088 434700 511116
 5.1 413088 434700 511116
 5.1 413088 434700 511116
 5.1 413088 434700 511116
 5.1 413088 434700 511116
 5.1 413088 434700 511116
 5.1 413088 434700 511116
 5.1 413088 434700 511116
 5.1 413088 434700 511116
 5.1 413088 434700 511116
 5.1 413088 434700 511116
 5.1 413088 434700 511116
 5.1 413088 434700 511116
 5.1 413088 434700 511116
 5.1 413088 434700 511116
 5.1 413088 434700 511116
 5.1 413088 434700 511116
 5.1 413088 434700 511116
 5.1 413088 434700 511116
 5.1 413088 434700 511116
 5.1 413088 434700 511116
 5.1 413088 434700 511116
 5.1 413088 434700 511116
 5.1 413088 434700 511116
 5.1 413088 434700 511116
 5.1 413088 434700 511116
 5.1 413088 434700 511116
 5.1 413088 434700 511116
 5.1 413088 434700 511116
 5.1 413088 434700 511116
 5.1 413088 434700 511116
 5.1 413088 434700 511116
 5.1 413088 434700 511116
 5.1 413088 434700 511116
 5.1 413088 434700 511116
 5.1 413088 434700 511116
 5.1 413088 434700 511116
 5.1 413088 434700 511116
 5.1 413088 434700 511116
 5.1 413088 434700 511116
 5.1 413088 434700 511116
 5.1 413088 434700 511116
 5.1 413088 434700 511116
 5.1 413088 434700 511116
 5.1 413088 434700 511116
 5.1 413088 434700 511116
 5.1 413088 434700 511116
 5.1 413088 434700 511116
 5.1 413088 434700 511116
 5.1 413088 434700 511116
 5.1 413088 434700 511116
 5.1 413088 434700 511116
 5.1 413088 434700 511116
 5.1 413088 434700 511116
 5.1 413088 434700 511116
 5.1 413088 434700 511116
 5.1 413088 434700 511116
 5.1 413088 434700 511116
 5.1 413088 434700 511116
 5.1 413088 434700 511116
 5.1 413088 434700 511116
 5.1 413088 434700 511116
 5.1 413088 434700 511116
 5.1 413088 434700 511116
 5.1 413088 434700 511116
 5.1 413088 434700 511116
 5.1 413088 434700 511116
 5.1 413088 434700 511116
 5.1 413088 434700 511116
 5.1 413088 434700 511116
 5.1 413088 434700 511116
 5.1 413088 434700 511116
 5.1 413088 434700 511116
 5.1 413088 434700 511116
 5.1 413088 434700 511116
 5.1 413088 434700 511116
 5.1 413088 434700 511116
 5.1 413088 434700 511116
 5.1 413088 434700 511116
 5.1 413088 434700 511116
 5.1 413088 434700 511116
 5.1 413088 434700 511116
 5.1 413088 434700 511116
 5.1 413088 434700 511116
 5.1 413088 434700 511116
 5.1 413088 434700 511116
 5.1 413088 434700 511116
 5.1 413088 434700 511116
 5.1 413088 434700 511116
 5.1 413088 434700 511116
 5.1 413088 434700 511116
 5.1 413088 434700 511116
 5.1 413088 434700 511116
 5.1 413088 434700 511116
 5.1 413088 434700 511116
 5.1 413088 434700 511116
 5.1 413088 434700 511116
 5.1 413088 434700 511116
 5.1 413088 434700 511116
 5.1 413088 434700 511116
 5.1 413088 434700 511116
 5.1 413088 434700 511116
 5.1 413088 434700 511116
 5.1 413088 434700 511116
 5.1 413088 434700 511116
 5.1 413088 434700 511116
 5.1 413088 434700 511116
 5.1 413088 434700 511116
 5.1 413088 434700 511116
 5.1 413088 434700 511116
 5.1 413088 434700 511116
 5.1 413088 434700 511116
 5.1 413088 434700 511116
 5.1 413088 434700 511116
 5.1 413088 434700 511116
 5.1 413088 434700 511116
 5.1 413088 434700 511116
 5.1 413088 434700 511116
 5.1 413088 434700 511116
 5.1 413088 434700 511116
 5.1 413088 434700 511116
 5.1 413088 434700 511116
 5.1 413088 434700 511116
 5.1 413088 434700 511116
 5.1 413088 434700 511116
 5.1 413088 434700 511116
 5.1 413088 434700 511116
 5.1 413088 434700 511116
 5.1 413088 434700 511116
 5.1 413088 434700 511116
 5.1 413088 434700 511116
 5.1 413088 434700 511116
 5.1 413088 434700 511116
 5.1 413088 434700 511116
 5.1 413088 434700 511116
 5.1 413088 434700 511116
 5.1 413088 434700 511116
 5.1 413088 434700 511116
 5.1 413088 434700 511116
 5.1 413088 434700 511116
 5.1 413088 434700 511116
 5.1 413088 434700 511116
 5.1 413088 434700 511116
 5.1 413088 434700 511116
 5.1 413088 434700 511116
 5.1 413088 434700 511116
 5.1 413088 434700 511116
 5.1 413088 434700 511116
 5.1 413088 434700 511116
 5.1 413088 434700 511116
 5.1 413088 434700 511116
 5.1 413088 434700 511116
 5.1 413088 434700 511116
 5.1 413088 434700 511116
 5.1 413088 434700 511116
 5.1 413088 434700 511116
 5.1 413088 434700 511116
 5.1 413088 434700 511116
 5.1 413088 434700 511116
 5.1 413088 434700 511116
 5.1 413088 434700 511116
 5.1 413088 434700 511116
 5.1 413088 434700 511116
 5.1 413088 434700 511116
 5.1 413088 434700 511116
 5.1 413088 434700 511116
 5.1 413088 434700 511116
 5.1 413088 434700 511116
 5.1 413088 434700 511116
 5.1 413088 434700 511116
 5.1 413088 434700 511116
 5.1 413088 434700 511116
 5.1 413088 434700 511116
 5.1 413088 434700 511116
 5.1 413088 434700 511116
 5.1 413088 434700 511116
 5.1 413088 434700 511116
 5.1 413088 434700 511116
 5.1 413088 434700 511116
 5.1 413088 434700 511116
 5.1 413088 434700 511116
 5.1 413088 434700 511116
 5.1 413088 434700 511116
 5.1 413088 434700 511116
 5.1 413088 434700 511116
 5.1 413088 434700 511116
 5.1 413088 434700 511116
 5.1 413088 434700 511116
 5.1 413088 434700 511116
 5.1 413088 434700 511116
 5.1 413088 434700 511116
 5.1 413088 434700 511116
 5.1 413088 434700 511116
 5.1 413088 434700 511116
 5.1 413088 434700 511116
 5.1 413088 434700 511116
 5.1 413088 434700 511116
 5.1 413088 434700 511116
 5.1 413088 434700 511116
 5.1 413088 434700 511116
 5.1 413088 434700 511116
 5.1 413088 434700 511116
 5.1 413088 434700 511116
 5.1 413088 434700 511116
 5.1 413088 434700 511116
 5.1 413088 434700 511116
 5.1 413088 434700 511116
 5.1 413088 434700 511116
 5.1 413088 434700 511116
 5.1 413088 434700 511116
 5.1 413088 434700 511116
 5.1 413088 434700 511116
 5.1 413088 434700 511116
 5.1 413088 434700 511116
 5.1 413088 434700 511116
 5.1 413088 434700 511116
 5.1 413088 434700 511116
 5.1 413088 434700 511116
 5.1 413088 434700 511116
 5.1 413088 434700 511116
 5.1 413088 434700 511116
 5.1 413088 434700 511116
 5.1 413088 434700 511116
 3.1 255596 308668 385084
 2.0 161072 182636 259052
 0.0  3532 56604 133020
