coretemp-isa-0000
Adapter: ISA adapter
Package id 0:  +66.0°C  (high = +100.0°C, crit = +100.0°C)
Core 0:        +59.0°C  (high = +100.0°C, crit = +100.0°C)
Core 1:        +62.0°C  (high = +100.0°C, crit = +100.0°C)
Core 2:        +66.0°C  (high = +100.0°C, crit = +100.0°C)
Core 3:        +58.0°C  (high = +100.0°C, crit = +100.0°C)

pch_cannonlake-virtual-0
Adapter: Virtual device
temp1:        +53.0°C  

BAT0-acpi-0
Adapter: ACPI interface
in0:          12.81 V  
curr1:       1000.00 uA 

dell_smm-virtual-0
Adapter: Virtual device
fan1:        3164 RPM

radeon-pci-0100
Adapter: PCI adapter
temp1:            N/A  (crit = +120.0°C, hyst = +90.0°C)

acpitz-acpi-0
Adapter: ACPI interface
temp1:        +25.0°C  (crit = +107.0°C)

%MEM   RSS  SIZE    VSZ
 0.0  2112   424   8636
 0.0  2112   424   8636
 0.0  2112   424   8636
 0.0  2112   424   8636
 0.0  2112   424   8636
 0.0  2112   424   8636
 0.0  2112   424   8636
 0.0  2112   424   8636
 0.0  2112   424   8636
 0.0  2112   424   8636
 0.0  2112   424   8636
 0.0  2112   424   8636
 0.0  2112   424   8636
 0.0  2112   424   8636
 0.0  2112   424   8636
 0.0  2112   424   8636
 0.0  2112   424   8636
 0.0  2112   424   8636
 0.0  2112   424   8636
 0.0  2112   424   8636
 0.0  2112   424   8636
 0.0  2112   424   8636
 0.0  2112   424   8636
 0.0  2112   424   8636
 0.0  2112   424   8636
 0.0  2112   424   8636
 0.0  2112   424   8636
 0.0  2112   424   8636
 0.0  2112   424   8636
 0.0  2112   424   8636
 0.0  2112   424   8636
 0.0  2112   424   8636
 0.0  3836   752   8964
 0.0  4792   884   9096
 0.0  4792  9076  17292
 0.0  5756  9188  17404
 0.0  6076 50808 320660
 0.0  7924 52788 322640
 0.1  9772 54768 324620
 0.1 11944 56748 326600
 0.1 13792 58596 328448
 0.1 15640 60576 330428
 0.2 17488 62424 332276
 0.2 19600 64404 334256
 0.2 21448 66384 336236
 0.2 23560 68232 338084
 0.3 25408 70212 340064
 0.3 27256 72192 342044
 0.3 29368 74172 344024
 0.3 31216 76020 345872
 0.4 33064 78000 347852
 0.4 35176 79980 349832
 0.4 37024 81828 351680
 0.4 38872 83808 353660
 0.5 40984 85788 355640
 0.5 42832 87636 357488
 0.5 44680 89616 359468
 0.5 46792 91596 361448
 0.6 48640 93576 363428
 0.6 50752 95424 365276
 0.6 52600 97404 367256
 0.6 54448 99384 369236
 0.7 56560 101364 371216
 0.7 58408 103344 373196
 0.7 60520 105324 375176
 0.7 62368 107304 377156
 0.8 64480 109284 379136
 0.8 66592 111264 381116
 0.8 68440 113376 383228
 0.8 70552 115356 385208
 0.9 72400 117336 387188
 0.9 74512 119316 389168
 0.9 76360 121296 391148
 0.9 78472 123276 393128
 1.0 80584 125256 395108
 1.0 82432 127236 397088
 1.0 84544 129348 399200
 1.0 86392 131328 401180
 1.1 88504 133308 403160
 1.1 90352 135288 405140
 1.1 92464 137268 407120
 1.1 94576 139248 409100
 1.2 96424 141228 411080
 1.2 98536 143340 413192
 1.2 100384 145320 415172
 1.2 102496 147300 417152
 1.3 104344 149280 419132
 1.3 106456 151260 421112
 1.3 108568 153240 423092
 1.3 110416 155352 425204
 1.4 112528 157332 427184
 1.4 114376 159312 429164
 1.4 116488 161292 431144
 1.4 118336 163272 433124
 1.5 120448 165252 435104
 1.5 122560 167232 437084
 1.5 124408 169344 439196
 1.5 126520 171324 441176
 1.6 128364 173172 442232
 1.6 129156 174084 442232
 1.6 130212 175048 442232
 1.6 131268 176068 442232
 1.6 132060 176960 442232
 1.6 133116 177912 442232
 1.6 133908 178832 442232
 1.6 135228 179920 442232
 1.7 136020 180812 442232
 1.7 137076 181764 442232
 1.7 137868 182608 442232
 1.7 138660 183440 442232
 1.7 139452 184292 442232
 1.7 140244 185068 442232
 1.7 141036 185960 442232
 1.7 141828 186752 442232
 1.7 142884 187584 442232
 1.7 143148 187932 442232
 1.7 143148 187932 442232
 1.7 143148 187932 442232
 1.7 143148 187932 442232
 1.7 143148 187932 442232
 1.7 143148 187932 442232
 1.7 143148 187932 442232
 1.7 143148 187932 442232
 1.7 143148 187932 442232
 1.7 143148 187932 442232
 1.7 143148 187932 442232
 1.7 143148 187932 442232
 1.7 143148 187932 442232
 1.7 143148 187932 442232
 1.7 143148 187932 442232
 1.7 143148 187932 442232
 1.7 143148 187932 442232
 1.7 143148 187932 442232
 1.7 143148 187932 442232
 1.7 143148 187932 442232
 1.7 143148 187932 442232
 1.7 143148 187932 442232
 1.7 143148 187932 442232
 1.7 143148 187932 442232
 1.7 143148 187932 442232
 1.7 143148 187932 442232
 1.7 143148 187932 442232
 1.7 143148 187932 442232
 1.7 143148 187932 442232
 1.7 143148 187932 442232
 1.7 143148 187932 442232
 1.7 143148 187932 442232
 1.7 143148 187932 442232
 1.7 143148 187932 442232
 1.7 143148 187932 442232
 1.7 143148 187932 442232
 1.7 143148 187932 442232
 1.7 143676 188592 442892
 1.8 145788 190572 444872
 1.8 147636 192420 446720
 1.8 149748 194532 448832
 1.8 151596 196512 450812
 1.9 153708 198492 452792
 1.9 155556 200340 454640
 1.9 157668 202320 456620
 1.9 159516 204432 458732
 2.0 161628 206412 460712
 2.0 163476 208392 462692
 2.0 165588 210372 464672
 2.0 167436 212352 466652
 2.1 169548 214332 468632
 2.1 171396 216312 470612
 2.1 173508 218292 472592
 2.1 175356 220272 474572
 2.2 177468 222252 476552
 2.2 179580 224232 478532
 2.2 181428 226344 480644
 2.2 183540 228192 482492
 2.3 185388 230172 484472
 2.3 187500 232152 486452
 2.3 189348 234132 488432
 2.3 191196 236112 490412
 2.4 193308 238092 492392
 2.4 195420 240204 494504
 2.4 197268 242184 496484
 2.4 199380 244164 498464
 2.5 201228 246144 500444
 2.5 203340 247992 502292
 2.5 205188 250104 504404
 2.5 207300 252084 506384
 2.6 209412 254064 508364
 2.6 211260 256044 510344
 2.6 213372 258156 512456
 2.6 215220 260136 514436
 2.7 217332 262116 516416
 2.7 217596 262512 516812
 2.7 217596 262548 516812
 2.7 217596 262556 516812
 2.7 217596 262560 516812
 2.7 217596 262568 516812
 2.7 217596 262576 516812
 2.7 217856 262908 516812
 2.7 217856 262968 516812
 2.7 220492 265384 516812
 2.7 222868 267816 516812
 2.8 225244 270160 516812
 2.8 227356 272268 516812
 2.8 227620 272552 516812
 2.8 228676 273520 516812
 2.8 230524 275240 516812
 2.9 232372 277208 516812
 2.9 233956 278888 516812
 2.9 234748 279536 516812
 2.9 235012 279864 516812
 2.9 235012 279864 516812
 2.9 235012 279864 516812
 2.9 235012 279864 516812
 2.9 235012 279864 516812
 2.9 235012 279864 516812
 2.9 235012 279864 516812
 2.9 235012 279864 516812
 2.9 235012 279864 516812
 2.9 235012 279864 516812
 2.9 235012 279864 516812
 2.9 235012 279864 516812
 2.9 235012 279864 516812
 2.9 235012 279864 516812
 2.9 235012 279864 516812
 2.9 235012 279864 516812
 2.9 235012 279864 516812
 2.9 235012 279864 516812
 2.9 235012 279864 516812
 2.9 235012 279864 516812
 2.9 235012 279864 516812
 2.9 235012 279864 516812
 2.9 235012 279864 516812
 2.9 235012 279864 516812
 2.9 235012 279864 516812
 2.9 235012 279864 516812
 2.9 235012 279864 516812
 2.9 235012 279864 516812
 2.9 235012 279864 516812
 2.9 235012 279864 516812
 2.9 235012 279864 516812
 2.9 235012 279864 516812
 2.9 235012 279864 516812
 2.9 235012 279864 516812
 2.9 235012 279864 516812
 2.9 235012 279864 516812
 2.9 235012 279864 516812
 2.9 235012 279864 516812
 2.9 235012 279864 516812
 2.9 235012 279864 516812
 2.9 235012 279864 516812
 2.9 235012 279864 516812
 2.9 235012 279864 516812
 2.9 235012 279864 516812
 2.9 235012 279864 516812
 2.9 235012 279864 516812
 2.9 235012 279864 516812
 2.9 235012 279864 516812
 2.9 235012 279864 516812
 2.9 235012 279864 516812
 2.9 235012 279864 516812
 2.9 235012 279864 516812
 2.9 235012 279864 516812
 2.9 235012 279864 516812
 2.9 235012 279864 516812
 2.9 235012 279864 516812
 2.9 235012 279864 516812
 2.9 235012 279864 516812
 2.9 235012 279864 516812
 2.9 235012 279864 516812
 2.9 235012 279864 516812
 2.9 235012 279864 516812
 2.9 235012 279864 516812
 2.9 235012 279864 516812
 2.9 235012 279864 516812
 2.9 235012 279864 516812
 2.9 235012 279864 516812
 2.9 235012 279864 516812
 2.9 235012 279864 516812
 2.9 235012 279864 516812
 2.9 235012 279864 516812
 2.9 235012 279864 516812
 2.9 235012 279864 516812
 2.9 235012 279864 516812
 2.9 235012 279864 516812
 2.9 235012 279908 516812
 2.9 235012 279948 516812
 2.9 235012 279984 516812
 2.9 235012 280000 516812
 2.9 235012 280000 516812
 2.9 235012 280032 516812
 2.9 235540 280440 516812
 2.9 237652 282408 516812
 2.9 238180 282912 516812
 2.9 238180 282912 516812
 3.0 240028 284972 516812
 3.0 241084 286012 516812
 3.0 242668 287636 516812
 3.0 245044 289948 516812
 3.0 246892 291636 516812
 3.0 246892 291636 516812
 3.0 247420 292436 516812
 3.1 249268 294192 516812
 3.1 250852 295940 516812
 3.1 252964 297848 516812
 3.1 253228 298160 516812
 3.1 253228 298160 516812
 3.1 253228 298160 516812
 3.1 253228 298160 516812
 3.1 253228 298160 516812
 3.1 253228 298160 516812
 3.1 253228 298160 516812
 3.1 253228 298160 516812
 3.1 253228 298160 516812
 3.1 253228 298160 516812
 3.1 253228 298160 516812
 3.1 253228 298160 516812
 3.1 253228 298160 516812
 3.1 253228 298160 516812
 3.1 253228 298160 516812
 3.1 253228 298160 516812
 3.1 253228 298160 516812
 3.1 253228 298160 516812
 3.1 253228 298160 516812
 3.1 253228 298160 516812
 3.1 253228 298160 516812
 3.1 253228 298160 516812
 3.1 253228 298160 516812
 3.1 253228 298160 516812
 3.1 253228 298160 516812
 3.1 253228 298160 516812
 3.1 253228 298160 516812
 3.1 253228 298160 516812
 3.1 253228 298160 516812
 3.1 253228 298160 516812
 3.1 253228 298160 516812
 3.1 253228 298160 516812
 3.1 253228 298160 516812
 3.1 253228 298160 516812
 3.1 253228 298160 516812
 3.1 253228 298160 516812
 3.1 253228 298160 516812
 3.1 253228 298160 516812
 3.1 253228 298160 516812
 3.1 253228 298160 516812
 3.1 253228 298160 516812
 3.1 253228 298160 516812
 3.1 253228 298160 516812
 3.1 253228 298160 516812
 3.1 253228 298160 516812
 3.1 253228 298160 516812
 3.1 253228 298160 516812
 3.1 253228 298160 516812
 3.1 253228 298160 516812
 3.1 253228 298160 516812
 3.1 253228 298160 516812
 3.1 253228 298160 516812
 3.1 253228 298160 516812
 3.1 253228 298160 516812
 3.1 253228 298160 516812
 3.1 253228 298160 516812
 3.1 253228 298160 516812
 3.1 253228 298160 516812
 3.1 253228 298160 516812
 3.1 253228 298160 516812
 3.1 253228 298160 516812
 3.1 253228 298160 516812
 3.1 253228 298160 516812
 3.1 253228 298160 516812
 3.1 253228 298160 516812
 3.1 253228 298160 516812
 3.1 253228 298160 516812
 3.1 253228 298160 516812
 3.1 253228 298160 516812
 3.1 253228 298160 516812
 3.1 253228 298160 516812
 3.1 253228 298160 516812
 3.1 253228 298160 516812
 3.1 253228 298160 516812
 3.1 253228 298160 516812
 3.1 253228 298160 516812
 3.1 253228 298204 516812
 3.1 253228 298244 516812
 3.1 253228 298288 516812
 3.1 253228 298292 516812
 3.1 254284 299300 516812
 3.1 254812 299600 516812
 3.1 254812 299600 516812
 3.2 256396 301224 516812
 3.2 257452 302292 516812
 3.2 258772 303828 516812
 3.2 260356 305180 516812
 3.2 261940 306728 516812
 3.2 261940 306728 516812
 3.2 263260 308196 516812
 3.3 264580 309516 516812
 3.3 266692 311656 516812
 3.3 268276 313148 516812
 3.3 269068 313876 516812
 3.3 269860 314776 516812
 3.3 271180 316116 516812
 3.3 271684 316420 516764
 3.3 271684 316420 516764
 3.3 271684 316420 516764
 3.3 271684 316420 516764
 3.3 271684 316420 516764
 3.3 271684 316420 516764
 3.3 271684 316420 516764
 3.3 271684 316420 516764
 3.3 271684 316420 516764
 3.3 271684 316420 516764
 3.3 271684 316420 516764
 3.3 271684 316420 516764
 3.3 271684 316420 516764
 3.3 271684 316420 516764
 3.3 271684 316420 516764
 3.3 271684 316420 516764
 3.3 271684 316420 516764
 3.3 271684 316420 516764
 3.3 271684 316420 516764
 3.3 271684 316420 516764
 3.3 271684 316420 516764
 3.3 271684 316420 516764
 3.3 271684 316420 516764
 3.3 271684 316420 516764
 3.3 271684 316420 516764
 3.3 271684 316420 516764
 3.3 271684 316420 516764
 3.3 271684 316420 516764
 3.3 271684 316420 516764
 3.3 271684 316420 516764
 3.3 271684 316420 516764
 3.3 271684 316420 516764
 3.3 271684 316420 516764
 3.3 271684 316420 516764
 3.3 271684 316420 516764
 3.3 271684 316420 516764
 3.3 271684 316420 516764
 3.3 271684 316420 516764
 3.3 271684 316420 516764
 3.3 271684 316420 516764
 3.3 271684 316420 516764
 3.3 271684 316420 516764
 3.3 271684 316420 516764
 3.3 271684 316420 516764
 3.3 271684 316420 516764
 3.3 271684 316420 516764
 3.3 271684 316420 516764
 3.3 271684 316420 516764
 3.3 271684 316420 516764
 3.3 271684 316420 516764
 3.3 271684 316420 516764
 3.3 271684 316420 516764
 3.3 271684 316420 516764
 3.3 271684 316420 516764
 3.3 271684 316420 516764
 3.3 271684 316420 516764
 3.3 271684 316420 516764
 3.3 271684 316420 516764
 3.3 271684 316420 516764
 3.3 271684 316420 516764
 3.3 271684 316420 516764
 3.3 271684 316420 516764
 3.3 271684 316420 516764
 3.3 271684 316420 516764
 3.3 271684 316420 516764
 3.3 271684 316420 516764
 3.3 271684 316420 516764
 3.3 271748 316420 516764
 3.3 271748 316420 516764
 3.3 271748 316420 516764
 3.3 271748 316420 516764
 3.3 271748 316420 516764
 3.3 271748 316420 516764
 3.3 271748 316420 516764
 3.3 271748 316420 516764
 3.3 271748 316420 516764
 3.3 271748 316420 516764
 3.3 271748 316420 516764
 3.3 271748 316420 516764
 3.3 271748 316420 516764
 3.3 271748 316420 516764
 3.3 271748 316420 516764
 3.3 271748 316420 516764
 3.3 271748 316420 516764
 3.3 271748 316420 516764
 3.3 271748 316420 516764
 3.3 271748 316420 516764
 3.3 271748 316420 516764
 3.3 271748 316420 516764
 3.3 271748 316420 516764
 3.3 271748 316420 516764
 3.3 271748 316420 516764
 3.3 271748 316420 516764
 3.4 272540 317304 516764
 3.4 272540 317304 516764
 3.4 272540 317304 516764
 3.4 272540 317304 516764
 3.4 272540 317304 516764
 3.4 272540 317304 516764
 3.4 272540 317304 516764
 3.4 272540 317304 516764
 3.4 272540 317304 516764
 3.4 272432 300920 500372
 3.4 272432 300920 500372
 2.9 234448 264508 463960
