coretemp-isa-0000
Adapter: ISA adapter
Package id 0:  +62.0°C  (high = +100.0°C, crit = +100.0°C)
Core 0:        +62.0°C  (high = +100.0°C, crit = +100.0°C)
Core 1:        +61.0°C  (high = +100.0°C, crit = +100.0°C)
Core 2:        +62.0°C  (high = +100.0°C, crit = +100.0°C)
Core 3:        +61.0°C  (high = +100.0°C, crit = +100.0°C)

pch_cannonlake-virtual-0
Adapter: Virtual device
temp1:        +57.0°C  

BAT0-acpi-0
Adapter: ACPI interface
in0:          12.60 V  
curr1:       1000.00 uA 

dell_smm-virtual-0
Adapter: Virtual device
fan1:        3243 RPM

radeon-pci-0100
Adapter: PCI adapter
temp1:            N/A  (crit = +120.0°C, hyst = +90.0°C)

acpitz-acpi-0
Adapter: ACPI interface
temp1:        +25.0°C  (crit = +107.0°C)

%CPU %MEM     ELAPSED
 0.9 72956 102792 113792
 1.0 81148 102792 113792
 1.0 81148 102792 113792
 1.0 81148 102792 113792
 1.0 81148 102792 113792
 1.0 81148 102792 113792
 1.0 81148 102792 113792
 1.0 81148 102792 113792
 1.0 83196 102792 113792
 1.0 85244 102792 113792
 1.0 85244 102792 113792
 1.0 85244 102792 113792
 1.0 85244 102792 113792
 1.0 85244 102792 113792
 1.0 85244 102792 113792
 1.0 85244 102792 113792
 1.0 85244 102792 113792
 1.0 87292 102792 113792
 1.0 87292 102792 113792
 1.1 89340 102792 113792
 1.1 89340 102792 113792
 1.1 91548 102792 113792
 1.1 91548 102792 113792
 1.1 91548 102792 113792
 1.1 91548 102792 113792
 1.1 91548 102792 113792
 1.1 91548 102792 113792
 1.1 91548 102792 113792
 1.1 91548 102792 113792
 1.1 91548 102792 113792
 1.1 91548 102792 113792
 1.1 91548 102792 113792
 1.1 91548 102792 113792
 1.1 91548 102792 113792
 1.1 91548 102792 113792
 1.1 91548 102792 113792
 1.1 91548 102792 113792
 1.1 91548 102792 113792
 1.1 93596 102792 113792
 1.1 93596 102792 113792
 1.1 93596 102792 113792
 1.1 93596 102792 113792
 1.1 95644 102792 113792
 1.1 95644 102792 113792
 1.1 95644 102792 113792
 1.1 95644 102792 113792
 1.2 97692 102792 113792
 1.2 99740 102792 113792
 1.2 99740 102792 113792
 1.2 99740 102792 113792
 1.2 99740 102792 113792
 1.2 99740 102792 113792
 1.2 99740 102792 113792
 1.2 99740 102792 113792
 1.2 99740 102792 113792
 1.2 101788 102792 113792
 1.2 101788 102792 113792
 1.2 103836 102792 113792
 1.2 103836 102792 113792
 1.2 103836 102792 113792
 1.2 103836 102792 113792
 1.3 105884 102792 113792
 1.3 105884 102792 113792
 1.3 105884 102792 113792
 1.3 105884 102792 113792
 1.3 105884 102792 113792
 1.3 105884 102792 113792
 1.3 105884 102792 113792
 1.3 105884 102792 113792
 1.3 105884 102792 113792
 1.3 105884 102792 113792
 1.3 105884 102792 113792
 1.3 105884 102792 113792
 1.3 105884 102792 113792
 1.3 105884 102792 113792
 1.3 105884 102792 113792
 1.3 105884 102792 113792
 1.3 105884 102792 113792
 1.3 105884 102792 113792
 1.3 105884 102792 113792
 1.3 105884 102792 113792
 1.3 105884 102792 113792
 1.3 105884 102792 113792
 1.3 105884 102792 113792
 1.3 105884 102792 113792
 1.3 105884 102792 113792
 1.3 105884 102792 113792
 1.3 105884 102792 113792
 1.3 105884 102792 113792
 1.3 105884 102792 113792
 1.3 105884 102792 113792
 1.3 105884 102792 113792
 1.3 105884 102792 113792
 1.3 105884 102792 113792
 1.3 105884 102792 113792
 1.3 105884 102792 113792
 1.3 105884 102792 113792
 1.3 105884 102792 113792
 1.3 105884 102792 113792
 1.3 105884 102792 113792
 1.3 105884 102792 113792
 1.3 105884 102792 113792
 1.3 105884 102792 113792
 1.3 105884 102792 113792
 1.3 105884 102792 113792
 1.3 105884 102792 113792
 1.3 105884 102792 113792
 1.3 105884 102792 113792
 1.3 105884 102792 113792
 1.3 105884 102792 113792
 1.3 105884 102792 113792
 1.3 105884 102792 113792
 1.3 105884 102792 113792
 1.3 105884 102792 113792
 1.3 105884 102792 113792
 1.3 105884 102792 113792
 1.3 105884 102792 113792
 1.3 105884 102792 113792
 1.3 105884 102792 113792
 1.3 105884 102792 113792
 1.3 105884 102792 113792
 1.3 105884 102792 113792
 1.3 105884 102792 113792
 1.3 105884 102792 113792
 1.3 105884 102792 113792
 1.3 105884 102792 113792
 1.3 105884 102792 113792
 1.3 105884 102792 113792
 1.3 105884 102792 113792
 1.3 105884 102792 113792
 1.3 105884 102792 113792
 1.3 105884 102792 113792
 1.3 105884 102792 113792
 1.3 105884 102792 113792
 1.3 105884 102792 113792
 1.3 105884 102792 113792
 1.3 105884 102792 113792
 1.3 105884 102792 113792
 1.3 105884 102792 113792
 1.3 105884 102792 113792
 1.3 105884 102792 113792
 1.3 105884 102792 113792
 1.3 105884 102792 113792
 1.3 105884 102792 113792
 1.3 105884 102792 113792
 1.3 105884 102792 113792
 1.3 105884 102792 113792
 1.3 105884 102792 113792
 1.3 105884 102792 113792
 1.3 105884 102792 113792
 1.3 105884 102792 113792
 1.3 105884 102792 113792
 1.3 105884 102792 113792
 1.3 105884 102792 113792
 1.3 105884 102792 113792
 1.3 105884 102792 113792
 1.3 105884 102792 113792
 1.3 105884 102792 113792
 1.3 105884 102792 113792
 1.3 105884 102792 113792
 1.3 105884 102792 113792
 1.3 105884 102792 113792
 1.3 105884 102792 113792
 1.3 105884 102792 113792
 1.3 105884 102792 113792
 1.3 105884 102792 113792
 1.3 105884 102792 113792
 1.3 105884 102792 113792
 1.3 105884 102792 113792
 1.3 105884 102792 113792
 1.3 105884 102792 113792
 1.3 105884 102792 113792
 1.3 105884 102792 113792
 1.3 105884 102792 113792
 1.3 105884 102792 113792
 1.3 105884 102792 113792
 1.3 105884 102792 113792
 1.3 105884 102792 113792
 1.3 105884 102792 113792
 1.3 105884 102792 113792
 1.3 105884 102792 113792
 1.3 105884 102792 113792
 1.3 105884 102792 113792
 1.3 105884 102792 113792
 1.3 105884 102792 113792
 1.3 105884 102792 113792
 1.3 105884 102792 113792
 1.3 105884 102792 113792
 1.3 105884 102792 113792
 1.3 105884 102792 113792
 1.3 105884 102792 113792
 1.3 105884 102792 113792
 1.3 105884 102792 113792
 1.3 105884 102792 113792
 1.3 105884 102792 113792
 1.3 105884 102792 113792
 1.3 105884 102792 113792
 1.3 105884 102792 113792
 1.3 105884 102792 113792
 1.3 105884 102792 113792
 1.3 105884 102792 113792
 1.3 105884 102792 113792
 1.3 105884 102792 113792
 1.3 105884 102792 113792
 1.3 105884 102792 113792
 1.3 105884 102792 113792
 1.3 105884 102792 113792
 1.3 105884 102792 113792
 1.3 105884 102792 113792
 1.3 105884 102792 113792
 1.3 105884 102792 113792
 1.3 105884 102792 113792
 1.3 105884 102792 113792
 1.3 105884 102792 113792
 1.3 105884 102792 113792
 1.3 105884 102792 113792
 1.3 105884 102792 113792
 1.3 105884 102792 113792
 1.3 105884 102792 113792
 1.3 105884 102792 113792
 1.3 105884 102792 113792
 1.3 105884 102792 113792
 1.3 105884 102792 113792
 1.3 105884 102792 113792
 1.3 105884 102792 113792
 1.3 105884 102792 113792
 1.3 105884 102792 113792
 1.3 105884 102792 113792
 1.3 105884 102792 113792
 1.3 105884 102792 113792
 1.3 105884 102792 113792
 1.3 105884 102792 113792
 1.3 105884 102792 113792
 1.3 105884 102792 113792
 1.3 105884 102792 113792
 1.3 105884 102792 113792
 1.3 105884 102792 113792
 1.3 105884 102792 113792
 1.3 105884 102792 113792
 1.3 105884 102792 113792
 1.3 105884 102792 113792
 1.3 105884 102792 113792
 1.3 105884 102792 113792
 1.3 105884 102792 113792
 1.3 105884 102792 113792
 1.3 105884 102792 113792
 1.3 105884 102792 113792
 1.3 105884 102792 113792
 1.3 105884 102792 113792
 1.3 105884 102792 113792
 1.3 105884 102792 113792
 1.3 105884 102792 113792
 1.3 105884 102792 113792
 1.3 105884 102792 113792
 1.3 105884 102792 113792
 1.3 105884 102792 113792
 1.3 105884 102792 113792
 1.3 105884 102792 113792
 1.3 105884 102792 113792
 1.3 105884 102792 113792
 1.3 105884 102792 113792
 1.3 105884 102792 113792
 1.3 105884 102792 113792
 1.3 105884 102792 113792
 1.3 105884 102792 113792
 1.3 105884 102792 113792
 1.3 105884 102792 113792
 1.3 105884 102792 113792
 1.3 105884 102792 113792
 1.3 105884 102792 113792
 1.3 105884 102792 113792
 1.3 105884 102792 113792
 1.3 105884 102792 113792
 1.3 105884 102792 113792
 1.3 105884 102792 113792
 1.3 105884 102792 113792
 1.3 105884 102792 113792
 1.3 105884 102792 113792
 1.3 105884 102792 113792
 1.3 105884 102792 113792
 1.3 105884 102792 113792
 1.3 105884 102792 113792
 1.3 105884 102792 113792
 1.3 105884 102792 113792
 1.3 105884 102792 113792
 1.3 105884 102792 113792
 1.3 105884 102792 113792
 1.3 105884 102792 113792
 1.3 105884 102792 113792
 1.3 105884 102792 113792
 1.3 105884 102792 113792
 1.3 105884 102792 113792
 1.3 105884 102792 113792
 1.3 105884 102792 113792
 1.3 105884 102792 113792
 1.3 105884 102792 113792
 1.3 105884 102792 113792
 1.3 105884 102792 113792
 1.3 105884 102792 113792
 1.3 105884 102792 113792
 1.3 105884 102792 113792
 1.3 105884 102792 113792
 1.3 105884 102792 113792
 1.3 105884 102792 113792
 1.3 105884 102792 113792
 1.3 105884 102792 113792
 1.3 105884 102792 113792
 1.3 105884 102792 113792
 1.3 105884 102792 113792
 1.3 105884 102792 113792
 1.3 105884 102792 113792
 1.3 105884 102792 113792
 1.3 105884 102792 113792
 1.3 105884 102792 113792
 1.3 105884 102792 113792
 1.3 105884 102792 113792
 1.3 105884 102792 113792
 1.3 105884 102792 113792
 1.3 105884 102792 113792
 1.3 105884 102792 113792
 1.3 105884 102792 113792
 1.3 105884 102792 113792
 1.3 105884 102792 113792
 1.3 105884 102792 113792
 1.3 105884 102792 113792
 1.3 105884 102792 113792
 1.3 105884 102792 113792
 1.3 105884 102792 113792
 1.3 105884 102792 113792
 1.3 105884 102792 113792
 1.3 105884 102792 113792
 1.3 105884 102792 113792
 1.3 105884 102792 113792
 1.3 105884 102792 113792
 1.3 105884 102792 113792
 1.3 105884 102792 113792
 1.3 105884 102792 113792
 1.3 105884 102792 113792
 1.3 105884 102792 113792
 1.3 105884 102792 113792
 1.3 105884 102792 113792
 1.3 105884 102792 113792
 1.3 105884 102792 113792
 1.3 105884 102792 113792
 1.3 105884 102792 113792
 1.3 105884 102792 113792
 1.3 105884 102792 113792
 1.3 105884 102792 113792
 1.3 105884 102792 113792
 1.3 105884 102792 113792
 1.3 105884 102792 113792
 1.3 105884 102792 113792
 1.3 105884 102792 113792
 1.3 105884 102792 113792
 1.3 105884 102792 113792
 1.3 105884 102792 113792
 1.3 105884 102792 113792
 1.3 105884 102792 113792
 1.3 105884 102792 113792
 1.3 105884 102792 113792
 1.3 105884 102792 113792
 1.3 105884 102792 113792
 1.3 105884 102792 113792
 1.3 105884 102792 113792
 1.3 105884 102792 113792
 1.3 105884 102792 113792
 1.3 105884 102792 113792
 1.3 105884 102792 113792
 1.3 105884 102792 113792
 1.3 105884 102792 113792
 1.3 105884 102792 113792
 1.3 105884 102792 113792
 1.3 105884 102792 113792
 1.3 105884 102792 113792
 1.3 105884 102792 113792
 1.3 105884 102792 113792
 1.3 105884 102792 113792
 1.3 105884 102792 113792
 1.3 105884 102792 113792
 1.3 105884 102792 113792
 1.3 105884 102792 113792
 1.3 105884 102792 113792
 1.3 105884 102792 113792
 1.3 105884 102792 113792
 1.3 105884 102792 113792
 1.3 105884 102792 113792
 1.3 105884 102792 113792
 1.3 105884 102792 113792
 1.3 105884 102792 113792
 1.3 105884 102792 113792
 1.3 105884 102792 113792
 1.3 105884 102792 113792
 1.3 105884 102792 113792
 1.3 105884 102792 113792
 1.3 105884 102792 113792
 1.3 105884 102792 113792
 1.3 105884 102792 113792
 1.3 105884 102792 113792
 1.3 105884 102792 113792
 1.3 105884 102792 113792
 1.3 105884 102792 113792
 1.3 105884 102792 113792
 1.3 105884 102792 113792
 1.3 105884 102792 113792
 1.3 105884 102792 113792
 1.3 105884 102792 113792
 1.3 105884 102792 113792
 1.3 105884 102792 113792
 1.3 105884 102792 113792
 1.3 105884 102792 113792
 1.3 105884 102792 113792
 1.3 105884 102792 113792
 1.3 105884 102792 113792
 1.3 105884 102792 113792
 1.3 105884 102792 113792
 1.3 105884 102792 113792
 1.3 105884 102792 113792
 1.3 105884 102792 113792
 1.3 105884 102792 113792
 1.3 105884 102792 113792
 1.3 105884 102792 113792
 1.3 105884 102792 113792
 1.3 105884 102792 113792
 1.3 105884 102792 113792
 1.3 105884 102792 113792
 1.3 105884 102792 113792
 1.3 105884 102792 113792
 1.3 105884 102792 113792
 1.3 105884 102792 113792
 1.3 105884 102792 113792
 1.3 105884 102792 113792
 1.3 105884 102792 113792
 1.3 105884 102792 113792
 1.3 105884 102792 113792
 1.3 105884 102792 113792
 1.3 105884 102792 113792
 1.3 105884 102792 113792
 1.3 105884 102792 113792
 1.3 105884 102792 113792
 1.3 105884 102792 113792
 1.3 105884 102792 113792
 1.3 105884 102792 113792
 1.3 105884 102792 113792
 1.3 105884 102792 113792
 1.3 105884 102792 113792
 1.3 105884 102792 113792
 1.3 105884 102792 113792
 1.3 105884 102792 113792
 1.3 105884 102792 113792
 1.3 105884 102792 113792
 1.3 105884 102792 113792
 1.3 105884 102792 113792
 1.3 105884 102792 113792
 1.3 105884 102792 113792
 1.3 105884 102792 113792
 1.3 105884 102792 113792
 1.3 105884 102792 113792
 1.3 105884 102792 113792
 1.3 105884 102792 113792
 1.3 105884 102792 113792
 1.3 105884 102792 113792
 1.3 105884 102792 113792
 1.3 105884 102792 113792
 1.3 105884 102792 113792
 1.3 105884 102792 113792
 1.3 105884 102792 113792
 1.3 105884 102792 113792
 1.3 105884 102792 113792
 1.3 105884 102792 113792
 1.3 105884 102792 113792
 1.3 105884 102792 113792
 1.3 105884 102792 113792
 1.3 105884 102792 113792
 1.3 105884 102792 113792
 1.3 105884 102792 113792
 1.3 105884 102792 113792
 1.3 105884 102792 113792
 1.3 105884 102792 113792
 1.3 105884 102792 113792
 1.3 105884 102792 113792
 1.3 105884 102792 113792
 1.3 105884 102792 113792
 1.3 105884 102792 113792
 1.3 105884 102792 113792
 1.3 105884 102792 113792
 1.3 105884 102792 113792
 1.3 105884 102792 113792
 1.3 105884 102792 113792
 1.3 105884 102792 113792
 1.3 105884 102792 113792
 1.3 105884 102792 113792
 1.3 105884 102792 113792
 1.3 105884 102792 113792
 1.3 105884 102792 113792
 1.3 105884 102792 113792
 1.3 105884 102792 113792
 1.3 105884 102792 113792
 1.3 105884 102792 113792
 1.3 105884 102792 113792
 1.3 105884 102792 113792
 1.3 105884 102792 113792
 1.3 105884 102792 113792
 1.3 105884 102792 113792
 1.3 105884 102792 113792
 1.3 105884 102792 113792
 1.3 105884 102792 113792
 1.3 105884 102792 113792
 1.3 105884 102792 113792
 1.3 105884 102792 113792
 1.3 105884 102792 113792
 1.3 105884 102792 113792
 1.3 105884 102792 113792
 1.3 105884 102792 113792
 1.3 105884 102792 113792
 1.3 105884 102792 113792
 1.3 105884 102792 113792
 1.3 105884 102792 113792
 1.3 105884 102792 113792
 1.3 105884 102792 113792
 1.3 105884 102792 113792
 1.3 105884 102792 113792
 1.3 105884 102792 113792
 1.3 105884 102792 113792
 1.3 105884 102792 113792
 1.3 105884 102792 113792
 1.3 105884 102792 113792
 1.3 105884 102792 113792
 1.3 105884 102792 113792
 1.3 105884 102792 113792
 1.3 105884 102792 113792
 1.3 105884 102792 113792
 1.3 105884 102792 113792
 1.3 105884 102792 113792
 1.3 105884 102792 113792
 1.3 105884 102792 113792
 1.3 105884 102792 113792
 1.3 105884 102792 113792
 1.3 105884 102792 113792
 1.3 105884 102792 113792
 1.3 105884 102792 113792
 1.3 105884 102792 113792
 1.3 105884 102792 113792
 1.3 105884 102792 113792
 1.3 105884 102792 113792
 1.3 105884 102792 113792
 1.3 105884 102792 113792
 1.3 105884 102792 113792
 1.3 105884 102792 113792
 1.3 105884 102792 113792
 1.3 105884 102792 113792
 1.3 105884 102792 113792
 1.3 105884 102792 113792
 1.3 105884 102792 113792
 1.3 105884 102792 113792
 1.3 105884 102792 113792
 1.3 105884 102792 113792
 1.3 105884 102792 113792
 1.3 105884 102792 113792
 1.3 105884 102792 113792
 1.3 105884 102792 113792
 1.3 105884 102792 113792
 1.3 105884 102792 113792
 1.3 105884 102792 113792
 1.3 105884 102792 113792
 1.3 105884 102792 113792
 1.3 105884 102792 113792
 1.3 105884 102792 113792
 1.3 105884 102792 113792
 1.3 105884 102792 113792
 1.3 105884 102792 113792
 1.3 105884 102792 113792
 1.3 105884 102792 113792
 1.3 105884 102792 113792
 1.3 105884 102792 113792
 1.3 105884 102792 113792
 1.3 105884 102792 113792
 1.3 105884 102792 113792
 1.3 105884 102792 113792
 1.3 105884 102792 113792
 1.3 105884 102792 113792
 1.3 105884 102792 113792
 1.3 105884 102792 113792
 1.3 105884 102792 113792
 1.3 105884 102792 113792
 1.3 105884 102792 113792
 1.3 105884 102792 113792
 1.3 105884 102792 113792
 1.3 105884 102792 113792
 1.3 105884 102792 113792
 1.3 105884 102792 113792
 1.3 105884 102792 113792
 1.3 105884 102792 113792
 1.3 105884 102792 113792
 1.3 105884 102792 113792
 1.3 105884 102792 113792
 1.3 105884 102792 113792
 1.3 105884 102792 113792
 1.3 105884 102792 113792
 1.3 105884 102792 113792
 1.3 105884 102792 113792
 1.3 105884 102792 113792
 1.3 105884 102792 113792
 1.3 105884 102792 113792
 1.3 105884 102792 113792
 1.3 105884 102792 113792
 1.3 105884 102792 113792
 1.3 105884 102792 113792
 1.3 105884 102792 113792
 1.3 105884 102792 113792
 1.3 105884 102792 113792
 1.3 105884 102792 113792
 1.3 105884 102792 113792
 1.3 105884 102792 113792
 1.3 105884 102792 113792
 1.3 105884 102792 113792
 1.3 105884 102792 113792
 1.3 105884 102792 113792
 1.3 105884 102792 113792
 1.3 105884 102792 113792
 1.3 105884 102792 113792
 1.3 105884 102792 113792
 1.3 105884 102792 113792
 1.3 105884 102792 113792
 1.3 105884 102792 113792
 1.3 105884 102792 113792
 1.3 105884 102792 113792
 1.3 105884 102792 113792
 1.3 105884 102792 113792
 1.3 105884 102792 113792
 1.3 105884 102792 113792
 1.3 105884 102792 113792
 1.3 105884 102792 113792
 1.3 105884 102792 113792
 1.3 105884 102792 113792
 1.3 105884 102792 113792
 1.3 105884 102792 113792
 1.3 105884 102792 113792
 1.3 105884 102792 113792
 1.3 105884 102792 113792
 1.3 105884 102792 113792
 1.3 105884 102792 113792
 1.3 105884 102792 113792
 1.3 105884 102792 113792
 1.3 105884 102792 113792
 1.3 105884 102792 113792
 1.3 105884 102792 113792
 1.3 105884 102792 113792
 1.3 105884 102792 113792
 1.3 105884 102792 113792
 1.3 105884 102792 113792
 1.3 105884 102792 113792
 1.3 105884 102792 113792
 1.3 105884 102792 113792
 1.3 105884 102792 113792
 1.3 105884 102792 113792
 1.3 105884 102792 113792
 1.3 105884 102792 113792
 1.3 105884 102792 113792
 1.3 105884 102792 113792
 1.3 105884 102792 113792
 1.3 105884 102792 113792
 1.3 105884 102792 113792
 1.3 105884 102792 113792
 1.3 105884 102792 113792
 1.3 105884 102792 113792
 1.3 105884 102792 113792
 1.3 105884 102792 113792
 1.3 105884 102792 113792
 1.3 105884 102792 113792
 1.3 105884 102792 113792
 1.3 105884 102792 113792
 1.3 105884 102792 113792
 1.3 105884 102792 113792
 1.3 105884 102792 113792
 1.3 105884 102792 113792
 1.3 105884 102792 113792
 1.3 105884 102792 113792
 1.3 105884 102792 113792
 1.3 105884 102792 113792
 1.3 105884 102792 113792
 1.3 105884 102792 113792
 1.3 105884 102792 113792
 1.3 105884 102792 113792
 1.3 105884 102792 113792
 1.3 105884 102792 113792
 1.3 105884 102792 113792
 1.3 105884 102792 113792
 1.3 105884 102792 113792
 1.3 105884 102792 113792
 1.3 105884 102792 113792
 1.3 105884 102792 113792
 1.3 105884 102792 113792
 1.3 105884 102792 113792
 1.3 105884 102792 113792
 1.3 105884 102792 113792
 1.3 105884 102792 113792
 1.3 105884 102792 113792
 1.3 105884 102792 113792
 1.3 105884 102792 113792
 1.3 105884 102792 113792
 1.3 105884 102792 113792
 1.3 105884 102792 113792
 1.3 105884 102792 113792
 1.3 105884 102792 113792
 1.3 105884 102792 113792
 1.3 105884 102792 113792
 1.3 105884 102792 113792
 1.3 105884 102792 113792
 1.3 105884 102792 113792
 1.3 105884 102792 113792
 1.3 105884 102792 113792
 1.3 105884 102792 113792
 1.3 105884 102792 113792
 1.3 105884 102792 113792
 1.3 105884 102792 113792
 1.3 105884 102792 113792
 1.3 105884 102792 113792
 1.3 105884 102792 113792
 1.3 105884 102792 113792
 1.3 105884 102792 113792
 1.3 105884 102792 113792
 1.3 105884 102792 113792
 1.3 105884 102792 113792
 1.3 105884 102792 113792
 1.3 105884 102792 113792
 1.3 105884 102792 113792
 1.3 105884 102792 113792
 1.3 105884 102792 113792
 1.3 105884 102792 113792
 1.3 105884 102792 113792
 1.3 105884 102792 113792
 1.3 105884 102792 113792
 1.3 105884 102792 113792
 1.3 105884 102792 113792
 1.3 105884 102792 113792
 1.3 105884 102792 113792
 1.3 105884 102792 113792
 1.3 105884 102792 113792
 1.3 105884 102792 113792
 1.3 105884 102792 113792
 1.3 105884 102792 113792
 1.3 105884 102792 113792
 1.3 105884 102792 113792
 1.3 105884 102792 113792
 1.3 105884 102792 113792
 1.3 105884 102792 113792
 1.3 105884 102792 113792
 1.3 105884 102792 113792
 1.3 105884 102792 113792
 1.3 105884 102792 113792
 1.3 105884 102792 113792
 1.3 105884 102792 113792
 1.3 105884 102792 113792
 1.3 105884 102792 113792
 1.3 105884 102792 113792
 1.3 105884 102792 113792
 1.3 105884 102792 113792
 1.3 105884 102792 113792
 1.3 105884 102792 113792
 1.3 105884 102792 113792
 1.3 105884 102792 113792
 1.3 105884 102792 113792
 1.3 105884 102792 113792
 1.3 105884 102792 113792
 1.3 105884 102792 113792
 1.3 105884 102792 113792
 1.3 105884 102792 113792
 1.3 105884 102792 113792
 1.3 105884 102792 113792
 1.3 105884 102792 113792
 1.3 105884 102792 113792
 1.3 105884 102792 113792
 1.3 105884 102792 113792
 1.3 105884 102792 113792
 1.3 105884 102792 113792
 1.3 105884 102792 113792
 1.3 105884 102792 113792
 1.3 105884 102792 113792
 1.3 105884 102792 113792
 1.3 105884 102792 113792
 1.3 105884 102792 113792
 1.3 105884 102792 113792
 1.3 105884 102792 113792
 1.3 105884 102792 113792
 1.3 105884 102792 113792
 1.3 105884 102792 113792
 1.3 105884 102792 113792
 1.3 105884 102792 113792
 1.3 105884 102792 113792
 1.3 105884 102792 113792
 1.3 105884 102792 113792
 1.3 105884 102792 113792
 1.3 105884 102792 113792
 1.3 105884 102792 113792
 1.3 105884 102792 113792
 1.3 105884 102792 113792
 1.3 105884 102792 113792
 1.3 105884 102792 113792
 1.3 105884 102792 113792
 1.3 105884 102792 113792
 1.3 105884 102792 113792
 1.3 105884 102792 113792
 1.3 105884 102792 113792
 1.3 105884 102792 113792
 1.3 105884 102792 113792
 1.3 105884 102792 113792
 1.3 105884 102792 113792
 1.3 105884 102792 113792
 1.3 105884 102792 113792
 1.3 105884 102792 113792
 1.3 105884 102792 113792
 1.3 105884 102792 113792
 1.3 105884 102792 113792
 1.3 105884 102792 113792
 1.3 105884 102792 113792
 1.3 105884 102792 113792
 1.3 105884 102792 113792
 1.3 105884 102792 113792
 1.3 105884 102792 113792
 1.3 105884 102792 113792
 1.3 105884 102792 113792
 1.3 105884 102792 113792
 1.3 105884 102792 113792
 1.3 105884 102792 113792
 1.3 105884 102792 113792
 1.3 105884 102792 113792
 1.3 105884 102792 113792
 1.3 105884 102792 113792
 1.3 105884 102792 113792
 1.3 105884 102792 113792
 1.3 105884 102792 113792
 1.3 105884 102792 113792
 1.3 105884 102792 113792
 1.3 105884 102792 113792
 1.3 105884 102792 113792
 1.3 105884 102792 113792
 1.3 105884 102792 113792
 1.3 105884 102792 113792
 1.3 105884 102792 113792
 1.3 105884 102792 113792
 1.3 105884 102792 113792
 1.3 105884 102792 113792
 1.3 105884 102792 113792
 1.3 105884 102792 113792
 1.3 105884 102792 113792
 1.3 105884 102792 113792
 1.3 105884 102792 113792
 1.3 105884 102792 113792
 1.3 105884 102792 113792
 1.3 105884 102792 113792
 1.3 105884 102792 113792
 1.3 105884 102792 113792
 1.3 105884 102792 113792
 1.3 105884 102792 113792
 1.3 105884 102792 113792
 1.3 105884 102792 113792
 1.3 105884 102792 113792
 1.3 105884 102792 113792
 1.3 105884 102792 113792
 1.3 105884 102792 113792
 1.3 105884 102792 113792
 1.3 105884 102792 113792
 1.3 105884 102792 113792
 1.3 105884 102792 113792
 1.3 105884 102792 113792
 1.3 105884 102792 113792
 1.3 105884 102792 113792
 1.3 105884 102792 113792
 1.3 105884 102792 113792
 1.3 105884 102792 113792
 1.3 105884 102792 113792
 1.3 105884 102792 113792
 1.3 105884 102792 113792
 1.3 105884 102792 113792
 1.3 105884 102792 113792
 1.3 105884 102792 113792
 1.3 105884 102792 113792
 1.3 105884 102792 113792
 1.3 105884 102792 113792
 1.3 105884 102792 113792
 1.3 105884 102792 113792
 1.3 105884 102792 113792
 1.3 105884 102792 113792
 1.3 105884 102792 113792
 1.3 105884 102792 113792
 1.3 105884 102792 113792
 1.3 105884 102792 113792
 1.3 105884 102792 113792
 1.3 105884 102792 113792
 1.3 105884 102792 113792
 1.3 105884 102792 113792
 1.3 105884 102792 113792
 1.3 105884 102792 113792
 1.3 105884 102792 113792
 1.3 105884 102792 113792
 1.3 105884 102792 113792
 1.3 105884 102792 113792
 1.3 105884 102792 113792
 1.3 105884 102792 113792
 1.3 105884 102792 113792
 1.3 105884 102792 113792
 1.3 105884 102792 113792
 1.3 105884 102792 113792
 1.3 105884 102792 113792
 1.3 105884 102792 113792
 1.3 105884 102792 113792
 1.3 105884 102792 113792
 1.3 105884 102792 113792
 1.3 105884 102792 113792
 1.3 105884 102792 113792
 1.3 105884 102792 113792
 1.3 105884 102792 113792
 1.3 105884 102792 113792
 1.3 105884 102792 113792
 1.3 105884 102792 113792
 1.3 105884 102792 113792
 1.3 105884 102792 113792
 1.3 105884 102792 113792
 1.3 105884 102792 113792
 1.3 105884 102792 113792
 1.3 105884 102792 113792
 1.3 105884 102792 113792
 1.3 105884 102792 113792
 1.3 105884 102792 113792
 1.3 105884 102792 113792
 1.3 105884 102792 113792
 1.3 105884 102792 113792
 1.3 105884 102792 113792
 1.3 105884 102792 113792
 1.3 105884 102792 113792
 1.3 105884 102792 113792
 1.3 105884 102792 113792
 1.3 105884 102792 113792
 1.3 105884 102792 113792
 1.3 105884 102792 113792
 1.3 105884 102792 113792
 1.3 105884 102792 113792
 1.3 105884 102792 113792
 1.3 105884 102792 113792
 1.3 105884 102792 113792
 1.3 105884 102792 113792
 1.3 105884 102792 113792
 1.3 105884 102792 113792
 1.3 105884 102792 113792
 1.3 105884 102792 113792
 1.3 105884 102792 113792
 1.3 105884 102792 113792
 1.3 105884 102792 113792
 1.3 105884 102792 113792
 1.3 105884 102792 113792
 1.3 105884 102792 113792
 1.3 105884 102792 113792
 1.3 105884 102792 113792
 1.3 105884 102792 113792
 1.3 105884 102792 113792
 1.3 105884 102792 113792
 1.3 105884 102792 113792
 1.3 105884 102792 113792
 1.3 105884 102792 113792
 1.3 105884 102792 113792
 1.3 105884 102792 113792
 1.3 105884 102792 113792
 1.3 105884 102792 113792
 1.3 105884 102792 113792
 1.3 105884 102792 113792
 1.3 105884 102792 113792
 1.3 105884 102792 113792
 1.3 105884 102792 113792
 1.3 105884 102792 113792
 1.3 105884 102792 113792
 1.3 105884 102792 113792
 1.3 105884 102792 113792
 1.3 105884 102792 113792
 1.3 105884 102792 113792
 1.3 105884 102792 113792
 1.3 105884 102792 113792
 1.3 105884 102792 113792
 1.3 105884 102792 113792
 1.3 105884 102792 113792
 1.3 105884 102792 113792
 1.3 105884 102792 113792
 1.3 105884 102792 113792
 1.3 105884 102792 113792
 1.3 105884 102792 113792
 1.3 105884 102792 113792
 1.3 105884 102792 113792
 1.3 105884 102792 113792
 1.3 105884 102792 113792
 1.3 105884 102792 113792
 1.3 105884 102792 113792
 1.3 105884 102792 113792
 1.3 105884 102792 113792
 1.3 105884 102792 113792
 1.3 105884 102792 113792
 1.3 105884 102792 113792
 1.3 105884 102792 113792
 1.3 105884 102792 113792
 1.3 105884 102792 113792
 1.3 105884 102792 113792
 1.3 105884 102792 113792
 1.3 105884 102792 113792
 1.3 105884 102792 113792
 1.3 105884 102792 113792
 1.3 105884 102792 113792
 1.3 105884 102792 113792
 1.3 105884 102792 113792
 1.3 105884 102792 113792
 1.3 105884 102792 113792
 1.3 105884 102792 113792
 1.3 105884 102792 113792
 1.3 105884 102792 113792
 1.3 105884 102792 113792
 1.3 105884 102792 113792
 1.3 105884 102792 113792
 1.3 105884 102792 113792
 1.3 105884 102792 113792
 1.3 105884 102792 113792
 1.3 105884 102792 113792
 1.3 105884 102792 113792
 1.3 105884 102792 113792
 1.3 105884 102792 113792
 1.3 105884 102792 113792
 1.3 105884 102792 113792
 1.3 105884 102792 113792
 1.3 105884 102792 113792
 1.3 105884 102792 113792
 1.3 105884 102792 113792
 1.3 105884 102792 113792
 1.3 105884 102792 113792
 1.3 105884 102792 113792
 1.3 105884 102792 113792
 1.3 105884 102792 113792
 1.3 105884 102792 113792
 1.3 105884 102792 113792
 1.3 105884 102792 113792
 1.3 105884 102792 113792
 1.3 105884 102792 113792
 1.3 105884 102792 113792
 1.3 105884 102792 113792
 1.3 105884 102792 113792
 1.3 105884 102792 113792
 1.3 105884 102792 113792
 1.3 105884 102792 113792
 1.3 105884 102792 113792
 1.3 105884 102792 113792
 1.3 105884 102792 113792
 1.3 105884 102792 113792
 1.3 105884 102792 113792
 1.3 105884 102792 113792
 1.3 105884 102792 113792
 1.3 105884 102792 113792
 1.3 105884 102792 113792
 1.3 105884 102792 113792
 1.3 105884 102792 113792
 1.3 105884 102792 113792
 1.3 105884 102792 113792
 1.3 105884 102792 113792
 1.3 105884 102792 113792
 1.3 105884 102792 113792
 1.3 105884 102792 113792
 1.3 105884 102792 113792
 1.3 105884 102792 113792
 1.3 105884 102792 113792
 1.3 105884 102792 113792
 1.3 105884 102792 113792
 1.3 105884 102792 113792
 1.3 105884 102792 113792
 1.3 105884 102792 113792
 1.3 105884 102792 113792
 1.3 105884 102792 113792
 1.3 105884 102792 113792
 1.3 105884 102792 113792
 1.3 105884 102792 113792
 1.3 105884 102792 113792
 1.3 105884 102792 113792
 1.3 105884 102792 113792
 1.3 105884 102792 113792
 1.3 105884 102792 113792
 1.3 105884 102792 113792
 1.3 105884 102792 113792
 1.3 105884 102792 113792
 1.3 105884 102792 113792
 1.3 105884 102792 113792
 1.3 105884 102792 113792
 1.3 105884 102792 113792
 1.3 105884 102792 113792
 1.3 105884 102792 113792
 1.3 105884 102792 113792
 1.3 105884 102792 113792
 1.3 105884 102792 113792
 1.3 105884 102792 113792
 1.3 105884 102792 113792
 1.3 105884 102792 113792
 1.3 105884 102792 113792
 1.3 105884 102792 113792
 1.3 105884 102792 113792
 1.3 105884 102792 113792
 1.3 105884 102792 113792
 1.3 105884 102792 113792
 1.3 105884 102792 113792
 1.3 105884 102792 113792
 1.3 105884 102792 113792
 1.3 105884 102792 113792
 1.3 105884 102792 113792
 1.3 105884 102792 113792
 1.3 105884 102792 113792
 1.3 105884 102792 113792
 1.3 105884 102792 113792
 1.3 105884 102792 113792
 1.3 105884 102792 113792
 1.3 105884 102792 113792
 1.3 105884 102792 113792
 1.3 105884 102792 113792
 1.3 105884 102792 113792
 1.3 105884 102792 113792
 1.3 105884 102792 113792
 1.3 105884 102792 113792
 1.3 105884 102792 113792
 1.3 105884 102792 113792
 1.3 105884 102792 113792
 1.3 105884 102792 113792
 1.3 105884 102792 113792
 1.3 105884 102792 113792
 1.3 105884 102792 113792
 1.3 105884 102792 113792
 1.3 105884 102792 113792
 1.3 105884 102792 113792
 1.3 105884 102792 113792
 1.3 105884 102792 113792
 1.3 105884 102792 113792
 1.3 105884 102792 113792
 1.3 105884 102792 113792
 1.3 105884 102792 113792
 1.3 105884 102792 113792
 1.3 105884 102792 113792
 1.3 105884 102792 113792
 1.3 105884 102792 113792
 1.3 105884 102792 113792
 1.3 105884 102792 113792
 1.3 105884 102792 113792
 1.3 105884 102792 113792
 1.3 105884 102792 113792
 1.3 105884 102792 113792
 1.3 105884 102792 113792
 1.3 105884 102792 113792
 1.3 105884 102792 113792
 1.3 105884 102792 113792
 1.3 105884 102792 113792
 1.3 105884 102792 113792
 1.3 105884 102792 113792
 1.3 105884 102792 113792
 1.3 105884 102792 113792
 1.3 105884 102792 113792
 1.3 105884 102792 113792
 1.3 105884 102792 113792
 1.3 105884 102792 113792
 1.3 105884 102792 113792
 1.3 105884 102792 113792
 1.3 105884 102792 113792
 1.3 105884 102792 113792
 1.3 105884 102792 113792
 1.3 105884 102792 113792
 1.3 105884 102792 113792
 1.3 105884 102792 113792
 1.3 105884 102792 113792
 1.3 105884 102792 113792
 1.3 105884 102792 113792
 1.3 105884 102792 113792
 1.3 105884 102792 113792
 1.3 105884 102792 113792
 1.3 105884 102792 113792
 1.3 105884 102792 113792
 1.3 105884 102792 113792
 1.3 105884 102792 113792
 1.3 105884 102792 113792
 1.3 105884 102792 113792
 1.3 105884 102792 113792
 1.3 105884 102792 113792
 1.3 105884 102792 113792
 1.3 105884 102792 113792
 1.3 105884 102792 113792
 1.3 105884 102792 113792
 1.3 105884 102792 113792
 1.3 105884 102792 113792
 1.3 105884 102792 113792
 1.3 105884 102792 113792
 1.3 105884 102792 113792
 1.3 105884 102792 113792
 1.3 105884 102792 113792
 1.3 105884 102792 113792
 1.3 105884 102792 113792
 1.3 105884 102792 113792
 1.3 105884 102792 113792
 1.3 105884 102792 113792
 1.3 105884 102792 113792
 1.3 105884 102792 113792
 1.3 105884 102792 113792
 1.3 105884 102792 113792
 1.3 105884 102792 113792
 1.3 105884 102792 113792
 1.3 105884 102792 113792
 1.3 105884 102792 113792
 1.3 105884 102792 113792
 1.3 105884 102792 113792
 1.3 105884 102792 113792
 1.3 105884 102792 113792
 1.3 105884 102792 113792
 1.3 105884 102792 113792
 1.3 105884 102792 113792
 1.3 105884 102792 113792
 1.3 105884 102792 113792
 1.3 105884 102792 113792
 1.3 105884 102792 113792
 1.3 105884 102792 113792
 1.3 105884 102792 113792
 1.3 105884 102792 113792
 1.3 105884 102792 113792
 1.3 105884 102792 113792
 1.3 105884 102792 113792
 1.3 105884 102792 113792
 1.3 105884 102792 113792
 1.3 105884 102792 113792
 1.3 105884 102792 113792
 1.3 105884 102792 113792
 1.3 105884 102792 113792
 1.3 105884 102792 113792
 1.3 105884 102792 113792
 1.3 105884 102792 113792
 1.3 105884 102792 113792
 1.3 105884 102792 113792
 1.3 105884 102792 113792
 1.3 105884 102792 113792
 1.3 105884 102792 113792
 1.3 105884 102792 113792
 1.3 105884 102792 113792
 1.3 105884 102792 113792
 1.3 105884 102792 113792
 1.3 105884 102792 113792
 1.3 105884 102792 113792
 1.3 105884 102792 113792
 1.3 105884 102792 113792
 1.3 105884 102792 113792
 1.3 105884 102792 113792
 1.3 105884 102792 113792
 1.3 105884 102792 113792
 1.3 105884 102792 113792
 1.3 105884 102792 113792
 1.3 105884 102792 113792
 1.3 105884 102792 113792
 1.3 105884 102792 113792
 1.3 105884 102792 113792
 1.3 105884 102792 113792
 1.3 105884 102792 113792
 1.3 105884 102792 113792
 1.3 105884 102792 113792
 1.3 105884 102792 113792
 1.3 105884 102792 113792
 1.3 105884 102792 113792
 1.3 105884 102792 113792
 1.3 105884 102792 113792
 1.3 105884 102792 113792
 1.3 105884 102792 113792
 1.3 105884 102792 113792
 1.3 105884 102792 113792
 1.3 105884 102792 113792
 1.3 105884 102792 113792
 1.3 105884 102792 113792
 1.3 105884 102792 113792
 1.3 105884 102792 113792
 1.3 105884 102792 113792
 1.3 105884 102792 113792
 1.3 105884 102792 113792
 1.3 105884 102792 113792
 1.3 105884 102792 113792
 1.3 105884 102792 113792
 1.3 105884 102792 113792
 1.3 105884 102792 113792
 1.3 105884 102792 113792
 1.3 105884 102792 113792
 1.3 105884 102792 113792
 1.3 105884 102792 113792
 1.3 105884 102792 113792
 1.3 105884 102792 113792
 1.3 105884 102792 113792
 1.3 105884 102792 113792
 1.3 105884 102792 113792
 1.3 105884 102792 113792
 1.3 105884 102792 113792
 1.3 105884 102792 113792
 1.3 105884 102792 113792
 1.3 105884 102792 113792
 1.3 105884 102792 113792
 1.3 105884 102792 113792
 1.3 105884 102792 113792
 1.3 105884 102792 113792
 1.3 105884 102792 113792
 1.3 105884 102792 113792
 1.3 105884 102792 113792
 1.3 105884 102792 113792
 1.3 105884 102792 113792
 1.3 105884 102792 113792
 1.3 105884 102792 113792
 1.3 105884 102792 113792
 1.3 105884 102792 113792
 1.3 105884 102792 113792
 1.3 105884 102792 113792
 1.3 105884 102792 113792
 1.3 105884 102792 113792
 1.3 105884 102792 113792
 1.3 105884 102792 113792
 1.3 105884 102792 113792
 1.3 105884 102792 113792
 1.3 105884 102792 113792
 1.3 105884 102792 113792
 1.3 105884 102792 113792
 1.3 105884 102792 113792
 1.3 105884 102792 113792
 1.3 105884 102792 113792
 1.3 105884 102792 113792
 1.3 105884 102792 113792
 1.3 105884 102792 113792
 1.3 105884 102792 113792
 1.3 105884 102792 113792
 1.3 105884 102792 113792
 1.3 105884 102792 113792
 1.3 105884 102792 113792
 1.3 105884 102792 113792
 1.3 105884 102792 113792
 1.3 105884 102792 113792
 1.3 105884 102792 113792
 1.3 105884 102792 113792
 1.3 105884 102792 113792
 1.3 105884 102792 113792
 1.3 105884 102792 113792
 1.3 105884 102792 113792
 1.3 105884 102792 113792
 1.3 105884 102792 113792
 1.3 105884 102792 113792
 1.3 105884 102792 113792
 1.3 105884 102792 113792
 1.3 105884 102792 113792
 1.3 105884 102792 113792
 1.3 105884 102792 113792
 1.3 105884 102792 113792
 1.3 105884 102792 113792
 1.3 105884 102792 113792
 1.3 105884 102792 113792
 1.3 105884 102792 113792
 1.3 105884 102792 113792
 1.3 105884 102792 113792
 1.3 105884 102792 113792
 1.3 105884 102792 113792
 1.3 105884 102792 113792
 1.3 105884 102792 113792
 1.3 105884 102792 113792
 1.3 105884 102792 113792
 1.3 105884 102792 113792
 1.3 105884 102792 113792
 1.3 105884 102792 113792
 1.3 105884 102792 113792
 1.3 105884 102792 113792
 1.3 105884 102792 113792
 1.3 105884 102792 113792
 1.3 105884 102792 113792
 1.3 105884 102792 113792
 1.3 105884 102792 113792
 1.3 105884 102792 113792
 1.3 105884 102792 113792
 1.3 105884 102792 113792
 1.3 105884 102792 113792
 1.3 105884 102792 113792
 1.3 105884 102792 113792
 1.3 105884 102792 113792
 1.3 105884 102792 113792
 1.3 105884 102792 113792
 1.3 105884 102792 113792
 1.3 105884 102792 113792
 1.3 105884 102792 113792
 1.3 105884 102792 113792
 1.3 105884 102792 113792
 1.3 105884 102792 113792
 1.3 105884 102792 113792
 1.3 105884 102792 113792
 1.3 105884 102792 113792
 1.3 105884 102792 113792
 1.3 105884 102792 113792
 1.3 105884 102792 113792
 1.3 105884 102792 113792
 1.3 105884 102792 113792
 1.3 105884 102792 113792
 1.3 105884 102792 113792
 1.3 105884 102792 113792
 1.3 105884 102792 113792
 1.3 105884 102792 113792
 1.3 105884 102792 113792
 1.3 105884 102792 113792
 1.3 105884 102792 113792
 1.3 105884 102792 113792
 1.3 105884 102792 113792
 1.3 105884 102792 113792
 1.3 105884 102792 113792
 1.3 105884 102792 113792
 1.3 105884 102792 113792
 1.3 105884 102792 113792
 1.3 105884 102792 113792
 1.3 105884 102792 113792
 1.3 105884 102792 113792
 1.3 105884 102792 113792
 1.3 105884 102792 113792
 1.3 105884 102792 113792
 1.3 105884 102792 113792
 1.3 105884 102792 113792
 1.3 105884 102792 113792
 1.3 105884 102792 113792
 1.3 105884 102792 113792
 1.3 105884 102792 113792
 1.3 105884 102792 113792
 1.3 105884 102792 113792
 1.3 105884 102792 113792
 1.3 105884 102792 113792
 1.3 105884 102792 113792
 1.3 105884 102792 113792
 1.3 105884 102792 113792
 1.3 105884 102792 113792
 1.3 105884 102792 113792
 1.3 105884 102792 113792
 1.3 105884 102792 113792
 1.3 105884 102792 113792
 1.3 105884 102792 113792
 1.3 105884 102792 113792
 1.3 105884 102792 113792
 1.3 105884 102792 113792
 1.3 105884 102792 113792
 1.3 105884 102792 113792
 1.3 105884 102792 113792
 1.3 105884 102792 113792
 1.3 105884 102792 113792
 1.3 105884 102792 113792
 1.3 105884 102792 113792
 1.3 105884 102792 113792
 1.3 105884 102792 113792
 1.3 105884 102792 113792
 1.3 105884 102792 113792
 1.3 105884 102792 113792
 1.3 105884 102792 113792
 1.3 105884 102792 113792
 1.3 105884 102792 113792
 1.3 105884 102792 113792
 1.3 105884 102792 113792
 1.3 105884 102792 113792
 1.3 105884 102792 113792
 1.3 105884 102792 113792
 1.3 105884 102792 113792
 1.3 105884 102792 113792
 1.3 105884 102792 113792
 1.3 105884 102792 113792
 1.3 105884 102792 113792
 1.3 105884 102792 113792
 1.3 105884 102792 113792
 1.3 105884 102792 113792
 1.3 105884 102792 113792
 1.3 105884 102792 113792
 1.3 105884 102792 113792
 1.3 105884 102792 113792
 1.3 105884 102792 113792
 1.3 105884 102792 113792
 1.3 105884 102792 113792
 1.3 105884 102792 113792
 1.3 105884 102792 113792
 1.3 105884 102792 113792
 1.3 105884 102792 113792
 1.3 105884 102792 113792
 1.3 105884 102792 113792
 1.3 105884 102792 113792
 1.3 105884 102792 113792
 1.3 105884 102792 113792
 1.3 105884 102792 113792
 1.3 105884 102792 113792
 1.3 105884 102792 113792
 1.3 105884 102792 113792
 1.3 105884 102792 113792
 1.3 105884 102792 113792
 1.3 105884 102792 113792
 1.3 105884 102792 113792
 1.3 105884 102792 113792
 1.3 105884 102792 113792
 1.3 105884 102792 113792
 1.3 105884 102792 113792
 1.3 105884 102792 113792
 1.3 105884 102792 113792
 1.3 105884 102792 113792
 1.3 105884 102792 113792
 1.3 105884 102792 113792
 1.3 105884 102792 113792
 1.3 105884 102792 113792
 1.3 105884 102792 113792
 1.3 105884 102792 113792
 1.3 105884 102792 113792
 1.3 105884 102792 113792
 1.3 105884 102792 113792
 1.3 105884 102792 113792
 1.3 105884 102792 113792
 1.3 105884 102792 113792
 1.3 105884 102792 113792
 1.3 105884 102792 113792
 1.3 105884 102792 113792
 1.3 105884 102792 113792
 1.3 105884 102792 113792
 1.3 105884 102792 113792
 1.3 105884 102792 113792
 1.3 105884 102792 113792
 1.3 105884 102792 113792
 1.3 105884 102792 113792
 1.3 105884 102792 113792
 1.3 105884 102792 113792
 1.3 105884 102792 113792
 1.3 105884 102792 113792
 1.3 105884 102792 113792
 1.3 105884 102792 113792
 1.3 105884 102792 113792
 1.3 105884 102792 113792
 1.3 105884 102792 113792
 1.3 105884 102792 113792
 1.3 105884 102792 113792
 1.3 105884 102792 113792
 1.3 105884 102792 113792
 1.3 105884 102792 113792
 1.3 105884 102792 113792
 1.3 105884 102792 113792
 1.3 105884 102792 113792
 1.3 105884 102792 113792
 1.3 105884 102792 113792
 1.3 105884 102792 113792
 1.3 105884 102792 113792
 1.3 105884 102792 113792
 1.3 105884 102792 113792
 1.3 105884 102792 113792
 1.3 105884 102792 113792
 1.3 105884 102792 113792
 1.3 105884 102792 113792
 1.3 105884 102792 113792
 1.3 105884 102792 113792
 1.3 105884 102792 113792
 1.3 105884 102792 113792
 1.3 105884 102792 113792
 1.3 105884 102792 113792
 1.3 105884 102792 113792
 1.3 105884 102792 113792
 1.3 105884 102792 113792
 1.3 105884 102792 113792
 1.3 105884 102792 113792
 1.3 105884 102792 113792
 1.3 105884 102792 113792
 1.3 105884 102792 113792
 1.3 105884 102792 113792
 1.3 105884 102792 113792
 1.3 105884 102792 113792
 1.3 105884 102792 113792
 1.3 105884 102792 113792
 1.3 105884 102792 113792
 1.3 105884 102792 113792
 1.3 105884 102792 113792
 1.3 105884 102792 113792
 1.3 105884 102792 113792
 1.3 105884 102792 113792
 1.3 105884 102792 113792
 1.3 105884 102792 113792
 1.3 105884 102792 113792
 1.3 105884 102792 113792
 1.3 105884 102792 113792
 1.3 105884 102792 113792
 1.3 105884 102792 113792
 1.3 105884 102792 113792
 1.3 105884 102792 113792
 1.3 105884 102792 113792
 1.3 105884 102792 113792
 1.3 105884 102792 113792
 1.3 105884 102792 113792
 1.3 105884 102792 113792
 1.3 105884 102792 113792
 1.3 105884 102792 113792
 1.3 105884 102792 113792
 1.3 105884 102792 113792
 1.3 105884 102792 113792
 1.3 105884 102792 113792
 1.3 105884 102792 113792
 1.3 105884 102792 113792
 1.3 105884 102792 113792
 1.3 105884 102792 113792
 1.3 105884 102792 113792
 1.3 105884 102792 113792
 1.3 105884 102792 113792
 1.3 105884 102792 113792
 1.3 105884 102792 113792
 1.3 105884 102792 113792
 1.3 105884 102792 113792
 1.3 105884 102792 113792
 1.3 105884 102792 113792
 1.3 105884 102792 113792
 1.3 105884 102792 113792
 1.3 105884 102792 113792
 1.3 105884 102792 113792
 1.3 105884 102792 113792
 1.3 105884 102792 113792
 1.3 105884 102792 113792
 1.3 105884 102792 113792
 1.3 105884 102792 113792
 1.3 105884 102792 113792
 1.3 105884 102792 113792
 1.3 105884 102792 113792
 1.3 105884 102792 113792
 1.3 105884 102792 113792
 1.3 105884 102792 113792
 1.3 105884 102792 113792
 1.3 105884 102792 113792
 1.3 105884 102792 113792
 1.3 105884 102792 113792
 1.3 105884 102792 113792
 1.3 105884 102792 113792
 1.3 105884 102792 113792
 1.3 105884 102792 113792
 1.3 105884 102792 113792
 1.3 105884 102792 113792
 1.3 105884 102792 113792
 1.3 105884 102792 113792
 1.3 105884 102792 113792
 1.3 105884 102792 113792
 1.3 105884 102792 113792
 1.3 105884 102792 113792
 1.3 105884 102792 113792
 1.3 105884 102792 113792
 1.3 105884 102792 113792
 1.3 105884 102792 113792
 1.3 105884 102792 113792
 1.3 105884 102792 113792
 1.3 105884 102792 113792
 1.3 105884 102792 113792
 1.3 105884 102792 113792
 1.3 105884 102792 113792
 1.3 105884 102792 113792
 1.3 105884 102792 113792
 1.3 105884 102792 113792
 1.3 105884 102792 113792
 1.3 105884 102792 113792
 1.3 105884 102792 113792
 1.3 105884 102792 113792
 1.3 105884 102792 113792
 1.3 105884 102792 113792
 1.3 105884 102792 113792
 1.3 105884 102792 113792
 1.3 105884 102792 113792
 1.3 105884 102792 113792
 1.3 105884 102792 113792
 1.3 105884 102792 113792
 1.3 105884 102792 113792
 1.3 105884 102792 113792
 1.3 105884 102792 113792
 1.3 105884 102792 113792
 1.3 105884 102792 113792
 1.3 105884 102792 113792
 1.3 105884 102792 113792
 1.3 105884 102792 113792
 1.3 105884 102792 113792
 1.3 105884 102792 113792
 1.3 105884 102792 113792
 1.3 105884 102792 113792
 1.3 105884 102792 113792
 1.3 105884 102792 113792
 1.3 105884 102792 113792
 1.3 105884 102792 113792
 1.3 105884 102792 113792
 1.3 105884 102792 113792
 1.3 105884 102792 113792
 1.3 105884 102792 113792
 1.3 105884 102792 113792
 1.3 105884 102792 113792
 1.3 105884 102792 113792
 1.3 105884 102792 113792
 1.3 105884 102792 113792
 1.3 105884 102792 113792
 1.3 105884 102792 113792
 1.3 105884 102792 113792
 1.3 105884 102792 113792
 1.3 105884 102792 113792
 1.3 105884 102792 113792
 1.3 105884 102792 113792
 1.3 105884 102792 113792
 1.3 105884 102792 113792
 1.3 105884 102792 113792
 1.3 105884 102792 113792
 1.3 105884 102792 113792
 1.3 105884 102792 113792
 1.3 105884 102792 113792
 1.3 105884 102792 113792
 1.3 105884 102792 113792
 1.3 105884 102792 113792
 1.3 105884 102792 113792
 1.3 105884 102792 113792
 1.3 105884 102792 113792
 1.3 105884 102792 113792
 1.3 105884 102792 113792
 1.3 105884 102792 113792
 1.3 105884 102792 113792
 1.3 105884 102792 113792
 1.3 105884 102792 113792
 1.3 105884 102792 113792
 1.3 105884 102792 113792
 1.3 105884 102792 113792
 1.3 105884 102792 113792
 1.3 105884 102792 113792
 1.3 105884 102792 113792
 1.3 105884 102792 113792
 1.3 105884 102792 113792
 1.3 105884 102792 113792
 1.3 105884 102792 113792
 1.3 105884 102792 113792
 1.3 105884 102792 113792
 1.3 105884 102792 113792
 1.3 105884 102792 113792
 1.3 105884 102792 113792
 1.3 105884 102792 113792
 1.3 105884 102792 113792
 1.3 105884 102792 113792
 1.3 105884 102792 113792
 1.3 105884 102792 113792
 1.3 105884 102792 113792
 1.3 105884 102792 113792
 1.3 105884 102792 113792
 1.3 105884 102792 113792
 1.3 105884 102792 113792
 1.3 105884 102792 113792
 1.3 105884 102792 113792
 1.3 105884 102792 113792
 1.3 105884 102792 113792
 1.3 105884 102792 113792
 1.3 105884 102792 113792
 1.3 105884 102792 113792
 1.3 105884 102792 113792
 1.3 105884 102792 113792
 1.3 105884 102792 113792
 1.3 105884 102792 113792
 1.3 105884 102792 113792
 1.3 105884 102792 113792
 1.3 105884 102792 113792
 1.3 105884 102792 113792
 1.3 105884 102792 113792
 1.3 105884 102792 113792
 1.3 105884 102792 113792
 1.3 105884 102792 113792
 1.3 105884 102792 113792
 1.3 105884 102792 113792
 1.3 105884 102792 113792
 1.3 105884 102792 113792
 1.3 105884 102792 113792
 1.3 105884 102792 113792
 1.3 105884 102792 113792
 1.3 105884 102792 113792
 1.3 105884 102792 113792
 1.3 105884 102792 113792
 1.3 105884 102792 113792
 1.3 105884 102792 113792
 1.3 105884 102792 113792
 1.3 105884 102792 113792
 1.3 105884 102792 113792
 1.3 105884 102792 113792
 1.3 105884 102792 113792
 1.3 105884 102792 113792
 1.3 105884 102792 113792
 1.3 105884 102792 113792
 1.3 105884 102792 113792
 1.3 105884 102792 113792
 1.3 105884 102792 113792
 1.3 105884 102792 113792
 1.3 105884 102792 113792
 1.3 105884 102792 113792
 1.3 105884 102792 113792
 1.3 105884 102792 113792
 1.3 105884 102792 113792
 1.3 105884 102792 113792
 1.3 105884 102792 113792
 1.3 105884 102792 113792
 1.3 105884 102792 113792
 1.3 105884 102792 113792
 1.3 105884 102792 113792
 1.3 105884 102792 113792
 1.3 105884 102792 113792
 1.3 105884 102792 113792
 1.3 105884 102792 113792
 1.3 105884 102792 113792
 1.3 105884 102792 113792
 1.3 105884 102792 113792
 1.3 105884 102792 113792
 1.3 105884 102792 113792
 1.3 105884 102792 113792
 1.3 105884 102792 113792
 1.3 105884 102792 113792
 1.3 105884 102792 113792
 1.3 105884 102792 113792
 1.3 105884 102792 113792
 1.3 105884 102792 113792
 1.3 105884 102792 113792
 1.3 105884 102792 113792
 1.3 105884 102792 113792
 1.3 105884 102792 113792
 1.3 105884 102792 113792
 1.3 105884 102792 113792
 1.3 105884 102792 113792
 1.3 105884 102792 113792
 1.3 105884 102792 113792
 1.3 105884 102792 113792
 1.3 105884 102792 113792
 1.3 105884 102792 113792
 1.3 105884 102792 113792
 1.3 105884 102792 113792
 1.3 105884 102792 113792
 1.3 105884 102792 113792
 1.3 105884 102792 113792
 1.3 105884 102792 113792
 1.3 105884 102792 113792
 1.3 105884 102792 113792
 1.3 105884 102792 113792
 1.3 105884 102792 113792
 1.3 105884 102792 113792
 1.3 105884 102792 113792
 1.3 105884 102792 113792
 1.3 105884 102792 113792
 1.3 105884 102792 113792
 1.3 105884 102792 113792
 1.3 105884 102792 113792
 1.3 105884 102792 113792
 1.3 105884 102792 113792
 1.3 105884 102792 113792
 1.3 105884 102792 113792
 1.3 105884 102792 113792
 1.3 105884 102792 113792
 1.3 105884 102792 113792
 1.3 105884 102792 113792
 1.3 105884 102792 113792
 1.3 105884 102792 113792
 1.3 105884 102792 113792
 1.3 105884 102792 113792
 1.3 105884 102792 113792
 1.3 105884 102792 113792
 1.3 105884 102792 113792
 1.3 105884 102792 113792
 1.3 105884 102792 113792
 1.3 105884 102792 113792
 1.3 105884 102792 113792
 1.3 105884 102792 113792
 1.3 105884 102792 113792
 0.0  6852  6792  17792
 0.6 48668 51620  62620
 1.1 93060 90044 101044
 1.3 105984 102852 113852
 1.3 105984 102852 113852
 1.3 105984 102852 113852
 1.3 105984 102852 113852
 1.3 105984 102852 113852
 1.3 105984 102852 113852
 1.3 105984 102852 113852
 1.3 105984 102852 113852
 1.3 105984 102852 113852
 1.3 105984 102852 113852
 1.3 105984 102852 113852
 1.3 105984 102852 113852
 1.3 105984 102852 113852
 1.3 105984 102852 113852
 1.3 105984 102852 113852
 1.3 105984 102852 113852
 1.3 105984 102852 113852
 1.3 105984 102852 113852
 1.3 105984 102852 113852
 1.3 105984 102852 113852
 1.3 105984 102852 113852
 1.3 105984 102852 113852
 1.3 105984 102852 113852
 1.3 105984 102852 113852
 1.3 105984 102852 113852
 1.3 105984 102852 113852
 1.3 105984 102852 113852
 1.3 105984 102852 113852
 1.3 105984 102852 113852
 1.3 105984 102852 113852
 1.3 105984 102852 113852
 1.3 105984 102852 113852
 1.3 105984 102852 113852
 1.3 105984 102852 113852
 1.3 105984 102852 113852
 1.3 105984 102852 113852
 1.3 105984 102852 113852
 1.3 105984 102852 113852
 1.3 105984 102852 113852
 1.3 105984 102852 113852
 1.3 105984 102852 113852
 1.3 105984 102852 113852
 1.3 105984 102852 113852
 1.3 105984 102852 113852
 1.3 105984 102852 113852
 1.3 105984 102852 113852
 1.3 105984 102852 113852
 1.3 105984 102852 113852
 1.3 105984 102852 113852
 1.3 105984 102852 113852
 1.3 105984 102852 113852
 1.3 105984 102852 113852
 1.3 105984 102852 113852
 1.3 105984 102852 113852
 1.3 105984 102852 113852
 1.3 105984 102852 113852
 1.3 105984 102852 113852
 1.3 105984 102852 113852
 1.3 105984 102852 113852
 1.3 105984 102852 113852
 1.3 105984 102852 113852
 1.3 105984 102852 113852
 1.3 105984 102852 113852
 1.3 105984 102852 113852
 1.3 105984 102852 113852
 1.3 105984 102852 113852
 1.3 105984 102852 113852
 1.3 105984 102852 113852
 1.3 105984 102852 113852
 1.3 105984 102852 113852
 1.3 105984 102852 113852
 1.3 105984 102852 113852
 1.3 105984 102852 113852
 1.3 105984 102852 113852
 1.3 105984 102852 113852
 1.3 105984 102852 113852
 1.3 105984 102852 113852
 1.3 105984 102852 113852
 1.3 105984 102852 113852
 1.3 105984 102852 113852
 1.3 105984 102852 113852
 1.3 105984 102852 113852
 1.3 105984 102852 113852
 1.3 105984 102852 113852
 1.3 105984 102852 113852
 1.3 105984 102852 113852
 1.3 105984 102852 113852
 1.3 105984 102852 113852
 1.3 105984 102852 113852
 1.3 105984 102852 113852
 1.3 105984 102852 113852
 1.3 105984 102852 113852
 1.3 105984 102852 113852
 1.3 105984 102852 113852
 1.3 105984 102852 113852
 1.3 105984 102852 113852
 1.3 105984 102852 113852
 1.3 105984 102852 113852
 1.3 105984 102852 113852
 1.3 105984 102852 113852
 1.3 105984 102852 113852
 1.3 105984 102852 113852
 1.3 105984 102852 113852
 1.3 105984 102852 113852
 1.3 105984 102852 113852
 1.3 105984 102852 113852
 1.3 105984 102852 113852
 1.3 105984 102852 113852
 1.3 105984 102852 113852
 1.3 105984 102852 113852
 0.9 74008 70832  81832
 0.0  3564   388  11388
 0.0  3564   388  11388
 0.5 42604 44284  55284
 1.1 90080 88180  99180
 1.3 105920 102812 113812
 1.3 105920 102812 113812
 1.3 105920 102812 113812
 1.3 105920 102812 113812
 1.3 105920 102812 113812
 1.3 105920 102812 113812
 1.3 105920 102812 113812
 1.3 105920 102812 113812
 1.3 105920 102812 113812
 1.3 105920 102812 113812
 1.3 105920 102812 113812
 1.3 105920 102812 113812
 1.3 105920 102812 113812
 1.3 105920 102812 113812
 1.3 105920 102812 113812
 1.3 105920 102812 113812
 1.3 105920 102812 113812
 1.3 105920 102812 113812
 1.3 105920 102812 113812
 1.3 105920 102812 113812
 1.3 105920 102812 113812
 1.3 105920 102812 113812
 1.3 105920 102812 113812
 1.3 105920 102812 113812
 1.3 105920 102812 113812
 1.3 105920 102812 113812
 1.3 105920 102812 113812
 1.3 105920 102812 113812
 1.3 105920 102812 113812
 1.3 105920 102812 113812
 1.3 105920 102812 113812
 1.3 105920 102812 113812
 1.3 105920 102812 113812
 1.3 105920 102812 113812
 1.3 105920 102812 113812
 1.3 105920 102812 113812
 1.3 105920 102812 113812
 1.3 105920 102812 113812
 1.3 105920 102812 113812
 1.3 105920 102812 113812
 1.3 105920 102812 113812
 1.3 105920 102812 113812
 1.3 105920 102812 113812
 1.3 105920 102812 113812
 1.3 105920 102812 113812
 1.3 105920 102812 113812
 1.3 105920 102812 113812
 1.3 105920 102812 113812
 1.3 105920 102812 113812
 1.3 105920 102812 113812
 1.3 105920 102812 113812
 1.3 105920 102812 113812
 1.3 105920 102812 113812
 1.3 105920 102812 113812
 1.3 105920 102812 113812
 1.3 105920 102812 113812
 1.3 105920 102812 113812
 1.3 105920 102812 113812
 1.3 105920 102812 113812
 1.3 105920 102812 113812
 1.3 105920 102812 113812
 1.3 105920 102812 113812
 1.3 105920 102812 113812
 1.3 105920 102812 113812
 1.3 105920 102812 113812
 1.3 105920 102812 113812
 1.3 105920 102812 113812
 1.3 105920 102812 113812
 1.3 105920 102812 113812
 1.3 105920 102812 113812
 1.3 105920 102812 113812
 1.3 105920 102812 113812
 1.3 105920 102812 113812
 1.3 105920 102812 113812
 1.3 105920 102812 113812
 1.3 105920 102812 113812
 1.3 105920 102812 113812
 1.3 105920 102812 113812
 1.3 105920 102812 113812
 1.3 105920 102812 113812
 1.3 105920 102812 113812
 1.3 105920 102812 113812
 1.3 105920 102812 113812
 1.3 105920 102812 113812
 1.3 105920 102812 113812
 1.3 105920 102812 113812
 1.3 105920 102812 113812
 1.3 105920 102812 113812
 1.3 105920 102812 113812
 1.3 105920 102812 113812
 1.3 105920 102812 113812
 1.3 105920 102812 113812
 1.3 105920 102812 113812
 1.3 105920 102812 113812
 1.3 105920 102812 113812
 1.3 105920 102812 113812
 1.3 105920 102812 113812
 1.3 105920 102812 113812
 1.3 105920 102812 113812
 1.3 105920 102812 113812
 1.3 105920 102812 113812
 1.3 105920 102812 113812
 1.3 105920 102812 113812
 1.3 105920 102812 113812
 1.3 105920 102812 113812
 1.3 105920 102812 113812
 1.3 105920 102812 113812
 1.3 105920 102812 113812
 1.3 105920 102812 113812
 1.3 105920 102812 113812
 1.3 105920 102812 113812
 1.3 105920 102812 113812
 1.3 105920 102812 113812
 1.3 105920 102812 113812
 1.3 105920 102812 113812
 1.3 105920 102812 113812
 1.3 105920 102812 113812
 1.3 105920 102812 113812
 1.3 105920 102812 113812
 1.3 105920 102812 113812
 1.3 105920 102812 113812
 1.3 105920 102812 113812
 1.3 105920 102812 113812
 1.3 105920 102812 113812
 1.3 105920 102812 113812
 1.3 105920 102812 113812
 1.3 105920 102812 113812
 1.3 105920 102812 113812
 1.3 105920 102812 113812
 1.3 105920 102812 113812
 1.3 105920 102812 113812
 1.3 105920 102812 113812
 1.3 105920 102812 113812
 1.3 105920 102812 113812
 1.3 105920 102812 113812
 1.3 105920 102812 113812
 1.3 105920 102812 113812
 1.3 105920 102812 113812
 1.3 105920 102812 113812
 1.3 105920 102812 113812
 1.3 105920 102812 113812
 1.3 105920 102812 113812
 1.3 105920 102812 113812
 1.3 105920 102812 113812
 1.3 105920 102812 113812
 1.3 105920 102812 113812
 1.3 105920 102812 113812
 1.3 105920 102812 113812
 1.3 105920 102812 113812
 1.3 105920 102812 113812
 1.3 105920 102812 113812
 1.3 105920 102812 113812
 1.3 105920 102812 113812
 1.3 105920 102812 113812
 1.3 105920 102812 113812
 1.3 105920 102812 113812
 1.3 105920 102812 113812
 1.3 105920 102812 113812
 1.3 105920 102812 113812
 1.3 105920 102812 113812
 1.3 105920 102812 113812
 1.3 105920 102812 113812
 1.3 105920 102812 113812
 1.3 105920 102812 113812
 1.3 105920 102812 113812
 1.3 105920 102812 113812
 1.3 105920 102812 113812
 1.3 105920 102812 113812
 1.3 105920 102812 113812
 1.3 105920 102812 113812
 1.3 105920 102812 113812
 1.3 105920 102812 113812
 1.3 105920 102812 113812
 1.3 105920 102812 113812
 1.3 105920 102812 113812
 1.3 105920 102812 113812
 1.3 105920 102812 113812
 1.3 105920 102812 113812
 1.3 105920 102812 113812
 1.3 105920 102812 113812
 1.3 105920 102812 113812
 1.3 105920 102812 113812
 1.3 105920 102812 113812
 1.3 105920 102812 113812
 1.3 105920 102812 113812
 1.3 105920 102812 113812
 1.3 105920 102812 113812
 1.3 105920 102812 113812
 1.3 105920 102812 113812
 1.3 105920 102812 113812
 1.3 105920 102812 113812
 1.3 105920 102812 113812
 1.3 105920 102812 113812
 1.3 105920 102812 113812
 1.3 105920 102812 113812
 1.3 105920 102812 113812
 1.3 105920 102812 113812
 1.3 105920 102812 113812
 1.3 105920 102812 113812
 1.3 105920 102812 113812
 1.3 105920 102812 113812
 1.3 105920 102812 113812
 1.3 105920 102812 113812
 1.3 105920 102812 113812
 1.3 105920 102812 113812
 1.3 105920 102812 113812
 1.3 105920 102812 113812
 1.3 105920 102812 113812
 1.3 105920 102812 113812
 1.3 105920 102812 113812
 1.3 105920 102812 113812
 1.3 105920 102812 113812
 1.3 105920 102812 113812
 1.3 105920 102812 113812
 1.3 105920 102812 113812
 1.3 105920 102812 113812
 1.3 105920 102812 113812
 1.3 105920 102812 113812
 1.3 105920 102812 113812
 1.3 105920 102812 113812
 1.3 105920 102812 113812
 1.3 105920 102812 113812
 1.3 105920 102812 113812
 1.3 105920 102812 113812
 1.3 105920 102812 113812
 1.3 105920 102812 113812
 1.3 105920 102812 113812
 1.3 105920 102812 113812
 1.3 105920 102812 113812
 1.3 105920 102812 113812
 1.3 105920 102812 113812
 1.3 105920 102812 113812
 1.3 105920 102812 113812
 1.3 105920 102812 113812
 1.3 105920 102812 113812
 1.3 105920 102812 113812
 1.3 105920 102812 113812
 1.3 105920 102812 113812
 1.3 105920 102812 113812
 1.3 105920 102812 113812
 1.3 105920 102812 113812
 1.3 105920 102812 113812
 1.3 105920 102812 113812
 1.3 105920 102812 113812
 1.3 105920 102812 113812
 1.3 105920 102812 113812
 1.3 105920 102812 113812
 1.3 105920 102812 113812
 1.3 105920 102812 113812
 1.3 105920 102812 113812
 1.3 105920 102812 113812
 1.3 105920 102812 113812
 1.3 105920 102812 113812
 1.3 105920 102812 113812
 1.3 105920 102812 113812
 1.3 105920 102812 113812
 1.3 105920 102812 113812
 1.3 105920 102812 113812
 1.3 105920 102812 113812
 1.3 105920 102812 113812
 1.3 105920 102812 113812
 1.3 105920 102812 113812
 1.3 105920 102812 113812
 1.3 105920 102812 113812
 1.3 105920 102812 113812
 1.3 105920 102812 113812
 1.3 105920 102812 113812
 1.3 105920 102812 113812
 1.3 105920 102812 113812
 1.3 105920 102812 113812
 1.3 105920 102812 113812
 1.3 105920 102812 113812
 1.3 105920 102812 113812
 1.3 105920 102812 113812
 1.3 105920 102812 113812
 1.3 105920 102812 113812
 1.3 105920 102812 113812
 1.3 105920 102812 113812
 1.3 105920 102812 113812
 1.3 105920 102812 113812
 1.3 105920 102812 113812
 1.3 105920 102812 113812
 1.3 105920 102812 113812
