coretemp-isa-0000
Adapter: ISA adapter
Package id 0:  +79.0°C  (high = +100.0°C, crit = +100.0°C)
Core 0:        +76.0°C  (high = +100.0°C, crit = +100.0°C)
Core 1:        +74.0°C  (high = +100.0°C, crit = +100.0°C)
Core 2:        +79.0°C  (high = +100.0°C, crit = +100.0°C)
Core 3:        +77.0°C  (high = +100.0°C, crit = +100.0°C)

pch_cannonlake-virtual-0
Adapter: Virtual device
temp1:        +60.0°C  

BAT0-acpi-0
Adapter: ACPI interface
in0:          12.61 V  
curr1:       1000.00 uA 

dell_smm-virtual-0
Adapter: Virtual device
fan1:        3937 RPM

radeon-pci-0100
Adapter: PCI adapter
temp1:            N/A  (crit = +120.0°C, hyst = +90.0°C)

acpitz-acpi-0
Adapter: ACPI interface
temp1:        +25.0°C  (crit = +107.0°C)

%CPU %MEM     ELAPSED
 1.4 118012 921992 932992
 2.1 169212 921992 932992
 2.7 218364 921992 932992
 3.4 273660 921992 932992
 4.0 320764 921992 932992
 4.5 361876 946700 1023116
 4.5 361876 946700 1023116
 4.5 365972 946700 1023116
 4.5 365972 946700 1023116
 4.6 370068 946700 1023116
 4.6 372900 946700 1023116
 4.6 372900 946700 1023116
 4.6 372900 946700 1023116
 4.6 373668 946700 1023116
 4.6 373668 946700 1023116
 4.7 376028 946700 1023116
 4.7 377612 946700 1023116
 4.7 378668 946700 1023116
 4.7 379196 946700 1023116
 4.7 381308 946700 1023116
 4.7 381308 946700 1023116
 4.8 389500 946700 1023116
 4.8 389500 946700 1023116
 4.8 391068 946700 1023116
 4.9 392388 946700 1023116
 4.9 392916 946700 1023116
 4.9 395292 946700 1023116
 4.9 397932 946700 1023116
 5.0 400308 946700 1023116
 5.0 403212 946700 1023116
 5.0 405852 946700 1023116
 5.1 409284 946700 1023116
 5.1 413508 946700 1023116
 5.2 417732 946700 1023116
 5.2 418788 946700 1023116
 5.2 420636 946700 1023116
 5.2 422484 946700 1023116
 5.3 423804 946700 1023116
 5.3 424332 946700 1023116
 5.3 426444 946700 1023116
 5.3 426444 946700 1023116
 5.3 426444 946700 1023116
 5.3 426444 946700 1023116
 5.3 426444 946700 1023116
 5.3 426708 946700 1023116
 5.3 427500 946700 1023116
 5.3 428556 946700 1023116
 5.3 428820 946700 1023116
 5.3 430932 946700 1023116
 5.4 432780 946700 1023116
 5.4 433572 946700 1023116
 5.4 434628 946700 1023116
 5.4 438060 946700 1023116
 5.5 440172 946700 1023116
 5.5 442020 946700 1023116
 5.5 444924 946700 1023116
 5.5 446772 946700 1023116
 5.6 448884 946700 1023116
 5.6 451260 946700 1023116
 5.6 453372 946700 1023116
 5.6 455220 946700 1023116
 5.7 457860 946700 1023116
 5.7 461028 946700 1023116
 5.7 463668 946700 1023116
 5.8 465780 946700 1023116
 5.8 469212 946700 1023116
 5.8 471060 946700 1023116
 5.9 473700 946700 1023116
 5.9 474756 946700 1023116
 5.9 476868 946700 1023116
 6.0 480828 946700 1023116
 6.0 483204 946700 1023116
 6.0 485580 946700 1023116
 6.1 487956 946700 1023116
 6.1 489276 946700 1023116
 6.1 490860 946700 1023116
 6.1 494556 946700 1023116
 6.1 495348 946700 1023116
 6.2 496140 946700 1023116
 6.3 504588 946700 1023116
 6.4 513036 946700 1023116
 6.5 520956 946700 1023116
 6.6 528876 946700 1023116
 6.7 536268 946700 1023116
 6.8 544188 946700 1023116
 6.8 549468 946700 1023116
 6.9 556068 946700 1023116
 7.0 561876 946700 1023116
 7.0 566100 946700 1023116
 7.1 571908 946700 1023116
 7.2 579564 946700 1023116
 7.3 587748 946700 1023116
 7.4 595404 946832 1088652
 7.5 602796 946832 1088652
 7.6 609924 946832 1088652
 7.6 609924 946832 1088652
 7.7 617844 946832 1088652
 7.7 623124 946832 1088652
 7.9 632628 946832 1088652
 7.9 633684 946832 1088652
 7.9 633684 946832 1088652
 8.0 640812 946832 1088652
 8.1 649260 946832 1088652
 8.1 651372 946832 1088652
 8.2 661140 946832 1088652
 8.3 665892 946832 1088652
 8.3 665892 946832 1088652
 8.3 670380 946832 1088652
 8.4 677772 946832 1088652
 8.4 678300 946832 1088652
 8.4 678300 946832 1088652
 8.5 684372 946832 1088652
 8.5 685164 946832 1088652
 8.6 695196 946832 1088652
 8.7 697572 946832 1088652
 8.7 697572 946832 1088652
 8.8 703908 946832 1088652
 8.8 708660 946832 1088652
 8.8 710772 946832 1088652
 8.9 718164 946832 1088652
 9.0 720804 946832 1088652
 9.0 720804 946832 1088652
 9.1 728196 946832 1088652
 9.1 728988 946832 1088652
 9.2 737172 946832 1088652
 9.2 738756 946832 1088652
 9.2 738756 946832 1088652
 9.3 746412 946832 1088652
 9.3 747204 946832 1088652
 9.4 758820 946832 1088652
 9.5 761196 946832 1088652
 9.5 761196 946832 1088652
 9.6 771492 946832 1088652
 9.6 775452 946832 1088652
 9.8 783900 946832 1088652
 9.8 791556 946832 1088652
10.0 800796 946832 1088652
10.0 800796 946832 1088652
10.0 805812 946832 1088652
10.1 808452 946832 1088652
10.2 816108 946832 1088652
10.2 818484 946832 1088652
10.3 827196 946832 1088652
10.3 830100 946832 1088652
10.4 836436 946832 1088652
10.4 837228 946832 1088652
10.4 839340 946832 1088652
10.5 843036 946832 1088652
10.5 843828 946832 1088652
10.5 843828 946832 1088652
10.5 843828 946832 1088652
10.5 846996 946832 1088652
10.6 849372 946832 1088652
10.6 849372 946832 1088652
10.6 852012 946832 1088652
10.6 853860 946832 1088652
10.6 853860 946832 1088652
10.7 856764 946832 1088652
10.7 858348 946832 1088652
10.7 858348 946832 1088652
10.7 861780 946832 1088652
10.8 868116 946832 1088652
10.9 871812 946832 1088652
10.9 871812 946832 1088652
10.9 871812 946832 1088652
10.9 877356 946832 1088652
11.0 884220 946832 1088652
11.1 890028 946832 1088652
11.1 890028 946832 1088652
11.1 890028 946832 1088652
11.1 893196 946832 1088652
11.2 898740 946832 1088652
11.2 898740 946832 1088652
11.2 903228 946832 1088652
11.3 910356 946832 1088652
11.4 914316 946832 1088652
11.4 914316 946832 1088652
11.4 914316 946832 1088652
11.4 917748 946832 1088652
11.5 922764 946832 1088652
11.5 922764 946832 1088652
11.5 924876 946832 1088652
11.5 924876 946832 1088652
11.5 925172 946832 1088652
11.5 925172 946832 1088652
11.5 925172 946832 1088652
11.5 925172 946832 1088652
11.5 925172 946832 1088652
11.5 925172 946832 1088652
11.5 925172 946832 1088652
11.5 925172 946832 1088652
11.5 925172 946832 1088652
11.5 925172 946832 1088652
11.5 925172 946832 1088652
11.5 925172 946832 1088652
11.5 925172 946832 1088652
11.5 925172 946832 1088652
11.5 925172 946832 1088652
11.5 925172 946832 1088652
11.5 925172 946832 1088652
11.5 925172 946832 1088652
11.5 925172 946832 1088652
11.5 925172 946832 1088652
11.5 925172 946832 1088652
11.5 925172 946832 1088652
11.5 925172 946832 1088652
11.5 925172 946832 1088652
11.5 925172 946832 1088652
11.5 925172 946832 1088652
11.5 925172 946832 1088652
11.5 925172 946832 1088652
11.5 925172 946832 1088652
11.5 925172 946832 1088652
11.5 925172 946832 1088652
11.5 925172 946832 1088652
11.5 925172 946832 1088652
11.5 925172 946832 1088652
11.5 925172 946832 1088652
11.5 925172 946832 1088652
11.5 925172 946832 1088652
11.5 925172 946832 1088652
11.5 925172 946832 1088652
11.5 925172 946832 1088652
11.5 925172 946832 1088652
11.5 925172 946832 1088652
11.5 925172 946832 1088652
11.5 925172 946832 1088652
11.5 925172 946832 1088652
11.5 925172 946832 1088652
11.5 925172 946832 1088652
11.5 925172 946832 1088652
11.5 925172 946832 1088652
11.5 925172 946832 1088652
11.5 925172 946832 1088652
11.5 925172 946832 1088652
11.5 925172 946832 1088652
11.5 925172 946832 1088652
11.5 925172 946832 1088652
11.5 925172 946832 1088652
11.5 925172 946832 1088652
11.5 925172 946832 1088652
11.5 925172 946832 1088652
11.5 925172 946832 1088652
11.5 925172 946832 1088652
11.5 925172 946832 1088652
11.5 925172 946832 1088652
11.5 925172 946832 1088652
11.5 925172 946832 1088652
11.5 925172 946832 1088652
11.5 925172 946832 1088652
11.5 925172 946832 1088652
11.5 925172 946832 1088652
11.5 925172 946832 1088652
11.5 925172 946832 1088652
11.5 925172 946832 1088652
11.5 925172 946832 1088652
11.5 925172 946832 1088652
11.5 925172 946832 1088652
11.5 925172 946832 1088652
11.5 925172 946832 1088652
11.5 925172 946832 1088652
11.5 925172 946832 1088652
11.5 925172 946832 1088652
11.5 925172 946832 1088652
11.5 925172 946832 1088652
11.5 925172 946832 1088652
11.5 925172 946832 1088652
11.5 925172 946832 1088652
11.5 925172 946832 1088652
11.5 925172 946832 1088652
11.5 925172 946832 1088652
11.5 925172 946832 1088652
11.5 925172 946832 1088652
11.5 925172 946832 1088652
11.5 925172 946832 1088652
11.5 925172 946832 1088652
11.5 925172 946832 1088652
11.5 925172 946832 1088652
11.5 925172 946832 1088652
11.5 925172 946832 1088652
11.5 925172 946832 1088652
11.5 925172 946832 1088652
11.5 925172 946832 1088652
11.5 925172 946832 1088652
11.5 925172 946832 1088652
11.5 925172 946832 1088652
11.5 925172 946832 1088652
11.5 925172 946832 1088652
11.5 925172 946832 1088652
11.5 925172 946832 1088652
11.5 925172 946832 1088652
11.5 925172 946832 1088652
11.5 925172 946832 1088652
11.5 925172 946832 1088652
11.5 925172 946832 1088652
11.5 925172 946832 1088652
11.5 925172 946832 1088652
11.5 925172 946832 1088652
11.5 925172 946832 1088652
11.5 925172 946832 1088652
11.5 925172 946832 1088652
11.5 925172 946832 1088652
11.5 925172 946832 1088652
11.5 925172 946832 1088652
11.5 925172 946832 1088652
11.5 925172 946832 1088652
11.5 925172 946832 1088652
11.5 925172 946832 1088652
11.5 925172 946832 1088652
11.5 925172 946832 1088652
11.5 925172 946832 1088652
11.5 925172 946832 1088652
11.5 925172 946832 1088652
11.5 925172 946832 1088652
11.5 925172 946832 1088652
11.5 925172 946832 1088652
11.5 925172 946832 1088652
11.5 925172 946832 1088652
11.5 925172 946832 1088652
11.5 925172 946832 1088652
11.5 925172 946832 1088652
11.5 925172 946832 1088652
11.5 925172 946832 1088652
11.5 925172 946832 1088652
11.5 925172 946832 1088652
11.5 925172 946832 1088652
11.5 925172 946832 1088652
11.5 925172 946832 1088652
11.5 925172 946832 1088652
11.5 925172 946832 1088652
11.5 925172 946832 1088652
11.5 925172 946832 1088652
11.5 925172 946832 1088652
11.5 925172 946832 1088652
11.5 925172 946832 1088652
11.5 925172 946832 1088652
11.5 925172 946832 1088652
11.5 925172 946832 1088652
11.5 925172 946832 1088652
11.5 925172 946832 1088652
11.5 925172 946832 1088652
11.5 925172 946832 1088652
11.5 925172 946832 1088652
11.5 925172 946832 1088652
11.5 925172 946832 1088652
11.5 925172 946832 1088652
11.5 925172 946832 1088652
11.5 925172 946832 1088652
11.5 925172 946832 1088652
11.5 925172 946832 1088652
11.5 925172 946832 1088652
11.5 925172 946832 1088652
11.5 925172 946832 1088652
11.5 925172 946832 1088652
11.5 925172 946832 1088652
11.5 925172 946832 1088652
11.5 925172 946832 1088652
11.5 925172 946832 1088652
11.5 925172 946832 1088652
11.5 925172 946832 1088652
11.5 925172 946832 1088652
11.5 925172 946832 1088652
11.5 925172 946832 1088652
11.5 925172 946832 1088652
11.5 925172 946832 1088652
11.5 925172 946832 1088652
11.5 925172 946832 1088652
11.5 925172 946832 1088652
11.5 925172 946832 1088652
11.5 925172 946832 1088652
11.5 925172 946832 1088652
11.5 925172 946832 1088652
11.5 925176 946832 1088652
11.5 925176 946832 1088652
11.5 925176 946832 1088652
11.5 925176 946832 1088652
11.5 925176 946832 1088652
11.5 925176 946832 1088652
11.5 925176 946832 1088652
11.5 925176 946832 1088652
11.5 925176 946832 1088652
11.5 925176 946832 1088652
11.5 925176 946832 1088652
11.5 925176 946832 1088652
11.5 925176 946832 1088652
11.5 925176 946832 1088652
11.5 925176 946832 1088652
11.5 925176 946832 1088652
11.5 925176 946832 1088652
11.5 925176 946832 1088652
11.5 925176 946832 1088652
11.5 925176 946832 1088652
11.5 925176 946832 1088652
11.5 925176 946832 1088652
11.5 925176 946832 1088652
11.5 925176 946832 1088652
11.5 925176 946832 1088652
11.5 925176 946832 1088652
11.5 925176 946832 1088652
11.5 925176 946832 1088652
11.5 925176 946832 1088652
11.5 925176 946832 1088652
11.5 925176 946832 1088652
11.5 925176 946832 1088652
11.5 925176 946832 1088652
11.5 925176 946832 1088652
11.5 925176 946832 1088652
11.5 925176 946832 1088652
11.5 925176 946832 1088652
11.5 925176 946832 1088652
11.5 925176 946832 1088652
11.5 925176 946832 1088652
11.5 925176 946832 1088652
11.5 925176 946832 1088652
11.5 925176 946832 1088652
11.5 925176 946832 1088652
11.5 925176 946832 1088652
11.5 925176 946832 1088652
11.5 925176 946832 1088652
11.5 925176 946832 1088652
11.5 925176 946832 1088652
11.5 925176 946832 1088652
11.5 925176 946832 1088652
11.5 925176 946832 1088652
11.5 925176 946832 1088652
11.5 925176 946832 1088652
11.5 925176 946832 1088652
11.5 925176 946832 1088652
11.5 925176 946832 1088652
11.5 925176 946832 1088652
11.5 925176 946832 1088652
11.5 925176 946832 1088652
11.5 925176 946832 1088652
11.5 925176 946832 1088652
11.5 925176 946832 1088652
11.5 925176 946832 1088652
11.5 925176 946832 1088652
11.5 925176 946832 1088652
11.5 925176 946832 1088652
11.5 925176 946832 1088652
11.5 925176 946832 1088652
11.5 925176 946832 1088652
11.5 925176 946832 1088652
11.5 925176 946832 1088652
11.5 925176 946832 1088652
11.5 925176 946832 1088652
11.5 925176 946832 1088652
11.5 925176 946832 1088652
11.5 925176 946832 1088652
11.5 925176 946832 1088652
11.5 925176 946832 1088652
11.5 925176 946832 1088652
11.5 925176 946832 1088652
11.5 925176 946832 1088652
11.5 925176 946832 1088652
11.5 925176 946832 1088652
11.5 925176 946832 1088652
11.5 925176 946832 1088652
11.5 925176 946832 1088652
11.5 925176 946832 1088652
11.5 925176 946832 1088652
11.5 925176 946832 1088652
11.5 925176 946832 1088652
11.5 925176 946832 1088652
11.5 925176 946832 1088652
11.5 925176 946832 1088652
11.5 925176 946832 1088652
11.5 925176 946832 1088652
11.5 925176 946832 1088652
11.5 925176 946832 1088652
11.5 925176 946832 1088652
11.5 925176 946832 1088652
11.5 925176 946832 1088652
11.5 925176 946832 1088652
11.5 925176 946832 1088652
11.5 925176 946832 1088652
11.5 925176 946832 1088652
11.5 925176 946832 1088652
11.5 925176 946832 1088652
11.5 925176 946832 1088652
11.5 925176 946832 1088652
11.5 925176 946832 1088652
11.5 925176 946832 1088652
11.5 925176 946832 1088652
11.5 925176 946832 1088652
11.5 925176 946832 1088652
11.5 925176 946832 1088652
11.5 925176 946832 1088652
11.5 925176 946832 1088652
11.5 925176 946832 1088652
11.5 925176 946832 1088652
11.5 925176 946832 1088652
11.5 925176 946832 1088652
11.5 925176 946832 1088652
11.5 925176 946832 1088652
11.5 925176 946832 1088652
11.5 925176 946832 1088652
11.5 925176 946832 1088652
11.5 925176 946832 1088652
11.5 925176 946832 1088652
11.5 925176 946832 1088652
11.5 925176 946832 1088652
11.5 925176 946832 1088652
11.5 925176 946832 1088652
11.5 925176 946832 1088652
11.5 925176 946832 1088652
11.5 925176 946832 1088652
11.5 925176 946832 1088652
11.5 925176 946832 1088652
11.5 925176 946832 1088652
11.5 925176 946832 1088652
11.5 925176 946832 1088652
11.5 925176 946832 1088652
11.5 925176 946832 1088652
11.5 925176 946832 1088652
11.5 925176 946832 1088652
11.5 925176 946832 1088652
11.5 925176 946832 1088652
11.5 925176 946832 1088652
11.5 925176 946832 1088652
11.5 925176 946832 1088652
11.5 925176 946832 1088652
11.5 925176 946832 1088652
11.5 925176 946832 1088652
11.5 925176 946832 1088652
11.5 925176 946832 1088652
11.5 925176 946832 1088652
11.5 925176 946832 1088652
11.5 925176 946832 1088652
11.5 925176 946832 1088652
11.5 925176 946832 1088652
11.5 925176 946832 1088652
11.5 925176 946832 1088652
11.5 925176 946832 1088652
11.5 925176 946832 1088652
11.5 925176 946832 1088652
11.5 925176 946832 1088652
11.5 925176 946832 1088652
11.5 925176 946832 1088652
11.5 925176 946832 1088652
11.5 925176 946832 1088652
11.5 925176 946832 1088652
11.5 925176 946832 1088652
11.5 925176 946832 1088652
11.5 925176 946832 1088652
11.5 925176 946832 1088652
11.5 925176 946832 1088652
11.5 925176 946832 1088652
11.5 925176 946832 1088652
11.5 925176 946832 1088652
11.5 925176 946832 1088652
11.5 925176 946832 1088652
11.5 925176 946832 1088652
11.5 925176 946832 1088652
11.5 925176 946832 1088652
11.5 925176 946832 1088652
11.5 925176 946832 1088652
11.5 925176 946832 1088652
11.5 925176 946832 1088652
11.5 925176 946832 1088652
11.5 925176 946832 1088652
11.5 925176 946832 1088652
11.5 925176 946832 1088652
11.5 925176 946832 1088652
11.5 925176 946832 1088652
11.5 925176 946832 1088652
11.5 925176 946832 1088652
11.5 925176 946832 1088652
11.5 925176 946832 1088652
11.5 925176 946832 1088652
11.5 925176 946832 1088652
11.5 925176 946832 1088652
11.5 925176 946832 1088652
11.5 925176 946832 1088652
11.5 925176 946832 1088652
11.5 925176 946832 1088652
11.5 925176 946832 1088652
11.5 925176 946832 1088652
11.5 925176 946832 1088652
11.5 925176 946832 1088652
11.5 925176 946832 1088652
11.5 925176 946832 1088652
11.5 925176 946832 1088652
11.5 925176 946832 1088652
11.5 925176 946832 1088652
11.5 925176 946832 1088652
11.5 925176 946832 1088652
11.5 925176 946832 1088652
11.5 925176 946832 1088652
11.5 925176 946832 1088652
11.5 925176 946832 1088652
11.5 925176 946832 1088652
11.5 925176 946832 1088652
11.5 925176 946832 1088652
11.5 925176 946832 1088652
11.5 925176 946832 1088652
11.5 925176 946832 1088652
11.5 925176 946832 1088652
11.5 925176 946832 1088652
11.5 925176 946832 1088652
11.5 925176 946832 1088652
11.5 925176 946832 1088652
11.5 925176 946832 1088652
11.5 925176 946832 1088652
11.5 925176 946832 1088652
11.5 925176 946832 1088652
11.5 925176 946832 1088652
11.5 925176 946832 1088652
11.5 925176 946832 1088652
11.5 925176 946832 1088652
11.5 925176 946832 1088652
11.5 925176 946832 1088652
11.5 925176 946832 1088652
11.5 925176 946832 1088652
11.5 925176 946832 1088652
11.5 925176 946832 1088652
11.5 925176 946832 1088652
11.5 925176 946832 1088652
11.5 925176 946832 1088652
11.5 925176 946832 1088652
11.5 925176 946832 1088652
11.5 925176 946832 1088652
11.5 925176 946832 1088652
11.5 925176 946832 1088652
11.5 925176 946832 1088652
11.5 925176 946832 1088652
11.5 925176 946832 1088652
11.5 925176 946832 1088652
11.5 925176 946832 1088652
11.5 925176 946832 1088652
11.5 925176 946832 1088652
11.5 925176 946832 1088652
11.5 925176 946832 1088652
11.5 925176 946832 1088652
11.5 925176 946832 1088652
11.5 925176 946832 1088652
11.5 925176 946832 1088652
11.5 925176 946832 1088652
11.5 925176 946832 1088652
11.5 925176 946832 1088652
11.5 925176 946832 1088652
11.5 925176 946832 1088652
11.5 925176 946832 1088652
11.5 925176 946832 1088652
11.5 925176 946832 1088652
11.5 925176 946832 1088652
11.5 925176 946832 1088652
11.5 925176 946832 1088652
11.5 925176 946832 1088652
11.5 925176 946832 1088652
11.5 925176 946832 1088652
11.5 925176 946832 1088652
11.5 925176 946832 1088652
11.5 925176 946832 1088652
11.5 925176 946832 1088652
11.5 925176 946832 1088652
11.5 925176 946832 1088652
11.5 925176 946832 1088652
11.5 925176 946832 1088652
11.5 925176 946832 1088652
11.5 925176 946832 1088652
11.5 925176 946832 1088652
11.5 925176 946832 1088652
11.5 925176 946832 1088652
11.5 925176 946832 1088652
11.5 925176 946832 1088652
11.5 925176 946832 1088652
11.5 925176 946832 1088652
11.5 925176 946832 1088652
11.5 925176 946832 1088652
11.5 925176 946832 1088652
11.5 925176 946832 1088652
11.5 925176 946832 1088652
11.5 925176 946832 1088652
11.5 925176 946832 1088652
11.5 925176 946832 1088652
11.5 925176 946832 1088652
11.5 925176 946832 1088652
11.5 925176 946832 1088652
11.5 925176 946832 1088652
11.5 925176 946832 1088652
11.5 925176 946832 1088652
11.5 925176 946832 1088652
11.5 925176 946832 1088652
11.5 925176 946832 1088652
11.5 925176 946832 1088652
11.5 925176 946832 1088652
11.5 925176 946832 1088652
11.5 925176 946832 1088652
11.5 925176 946832 1088652
11.5 925176 946832 1088652
11.5 925176 946832 1088652
11.5 925176 946832 1088652
11.5 925176 946832 1088652
11.5 925176 946832 1088652
11.5 925176 946832 1088652
11.5 925176 946832 1088652
11.5 925176 946832 1088652
11.5 925176 946832 1088652
11.5 925176 946832 1088652
11.5 925176 946832 1088652
11.5 925176 946832 1088652
11.5 925176 946832 1088652
11.5 925176 946832 1088652
11.5 925176 946832 1088652
11.5 925176 946832 1088652
11.5 925176 946832 1088652
11.5 925176 946832 1088652
11.5 925176 946832 1088652
11.5 925176 946832 1088652
11.5 925176 946832 1088652
11.5 925176 946832 1088652
11.5 925176 946832 1088652
11.5 925176 946832 1088652
11.5 925176 946832 1088652
11.5 925176 946832 1088652
11.5 925176 946832 1088652
11.5 925176 946832 1088652
11.5 925176 946832 1088652
11.5 925176 946832 1088652
11.5 925176 946832 1088652
11.5 925176 946832 1088652
11.5 925176 946832 1088652
11.5 925176 946832 1088652
11.5 925176 946832 1088652
11.5 925176 946832 1088652
11.5 925176 946832 1088652
11.5 925176 946832 1088652
11.5 925176 946832 1088652
11.5 925176 946832 1088652
11.5 925176 946832 1088652
11.5 925176 946832 1088652
11.5 925176 946832 1088652
11.5 925176 946832 1088652
11.5 925176 946832 1088652
11.5 925176 946832 1088652
11.5 925176 946832 1088652
11.5 925176 946832 1088652
11.5 925176 946832 1088652
11.5 925176 946832 1088652
11.5 925176 946832 1088652
11.5 925176 946832 1088652
11.5 925176 946832 1088652
11.5 925176 946832 1088652
11.5 925176 946832 1088652
11.5 925176 946832 1088652
11.5 925176 946832 1088652
11.5 925176 946832 1088652
11.5 925176 946832 1088652
11.5 925176 946832 1088652
11.5 925176 946832 1088652
11.5 925176 946832 1088652
11.5 925176 946832 1088652
11.5 925176 946832 1088652
11.5 925176 946832 1088652
11.5 925176 946832 1088652
11.5 925176 946832 1088652
11.5 925176 946832 1088652
11.5 925176 946832 1088652
11.5 925176 946832 1088652
11.5 925176 946832 1088652
11.5 925176 946832 1088652
11.5 925176 946832 1088652
11.5 925176 946832 1088652
11.5 925176 946832 1088652
11.5 925176 946832 1088652
11.5 925176 946832 1088652
11.5 925176 946832 1088652
11.5 925176 946832 1088652
11.5 925176 946832 1088652
11.5 925176 946832 1088652
11.5 925176 946832 1088652
11.5 925176 946832 1088652
11.5 925176 946832 1088652
11.5 925176 946832 1088652
11.5 925176 946832 1088652
11.5 925176 946832 1088652
11.5 925176 946832 1088652
11.5 925176 946832 1088652
11.5 925176 946832 1088652
11.5 925176 946832 1088652
11.5 925176 946832 1088652
11.5 925176 946832 1088652
11.5 925176 946832 1088652
11.5 925176 946832 1088652
11.5 925176 946832 1088652
11.5 925176 946832 1088652
11.5 925176 946832 1088652
11.5 925176 946832 1088652
11.5 925176 946832 1088652
11.5 925176 946832 1088652
11.5 925176 946832 1088652
11.5 925176 946832 1088652
11.5 925176 946832 1088652
11.5 925176 946832 1088652
11.5 925176 946832 1088652
11.5 925176 946832 1088652
11.5 925176 946832 1088652
11.5 925176 946832 1088652
11.5 925176 946832 1088652
11.5 925176 946832 1088652
11.5 925176 946832 1088652
11.5 925176 946832 1088652
11.5 925176 946832 1088652
11.5 925176 946832 1088652
11.5 925176 946832 1088652
11.5 925176 946832 1088652
11.5 925176 946832 1088652
11.5 925176 946832 1088652
11.5 925176 946832 1088652
11.5 925176 946832 1088652
11.5 925176 946832 1088652
11.5 925176 946832 1088652
11.5 925176 946832 1088652
11.5 925176 946832 1088652
11.5 925176 946832 1088652
11.5 925176 946832 1088652
11.5 925176 946832 1088652
11.5 925176 946832 1088652
11.5 925176 946832 1088652
11.5 925176 946832 1088652
11.5 925176 946832 1088652
11.5 925176 946832 1088652
11.5 925176 946832 1088652
11.5 925176 946832 1088652
11.5 925176 946832 1088652
11.5 925176 946832 1088652
11.5 925176 946832 1088652
11.5 925176 946832 1088652
11.5 925176 946832 1088652
11.5 925176 946832 1088652
11.5 925176 946832 1088652
11.5 925176 946832 1088652
11.5 925176 946832 1088652
11.5 925176 946832 1088652
11.5 925176 946832 1088652
11.5 925176 946832 1088652
11.5 925176 946832 1088652
11.5 925176 946832 1088652
11.5 925176 946832 1088652
11.5 925176 946832 1088652
11.5 925176 946832 1088652
11.5 925176 946832 1088652
11.5 925176 946832 1088652
11.5 925176 946832 1088652
11.5 925176 946832 1088652
11.5 925176 946832 1088652
11.5 925176 946832 1088652
11.5 925176 946832 1088652
11.5 925176 946832 1088652
11.5 925176 946832 1088652
11.5 925176 946832 1088652
11.5 925176 946832 1088652
11.5 925176 946832 1088652
11.5 925176 946832 1088652
11.5 925176 946832 1088652
11.5 925176 946832 1088652
11.5 925176 946832 1088652
11.5 925176 946832 1088652
11.5 925176 946832 1088652
11.5 925176 946832 1088652
11.5 925176 946832 1088652
11.5 925176 946832 1088652
11.5 925176 946832 1088652
11.5 925176 946832 1088652
11.5 925176 946832 1088652
11.5 925176 946832 1088652
11.5 925176 946832 1088652
11.5 925176 946832 1088652
11.5 925176 946832 1088652
11.5 925176 946832 1088652
11.5 925176 946832 1088652
11.5 925176 946832 1088652
11.5 925176 946832 1088652
11.5 925176 946832 1088652
11.5 925176 946832 1088652
11.5 925176 946832 1088652
11.5 925176 946832 1088652
11.5 925176 946832 1088652
11.5 925176 946832 1088652
11.5 925176 946832 1088652
11.5 925176 946832 1088652
11.5 925176 946832 1088652
11.5 925176 946832 1088652
11.5 925176 946832 1088652
11.5 925176 946832 1088652
11.5 925176 946832 1088652
11.5 925176 946832 1088652
11.5 925176 946832 1088652
11.5 925176 946832 1088652
11.5 925176 946832 1088652
11.5 925176 946832 1088652
11.5 925176 946832 1088652
11.5 925176 946832 1088652
11.5 925176 946832 1088652
11.5 925176 946832 1088652
11.5 925176 946832 1088652
11.5 925176 946832 1088652
11.5 925176 946832 1088652
11.5 925176 946832 1088652
11.5 925176 946832 1088652
11.5 925176 946832 1088652
11.5 925176 946832 1088652
11.5 925176 946832 1088652
11.5 925176 946832 1088652
11.5 925176 946832 1088652
11.5 925176 946832 1088652
11.5 925176 946832 1088652
11.5 925176 946832 1088652
11.5 925176 946832 1088652
11.5 925176 946832 1088652
11.5 925176 946832 1088652
11.5 925176 946832 1088652
11.5 925176 946832 1088652
11.5 925176 946832 1088652
11.5 925176 946832 1088652
11.5 925176 946832 1088652
11.5 925176 946832 1088652
11.5 925176 946832 1088652
11.5 925176 946832 1088652
11.5 925176 946832 1088652
11.5 925176 946832 1088652
11.5 925176 946832 1088652
11.5 925176 946832 1088652
11.5 925176 946832 1088652
11.5 925176 946832 1088652
11.5 925176 946832 1088652
11.5 925176 946832 1088652
11.5 925176 946832 1088652
11.5 925176 946832 1088652
11.5 925176 946832 1088652
11.5 925176 946832 1088652
11.5 925176 946832 1088652
11.5 925176 946832 1088652
11.5 925176 946832 1088652
11.5 925176 946832 1088652
11.5 925176 946832 1088652
11.5 925176 946832 1088652
11.5 925176 946832 1088652
11.5 925176 946832 1088652
11.5 925176 946832 1088652
11.5 925176 946832 1088652
11.5 925176 946832 1088652
11.5 925176 946832 1088652
11.5 925176 946832 1088652
11.5 925176 946832 1088652
11.5 925176 946832 1088652
11.5 925176 946832 1088652
11.5 925176 946832 1088652
11.5 925176 946832 1088652
11.5 925176 946832 1088652
11.5 925176 946832 1088652
11.5 925176 946832 1088652
11.5 925176 946832 1088652
11.5 925176 946832 1088652
11.5 925176 946832 1088652
11.5 925176 946832 1088652
11.5 925176 946832 1088652
11.5 925176 946832 1088652
11.5 925176 946832 1088652
11.5 925176 946832 1088652
11.5 925176 946832 1088652
11.5 925176 946832 1088652
11.5 925176 946832 1088652
11.5 925176 946832 1088652
11.5 925176 946832 1088652
11.5 925176 946832 1088652
11.5 925176 946832 1088652
11.5 925176 946832 1088652
11.5 925176 946832 1088652
11.5 925176 946832 1088652
11.5 925176 946832 1088652
11.5 925176 946832 1088652
11.5 925176 946832 1088652
11.5 925176 946832 1088652
11.5 925176 946832 1088652
11.5 925176 946832 1088652
11.5 925176 946832 1088652
11.5 925176 946832 1088652
11.5 925176 946832 1088652
11.5 925176 946832 1088652
11.5 925176 946832 1088652
11.5 925176 946832 1088652
11.5 925176 946832 1088652
11.5 925176 946832 1088652
11.5 925176 946832 1088652
11.5 925176 946832 1088652
11.5 925176 946832 1088652
11.5 925176 946832 1088652
11.5 925176 946832 1088652
11.5 925176 946832 1088652
11.5 925176 946832 1088652
11.5 925176 946832 1088652
11.5 925176 946832 1088652
11.5 925176 946832 1088652
11.5 925176 946832 1088652
11.5 925176 946832 1088652
11.5 925176 946832 1088652
11.5 925176 946832 1088652
11.5 925176 946832 1088652
11.5 925176 946832 1088652
11.5 925176 946832 1088652
11.5 925176 946832 1088652
11.5 925176 946832 1088652
11.5 925176 946832 1088652
11.5 925176 946832 1088652
11.5 925176 946832 1088652
11.5 925176 946832 1088652
11.5 925176 946832 1088652
11.5 925176 946832 1088652
11.5 925176 946832 1088652
11.5 925176 946832 1088652
11.5 925176 946832 1088652
11.5 925176 946832 1088652
11.5 925176 946832 1088652
11.5 925176 946832 1088652
11.5 925176 946832 1088652
11.5 925176 946832 1088652
11.5 925176 946832 1088652
11.5 925176 946832 1088652
11.5 925176 946832 1088652
11.5 925176 946832 1088652
11.5 925176 946832 1088652
11.5 925176 946832 1088652
11.5 925176 946832 1088652
11.5 925176 946832 1088652
11.5 925176 946832 1088652
11.5 925176 946832 1088652
11.5 925176 946832 1088652
11.5 925176 946832 1088652
11.5 925176 946832 1088652
11.5 925176 946832 1088652
11.5 925176 946832 1088652
11.5 925176 946832 1088652
11.5 925176 946832 1088652
11.5 925176 946832 1088652
11.5 925176 946832 1088652
11.5 925176 946832 1088652
11.5 925176 946832 1088652
11.5 925176 946832 1088652
11.5 925176 946832 1088652
11.5 925176 946832 1088652
11.5 925176 946832 1088652
11.5 925176 946832 1088652
11.5 925176 946832 1088652
11.5 925176 946832 1088652
11.5 925176 946832 1088652
11.5 925176 946832 1088652
11.5 925176 946832 1088652
11.5 925176 946832 1088652
11.5 925176 946832 1088652
11.5 925176 946832 1088652
11.5 925176 946832 1088652
11.5 925176 946832 1088652
11.5 925176 946832 1088652
11.5 925176 946832 1088652
11.5 925176 946832 1088652
11.5 925176 946832 1088652
11.5 925176 946832 1088652
11.5 925176 946832 1088652
11.5 925176 946832 1088652
11.5 925176 946832 1088652
11.5 925176 946832 1088652
11.5 925176 946832 1088652
11.5 925176 946832 1088652
11.5 925176 946832 1088652
11.5 925176 946832 1088652
11.5 925176 946832 1088652
11.5 925176 946832 1088652
11.5 925176 946832 1088652
11.5 925176 946832 1088652
11.5 925176 946832 1088652
11.5 925176 946832 1088652
11.5 925176 946832 1088652
11.5 925176 946832 1088652
11.5 925176 946832 1088652
11.5 925176 946832 1088652
11.5 925176 946832 1088652
11.5 925176 946832 1088652
11.5 925176 946832 1088652
11.5 925176 946832 1088652
11.5 925176 946832 1088652
11.5 925176 946832 1088652
11.5 925176 946832 1088652
11.5 925176 946832 1088652
11.5 925176 946832 1088652
11.5 925176 946832 1088652
11.5 925176 946832 1088652
11.5 925176 946832 1088652
11.5 925176 946832 1088652
11.5 925176 946832 1088652
11.5 925176 946832 1088652
11.5 925176 946832 1088652
11.5 925176 946832 1088652
11.5 925176 946832 1088652
11.5 925176 946832 1088652
11.5 925176 946832 1088652
11.5 925176 946832 1088652
11.5 925176 946832 1088652
11.5 925176 946832 1088652
11.5 925176 946832 1088652
11.5 925176 946832 1088652
11.5 925176 946832 1088652
11.5 925176 946832 1088652
11.5 925176 946832 1088652
11.5 925176 946832 1088652
11.5 925176 946832 1088652
11.5 925176 946832 1088652
11.5 925176 946832 1088652
11.5 925176 946832 1088652
11.5 925176 946832 1088652
11.5 925176 946832 1088652
11.5 925176 946832 1088652
11.5 925176 946832 1088652
11.5 925176 946832 1088652
11.5 925176 946832 1088652
11.5 925176 946832 1088652
11.5 925176 946832 1088652
11.5 925176 946832 1088652
11.5 925176 946832 1088652
11.5 925176 946832 1088652
11.5 925176 946832 1088652
11.5 925176 946832 1088652
11.5 925176 946832 1088652
11.5 925176 946832 1088652
11.5 925176 946832 1088652
11.5 925176 946832 1088652
 9.5 761324 946832 1088652
 5.7 462316 946832 1088652
 0.0  3600 25228 167048
 0.2 17720 178832 320652
 0.8 67092 178832 320652
 1.5 120340 178832 320652
 2.1 169304 332436 474256
 2.7 220700 332436 474256
 3.4 273948 332436 474256
 4.0 324984 486040 627860
 4.7 376356 486040 627860
 5.2 420944 486040 627860
 5.7 461864 486040 627860
 6.2 503048 639644 781464
 6.7 542912 639644 781464
 7.3 586208 639644 781464
 7.8 627128 793248 935068
 8.3 666464 793248 935068
 8.8 711608 793248 935068
 9.4 752000 793248 935068
 9.9 792656 946852 1088672
10.4 833312 946852 1088672
10.9 874760 946852 1088672
11.4 915416 946852 1088672
11.5 923864 946852 1088672
11.5 923864 946852 1088672
11.5 923864 946852 1088672
11.5 923864 946852 1088672
11.5 923864 946852 1088672
11.5 923864 946852 1088672
11.5 923864 946852 1088672
11.5 923864 946852 1088672
11.5 923864 946852 1088672
11.5 923864 946852 1088672
11.5 923864 946852 1088672
11.5 923864 946852 1088672
11.5 923864 946852 1088672
11.5 923864 946852 1088672
11.5 923864 946852 1088672
11.5 923864 946852 1088672
11.5 923864 946852 1088672
11.5 923864 946852 1088672
11.5 923864 946852 1088672
11.5 923864 946852 1088672
11.5 923864 946852 1088672
11.5 923864 946852 1088672
11.5 923864 946852 1088672
11.5 923864 946852 1088672
11.5 923864 946852 1088672
11.5 923864 946852 1088672
11.5 923864 946852 1088672
11.5 923864 946852 1088672
11.5 923864 946852 1088672
11.5 923864 946852 1088672
11.5 923864 946852 1088672
11.5 923864 946852 1088672
11.5 923864 946852 1088672
11.5 923864 946852 1088672
11.5 923864 946852 1088672
11.5 923864 946852 1088672
11.5 923864 946852 1088672
11.5 923864 946852 1088672
11.5 923864 946852 1088672
11.5 923864 946852 1088672
11.5 923864 946852 1088672
11.5 923864 946852 1088672
11.5 923864 946852 1088672
11.5 923864 946852 1088672
11.5 923864 946852 1088672
11.5 923864 946852 1088672
11.5 923864 946852 1088672
11.5 923864 946852 1088672
11.5 923864 946852 1088672
11.5 923864 946852 1088672
11.5 923864 946852 1088672
11.5 923864 946852 1088672
11.5 923864 946852 1088672
11.5 923864 946852 1088672
11.5 923864 946852 1088672
11.5 923864 946852 1088672
11.5 923864 946852 1088672
11.5 923864 946852 1088672
11.5 923864 946852 1088672
11.5 923864 946852 1088672
11.5 923864 946852 1088672
11.5 923864 946852 1088672
11.5 923864 946852 1088672
11.5 923864 946852 1088672
11.5 923864 946852 1088672
11.5 923864 946852 1088672
11.5 923864 946852 1088672
11.5 923864 946852 1088672
11.5 923864 946852 1088672
11.5 923864 946852 1088672
11.5 923864 946852 1088672
11.5 923864 946852 1088672
11.5 923864 946852 1088672
11.5 923864 946852 1088672
11.5 923864 946852 1088672
11.5 923864 946852 1088672
11.5 923864 946852 1088672
11.5 923864 946852 1088672
11.5 923864 946852 1088672
11.5 923864 946852 1088672
11.5 923864 946852 1088672
11.5 923864 946852 1088672
11.5 923864 946852 1088672
11.5 923864 946852 1088672
11.5 923864 946852 1088672
11.5 923864 946852 1088672
11.5 923864 946852 1088672
11.5 923864 946852 1088672
11.5 923864 946852 1088672
11.5 923864 946852 1088672
11.5 923864 946852 1088672
11.5 923864 946852 1088672
11.5 923864 946852 1088672
11.5 923864 946852 1088672
11.5 923864 946852 1088672
11.5 923864 946852 1088672
11.5 923864 946852 1088672
11.5 923864 946852 1088672
11.5 923864 946852 1088672
11.5 923864 946852 1088672
11.5 923864 946852 1088672
11.5 923864 946852 1088672
11.5 923864 946852 1088672
11.5 923864 946852 1088672
11.5 923864 946852 1088672
11.5 923864 946852 1088672
11.5 923864 946852 1088672
11.5 923864 946852 1088672
11.5 923864 946852 1088672
11.5 923864 946852 1088672
11.5 923864 946852 1088672
11.5 923864 946852 1088672
11.5 923864 946852 1088672
11.5 923864 946852 1088672
11.5 923864 946852 1088672
11.5 923864 946852 1088672
11.5 923864 946852 1088672
11.5 923864 946852 1088672
11.5 923864 946852 1088672
11.5 923864 946852 1088672
11.5 923864 946852 1088672
11.5 923864 946852 1088672
11.5 923864 946852 1088672
11.5 923864 946852 1088672
11.5 923864 946852 1088672
11.5 923864 946852 1088672
11.5 923864 946852 1088672
11.5 923864 946852 1088672
11.5 923864 946852 1088672
11.5 923864 946852 1088672
11.5 923864 946852 1088672
11.5 923864 946852 1088672
11.5 923864 946852 1088672
11.5 923864 946852 1088672
11.5 923864 946852 1088672
11.5 923864 946852 1088672
11.5 923864 946852 1088672
11.5 923864 946852 1088672
11.5 923864 946852 1088672
11.5 923864 946852 1088672
11.5 923864 946852 1088672
11.5 923864 946852 1088672
11.5 923864 946852 1088672
11.5 923864 946852 1088672
11.5 923864 946852 1088672
11.5 923864 946852 1088672
11.5 923864 946852 1088672
11.5 923864 946852 1088672
11.5 923864 946852 1088672
11.5 923864 946852 1088672
11.5 923864 946852 1088672
11.5 923864 946852 1088672
11.5 923864 946852 1088672
11.5 923864 946852 1088672
11.5 923864 946852 1088672
11.5 923864 946852 1088672
11.5 923864 946852 1088672
11.5 923864 946852 1088672
11.5 923864 946852 1088672
11.5 923864 946852 1088672
11.5 923864 946852 1088672
11.5 923864 946852 1088672
11.5 923864 946852 1088672
11.5 923864 946852 1088672
11.5 923864 946852 1088672
11.5 923864 946852 1088672
11.5 923864 946852 1088672
11.5 923864 946852 1088672
11.5 923864 946852 1088672
11.5 923864 946852 1088672
11.5 923864 946852 1088672
11.5 923864 946852 1088672
11.5 923864 946852 1088672
11.5 923864 946852 1088672
11.5 923864 946852 1088672
11.5 923864 946852 1088672
11.5 923864 946852 1088672
11.5 923864 946852 1088672
11.5 923864 946852 1088672
11.5 923864 946852 1088672
11.5 923864 946852 1088672
11.5 923864 946852 1088672
11.5 923864 946852 1088672
11.5 923864 946852 1088672
11.5 923864 946852 1088672
11.5 923864 946852 1088672
11.5 923864 946852 1088672
11.5 923864 946852 1088672
11.5 923864 946852 1088672
11.5 923864 946852 1088672
11.5 923864 946852 1088672
11.5 923864 946852 1088672
11.5 923864 946852 1088672
11.5 923864 946852 1088672
11.5 923864 946852 1088672
11.5 923864 946852 1088672
11.5 923864 946852 1088672
11.5 923864 946852 1088672
11.5 923864 946852 1088672
11.5 923864 946852 1088672
11.5 923864 946852 1088672
11.5 923864 946852 1088672
11.5 923864 946852 1088672
11.5 923864 946852 1088672
11.5 923864 946852 1088672
11.5 923864 946852 1088672
11.5 923864 946852 1088672
11.5 923864 946852 1088672
11.5 923864 946852 1088672
11.5 923864 946852 1088672
11.5 923864 946852 1088672
11.5 923864 946852 1088672
11.5 923864 946852 1088672
11.5 923864 946852 1088672
11.5 923864 946852 1088672
11.5 923864 946852 1088672
11.5 923864 946852 1088672
11.5 923864 946852 1088672
11.5 923864 946852 1088672
11.5 923864 946852 1088672
11.5 923864 946852 1088672
11.5 923864 946852 1088672
11.5 923864 946852 1088672
11.5 923864 946852 1088672
11.5 923864 946852 1088672
11.5 923864 946852 1088672
11.5 923864 946852 1088672
11.5 923864 946852 1088672
11.5 923864 946852 1088672
11.5 923864 946852 1088672
11.5 923864 946852 1088672
11.5 923864 946852 1088672
11.5 923864 946852 1088672
11.5 923864 946852 1088672
11.5 923864 946852 1088672
11.5 923864 946852 1088672
11.5 923864 946852 1088672
11.5 923864 946852 1088672
11.5 923864 946852 1088672
11.5 923864 946852 1088672
11.5 923864 946852 1088672
11.5 923864 946852 1088672
11.5 923864 946852 1088672
11.5 923864 946852 1088672
11.5 923864 946852 1088672
11.5 923864 946852 1088672
11.5 923864 946852 1088672
11.5 923864 946852 1088672
11.5 923864 946852 1088672
11.5 923864 946852 1088672
11.5 923864 946852 1088672
11.5 923864 946852 1088672
11.5 923864 946852 1088672
11.5 923864 946852 1088672
11.5 923864 946852 1088672
11.5 923864 946852 1088672
11.5 923864 946852 1088672
11.5 923864 946852 1088672
11.5 923864 946852 1088672
11.5 923864 946852 1088672
11.5 923864 946852 1088672
11.5 923864 946852 1088672
11.5 923864 946852 1088672
11.5 923864 946852 1088672
11.5 923864 946852 1088672
11.5 923864 946852 1088672
11.5 923864 946852 1088672
11.5 923864 946852 1088672
11.5 923864 946852 1088672
11.5 923864 946852 1088672
11.5 923864 946852 1088672
11.5 923864 946852 1088672
11.5 923864 946852 1088672
11.5 923864 946852 1088672
11.5 923864 946852 1088672
11.5 923864 946852 1088672
11.5 923864 946852 1088672
11.5 923864 946852 1088672
11.5 923864 946852 1088672
11.5 923864 946852 1088672
11.5 923864 946852 1088672
11.5 923864 946852 1088672
11.5 923864 946852 1088672
11.5 923864 946852 1088672
11.5 923864 946852 1088672
11.5 923864 946852 1088672
11.5 923864 946852 1088672
11.5 923864 946852 1088672
11.5 923864 946852 1088672
11.5 923864 946852 1088672
11.5 923864 946852 1088672
11.5 923864 946852 1088672
11.5 923864 946852 1088672
11.5 923864 946852 1088672
11.5 923864 946852 1088672
11.5 923864 946852 1088672
11.5 923864 946852 1088672
11.5 923864 946852 1088672
11.5 923864 946852 1088672
11.5 923864 946852 1088672
11.5 923864 946852 1088672
11.5 923864 946852 1088672
11.5 923864 946852 1088672
11.5 923864 946852 1088672
11.5 923864 946852 1088672
11.5 923864 946852 1088672
11.5 923864 946852 1088672
11.5 923864 946852 1088672
11.5 923864 946852 1088672
11.5 923864 946852 1088672
11.5 923864 946852 1088672
11.5 923864 946852 1088672
11.5 923864 946852 1088672
11.5 923864 946852 1088672
11.5 923864 946852 1088672
11.5 923864 946852 1088672
11.5 923864 946852 1088672
11.5 923864 946852 1088672
11.5 923864 946852 1088672
11.5 923864 946852 1088672
11.5 923864 946852 1088672
11.5 923864 946852 1088672
11.5 923864 946852 1088672
11.5 923864 946852 1088672
11.5 923864 946852 1088672
11.5 923864 946852 1088672
11.5 923864 946852 1088672
11.5 923864 946852 1088672
11.5 923864 946852 1088672
11.5 923864 946852 1088672
11.5 923864 946852 1088672
11.5 923864 946852 1088672
11.5 923864 946852 1088672
11.5 923864 946852 1088672
11.5 923864 946852 1088672
11.5 923864 946852 1088672
11.5 923864 946852 1088672
11.5 923864 946852 1088672
11.5 923864 946852 1088672
 6.5 527020 639644 781464
 3.8 309660 332436 474256
 1.4 117264 178832 320652
