coretemp-isa-0000
Adapter: ISA adapter
Package id 0:  +68.0°C  (high = +100.0°C, crit = +100.0°C)
Core 0:        +68.0°C  (high = +100.0°C, crit = +100.0°C)
Core 1:        +59.0°C  (high = +100.0°C, crit = +100.0°C)
Core 2:        +65.0°C  (high = +100.0°C, crit = +100.0°C)
Core 3:        +61.0°C  (high = +100.0°C, crit = +100.0°C)

pch_cannonlake-virtual-0
Adapter: Virtual device
temp1:        +54.0°C  

BAT0-acpi-0
Adapter: ACPI interface
in0:          12.81 V  
curr1:       1000.00 uA 

dell_smm-virtual-0
Adapter: Virtual device
fan1:           0 RPM

radeon-pci-0100
Adapter: PCI adapter
temp1:            N/A  (crit = +120.0°C, hyst = +90.0°C)

acpitz-acpi-0
Adapter: ACPI interface
temp1:        +25.0°C  (crit = +107.0°C)

%MEM   RSS  SIZE    VSZ
 0.0  2240   424   8636
 0.0  2240   424   8636
 0.0  2240   424   8636
 0.0  2240   424   8636
 0.0  2240   424   8636
 0.0  2240   424   8636
 0.0  2240   424   8636
 0.0  2240   424   8636
 0.0  2240   424   8636
 0.0  2240   424   8636
 0.0  2240   424   8636
 0.0  2240   424   8636
 0.0  2240   424   8636
 0.0  2240   424   8636
 0.0  2240   424   8636
 0.0  2240   424   8636
 0.0  2240   424   8636
 0.0  2240   424   8636
 0.0  2240   424   8636
 0.0  2240   424   8636
 0.0  2240   424   8636
 0.0  2240   424   8636
 0.0  2240   424   8636
 0.0  2240   424   8636
 0.0  2240   424   8636
 0.0  2240   424   8636
 0.0  2240   424   8636
 0.0  2240   424   8636
 0.0  2240   424   8636
 0.0  2240   424   8636
 0.0  2240   424   8636
 0.0  2240   424   8636
 0.0  3748   588   8800
 0.0  3748   752   8964
 0.0  4912  9076  17292
 0.0  5820  9188  17404
 0.0  6140 50808 320660
 0.0  7988 52656 322508
 0.1  9836 54768 324620
 0.1 11948 56616 326468
 0.1 13796 58596 328448
 0.1 15644 60444 330296
 0.2 17756 62424 332276
 0.2 19604 64404 334256
 0.2 21452 66384 336236
 0.2 23564 68364 338216
 0.3 25412 70344 340196
 0.3 27260 72192 342044
 0.3 29372 74172 344024
 0.3 31220 76152 346004
 0.4 33068 78000 347852
 0.4 35180 79980 349832
 0.4 37028 81828 351680
 0.4 39140 83808 353660
 0.5 40988 85788 355640
 0.5 42836 87768 357620
 0.5 44948 89748 359600
 0.5 46796 91596 361448
 0.6 48644 93576 363428
 0.6 50756 95556 365408
 0.6 52604 97536 367388
 0.6 54716 99516 369368
 0.7 56564 101364 371216
 0.7 58412 103344 373196
 0.7 60524 105324 375176
 0.7 62372 107304 377156
 0.8 64484 109152 379004
 0.8 66332 111132 380984
 0.8 68180 113112 382964
 0.8 70292 115092 384944
 0.9 72140 116940 386792
 0.9 73988 118920 388772
 0.9 76100 120900 390752
 0.9 77948 122880 392732
 1.0 80060 124728 394580
 1.0 81908 126708 396560
 1.0 83756 128688 398540
 1.0 85868 130668 400520
 1.0 87716 132516 402368
 1.1 89564 134496 404348
 1.1 91676 136476 406328
 1.1 93524 138456 408308
 1.1 95372 140304 410156
 1.2 97484 142284 412136
 1.2 99332 144132 413984
 1.2 101444 146112 415964
 1.2 103292 148092 417944
 1.3 105140 150072 419924
 1.3 107252 152052 421904
 1.3 109100 154032 423884
 1.3 111212 155880 425732
 1.4 113060 157860 427712
 1.4 114908 159840 429692
 1.4 117020 161884 431672
 1.4 118600 163436 432332
 1.4 119656 164588 432332
 1.5 120448 165420 432332
 1.5 121240 166168 432332
 1.5 122032 167004 432332
 1.5 123088 167924 432332
 1.5 123880 168872 432332
 1.5 124936 169912 432332
 1.5 125992 170920 432332
 1.5 127048 171964 432332
 1.6 128104 172924 432332
 1.6 129160 174080 432332
 1.6 129952 174764 432332
 1.6 130216 175268 432332
 1.6 130744 175660 432332
 1.6 130744 175660 432332
 1.6 130744 175660 432332
 1.6 130744 175660 432332
 1.6 130744 175660 432332
 1.6 130744 175660 432332
 1.6 130744 175660 432332
 1.6 130744 175660 432332
 1.6 130744 175660 432332
 1.6 130744 175660 432332
 1.6 130744 175660 432332
 1.6 130744 175660 432332
 1.6 130744 175660 432332
 1.6 130744 175660 432332
 1.6 130744 175660 432332
 1.6 130744 175660 432332
 1.6 130744 175660 432332
 1.6 130744 175660 432332
 1.6 130744 175660 432332
 1.6 130744 175660 432332
 1.6 130744 175660 432332
 1.6 130744 175660 432332
 1.6 130744 175660 432332
 1.6 130744 175660 432332
 1.6 130744 175660 432332
 1.6 130744 175660 432332
 1.6 130744 175660 432332
 1.6 130744 175660 432332
 1.6 130744 175660 432332
 1.6 130744 175660 432332
 1.6 130744 175660 432332
 1.6 132588 177136 433124
 1.6 133380 178052 433124
 1.6 134436 178960 433124
 1.6 135228 179868 433124
 1.7 136020 180648 433124
 1.7 136812 181500 433124
 1.7 137604 182324 433124
 1.7 138396 183004 433124
 1.7 139188 183856 433124
 1.7 139980 184724 433124
 1.7 140772 185548 433124
 1.7 141564 186272 433124
 1.7 142884 187448 433124
 1.7 143676 188292 433124
 1.8 144468 189028 433124
 1.8 145260 189908 433124
 1.8 146052 190608 433124
 1.8 146052 190608 433124
 1.8 146052 190608 433124
 1.8 146052 190608 433124
 1.8 146052 190608 433124
 1.8 146052 190608 433124
 1.8 146052 190608 433124
 1.8 146052 190608 433124
 1.8 146180 190756 433272
 1.8 146180 190756 433272
 1.8 146180 190756 433272
 1.8 146180 190756 433272
 1.8 146180 190756 433272
 1.8 146180 190756 433272
 1.8 146180 190756 433272
 1.8 146180 190756 433272
 1.8 146180 190900 433408
 1.8 146236 190764 433272
 1.8 145792 174380 416880
 1.7 141080 169540 412040
 1.7 141080 169540 412040
 1.7 141080 169540 412040
 1.7 141080 169540 412040
 0.0     0     0      0
