coretemp-isa-0000
Adapter: ISA adapter
Package id 0:  +59.0°C  (high = +100.0°C, crit = +100.0°C)
Core 0:        +59.0°C  (high = +100.0°C, crit = +100.0°C)
Core 1:        +55.0°C  (high = +100.0°C, crit = +100.0°C)
Core 2:        +58.0°C  (high = +100.0°C, crit = +100.0°C)
Core 3:        +56.0°C  (high = +100.0°C, crit = +100.0°C)

pch_cannonlake-virtual-0
Adapter: Virtual device
temp1:        +50.0°C  

BAT0-acpi-0
Adapter: ACPI interface
in0:          12.61 V  
curr1:       1000.00 uA 

dell_smm-virtual-0
Adapter: Virtual device
fan1:           0 RPM

radeon-pci-0100
Adapter: PCI adapter
temp1:            N/A  (crit = +120.0°C, hyst = +90.0°C)

acpitz-acpi-0
Adapter: ACPI interface
temp1:        +25.0°C  (crit = +107.0°C)

%CPU %MEM     ELAPSED
 0.8 66744 102792 113792
 1.0 81080 102792 113792
 1.0 83128 102792 113792
 1.0 83128 102792 113792
 1.0 83128 102792 113792
 1.0 83128 102792 113792
 1.0 85176 102792 113792
 1.0 87224 102792 113792
 1.0 87224 102792 113792
 1.0 87224 102792 113792
 1.0 87224 102792 113792
 1.0 87224 102792 113792
 1.0 87224 102792 113792
 1.0 87224 102792 113792
 1.0 87224 102792 113792
 1.1 89272 102792 113792
 1.1 89272 102792 113792
 1.1 91540 102792 113792
 1.1 91540 102792 113792
 1.1 91540 102792 113792
 1.1 93588 102792 113792
 1.1 93588 102792 113792
 1.1 93588 102792 113792
 1.1 93588 102792 113792
 1.1 93588 102792 113792
 1.1 93588 102792 113792
 1.1 93588 102792 113792
 1.1 93588 102792 113792
 1.1 93588 102792 113792
 1.1 93588 102792 113792
 1.1 93588 102792 113792
 1.1 93588 102792 113792
 1.1 93588 102792 113792
 1.1 93588 102792 113792
 1.1 93588 102792 113792
 1.1 93588 102792 113792
 1.1 95636 102792 113792
 1.1 95636 102792 113792
 1.1 95636 102792 113792
 1.2 97684 102792 113792
 1.2 97684 102792 113792
 1.2 97684 102792 113792
 1.2 97684 102792 113792
 1.2 97684 102792 113792
 1.2 101780 102792 113792
 1.2 101780 102792 113792
 1.2 101780 102792 113792
 1.2 101780 102792 113792
 1.2 101780 102792 113792
 1.2 101780 102792 113792
 1.2 101780 102792 113792
 1.2 101780 102792 113792
 1.2 101780 102792 113792
 1.2 101780 102792 113792
 1.2 103828 102792 113792
 1.2 103828 102792 113792
 1.2 103828 102792 113792
 1.2 103828 102792 113792
 1.3 105876 102792 113792
 1.3 105876 102792 113792
 1.3 105876 102792 113792
 1.3 105876 102792 113792
 1.3 105876 102792 113792
 1.3 105876 102792 113792
 1.3 105876 102792 113792
 1.3 105876 102792 113792
 1.3 105876 102792 113792
 1.3 105876 102792 113792
 1.3 105876 102792 113792
 1.3 105876 102792 113792
 1.3 105876 102792 113792
 1.3 105876 102792 113792
 1.3 105876 102792 113792
 1.3 105876 102792 113792
 1.3 105876 102792 113792
 1.3 105876 102792 113792
 1.3 105876 102792 113792
 1.3 105876 102792 113792
 1.3 105876 102792 113792
 1.3 105876 102792 113792
 1.3 105876 102792 113792
 1.3 105876 102792 113792
 1.3 105876 102792 113792
 1.3 105876 102792 113792
 1.3 105876 102792 113792
 1.3 105876 102792 113792
 1.3 105876 102792 113792
 1.3 105876 102792 113792
 1.3 105876 102792 113792
 1.3 105876 102792 113792
 1.3 105876 102792 113792
 1.3 105876 102792 113792
 1.3 105876 102792 113792
 1.3 105876 102792 113792
 1.3 105876 102792 113792
 1.3 105876 102792 113792
 1.3 105876 102792 113792
 1.3 105876 102792 113792
 1.3 105876 102792 113792
 1.3 105876 102792 113792
 1.3 105876 102792 113792
 1.3 105876 102792 113792
 1.3 105876 102792 113792
 1.3 105876 102792 113792
 1.3 105876 102792 113792
 1.3 105876 102792 113792
 1.3 105876 102792 113792
 1.3 105876 102792 113792
 1.3 105876 102792 113792
 1.3 105876 102792 113792
 1.3 105876 102792 113792
 1.3 105876 102792 113792
 1.3 105876 102792 113792
 1.3 105876 102792 113792
 1.3 105876 102792 113792
 1.3 105876 102792 113792
 1.3 105876 102792 113792
 1.3 105876 102792 113792
 1.3 105876 102792 113792
 1.3 105876 102792 113792
 1.3 105876 102792 113792
 1.3 105876 102792 113792
 1.3 105876 102792 113792
 1.3 105876 102792 113792
 1.3 105876 102792 113792
 1.3 105876 102792 113792
 1.3 105876 102792 113792
 1.3 105876 102792 113792
 1.3 105876 102792 113792
 1.3 105876 102792 113792
 1.3 105876 102792 113792
 1.3 105876 102792 113792
 1.3 105876 102792 113792
 1.3 105876 102792 113792
 1.3 105876 102792 113792
 1.3 105876 102792 113792
 1.3 105876 102792 113792
 1.3 105876 102792 113792
 1.3 105876 102792 113792
 1.3 105876 102792 113792
 1.3 105876 102792 113792
 1.3 105876 102792 113792
 1.3 105876 102792 113792
 1.3 105876 102792 113792
 1.3 105876 102792 113792
 1.3 105876 102792 113792
 1.3 105876 102792 113792
 1.3 105876 102792 113792
 1.3 105876 102792 113792
 1.3 105876 102792 113792
 1.3 105876 102792 113792
 1.3 105876 102792 113792
 1.3 105876 102792 113792
 1.3 105876 102792 113792
 1.3 105876 102792 113792
 1.3 105876 102792 113792
 1.3 105876 102792 113792
 1.3 105876 102792 113792
 1.3 105876 102792 113792
 1.3 105876 102792 113792
 1.3 105876 102792 113792
 1.3 105876 102792 113792
 1.3 105876 102792 113792
 1.3 105876 102792 113792
 1.3 105876 102792 113792
 1.3 105876 102792 113792
 1.3 105876 102792 113792
 1.3 105876 102792 113792
 1.3 105876 102792 113792
 1.3 105876 102792 113792
 1.3 105876 102792 113792
 1.3 105876 102792 113792
 1.3 105876 102792 113792
 1.3 105876 102792 113792
 1.3 105876 102792 113792
 1.3 105876 102792 113792
 0.3 29364 34524  45524
 0.9 77000 102796 113796
 1.0 81096 102796 113796
 1.0 81096 102796 113796
 1.0 81096 102796 113796
 1.0 81096 102796 113796
 1.0 81096 102796 113796
 1.0 81096 102796 113796
 1.0 81096 102796 113796
 1.0 81096 102796 113796
 1.0 81096 102796 113796
 1.0 81096 102796 113796
 1.0 81096 102796 113796
 1.0 81096 102796 113796
 1.0 81096 102796 113796
 1.0 81096 102796 113796
 1.0 81096 102796 113796
 1.0 81096 102796 113796
 1.0 81096 102796 113796
 1.0 81096 102796 113796
 1.0 81096 102796 113796
 1.0 81096 102796 113796
 1.0 81096 102796 113796
 1.0 81096 102796 113796
 1.0 81096 102796 113796
 1.0 81096 102796 113796
 1.0 81096 102796 113796
 1.0 81096 102796 113796
 1.0 81096 102796 113796
