coretemp-isa-0000
Adapter: ISA adapter
Package id 0:  +65.0°C  (high = +100.0°C, crit = +100.0°C)
Core 0:        +63.0°C  (high = +100.0°C, crit = +100.0°C)
Core 1:        +65.0°C  (high = +100.0°C, crit = +100.0°C)
Core 2:        +63.0°C  (high = +100.0°C, crit = +100.0°C)
Core 3:        +61.0°C  (high = +100.0°C, crit = +100.0°C)

pch_cannonlake-virtual-0
Adapter: Virtual device
temp1:        +56.0°C  

BAT0-acpi-0
Adapter: ACPI interface
in0:          12.81 V  
curr1:       1000.00 uA 

dell_smm-virtual-0
Adapter: Virtual device
fan1:           0 RPM

radeon-pci-0100
Adapter: PCI adapter
temp1:            N/A  (crit = +120.0°C, hyst = +90.0°C)

acpitz-acpi-0
Adapter: ACPI interface
temp1:        +25.0°C  (crit = +107.0°C)

%MEM   RSS  SIZE    VSZ
 0.0  3848   628   6500
 0.0  5640  2032   7904
 0.0  6180  2572   8444
 0.0  6180  2572   8444
 0.0  6180  2572   8444
 0.0  6180  2572   8444
 0.0  6180  2572   8444
 0.0  6180  2572   8444
 0.0  6180  2572   8444
 0.0  6180  2572   8444
 0.0  6180  2572   8444
 0.0  6180  2572   8444
 0.0  6180  2572   8444
 0.0  6180  2572   8444
 0.0  6180  2572   8444
 0.0  6180  2572   8444
 0.0  6180  2572   8444
 0.0  6180  2572   8444
 0.0  6180  2572   8444
 0.0  6180  2572   8444
 0.0  6180  2572   8444
 0.0  6180  2572   8444
 0.0  6180  2572   8444
 0.0  6180  2572   8444
 0.0  6180  2572   8444
 0.0  6180  2572   8444
 0.0  6180  2572   8444
 0.0  6180  2572   8444
 0.0  6180  2572   8444
 0.0  6180  2572   8444
 0.0  6180  2572   8444
 0.0  6180  2572   8444
 0.0  6180  2572   8444
 0.0  6180  2572   8444
 0.0  6180  2572   8444
 0.0  6180  2572   8444
 0.0  6180  2572   8444
 0.0  6180  2572   8444
 0.0  6180  2572   8444
 0.0  6180  2572   8444
 0.0  6180  2572   8444
 0.0  6180  2572   8444
 0.0  6180  2572   8444
 0.0  6180  2572   8444
 0.0  6180  2572   8444
 0.0  6180  2572   8444
 0.0  6180  2572   8444
 0.0  6180  2572   8444
 0.0  6180  2572   8444
 0.0  6180  2572   8444
 0.0  6180  2572   8444
 0.0  6180  2572   8444
 0.0  6180  2572   8444
 0.0  6180  2572   8444
 0.0  6180  2572   8444
 0.0  6180  2572   8444
 0.0  6180  2572   8444
 0.0  6180  2572   8444
 0.0  6180  2572   8444
 0.0  6180  2572   8444
 0.0  6180  2572   8444
 0.0  6180  2572   8444
 0.0  6180  2572   8444
 0.0  6180  2572   8444
 0.0  6180  2572   8444
 0.0  6180  2572   8444
 0.0  6180  2572   8444
 0.0  6180  2572   8444
 0.0  6180  2572   8444
 0.0  6180  2572   8444
 0.0  6180  2572   8444
 0.0  6180  2572   8444
 0.0  6180  2572   8444
 0.0  6180  2572   8444
 0.0  6180  2572   8444
 0.0  6180  2572   8444
 0.0  6180  2572   8444
 0.0  6180  2572   8444
 0.0  6180  2572   8444
 0.0  6180  2572   8444
 0.0  6180  2572   8444
 0.0  6180  2572   8444
 0.0  6180  2572   8444
 0.0  6180  2572   8444
 0.0  6180  2572   8444
 0.0  6180  2572   8444
 0.0  6180  2572   8444
 0.0  6180  2572   8444
 0.0  6180  2572   8444
 0.0  6180  2572   8444
 0.0  6180  2572   8444
 0.0  6180  2572   8444
 0.0  6180  2572   8444
 0.0  6180  2572   8444
 0.0  6180  2572   8444
 0.0  6180  2572   8444
 0.0  6180  2572   8444
 0.0  6180  2572   8444
 0.0  6180  2572   8444
 0.0  6180  2572   8444
 0.0  6180  2572   8444
 0.0  6180  2572   8444
 0.0  6180  2572   8444
 0.0  6180  2572   8444
 0.0  6180  2572   8444
 0.0  6180  2572   8444
 0.0  6180  2572   8444
 0.0  6180  2572   8444
 0.0  6180  2572   8444
 0.0  6180  2572   8444
 0.0  6180  2572   8444
 0.0  6180  2572   8444
 0.0  6180  2572   8444
 0.0  6180  2572   8444
 0.0  6180  2572   8444
 0.0  6180  2572   8444
 0.0  6180  2572   8444
 0.0  6180  2572   8444
 0.0  6180  2572   8444
 0.0  6180  2572   8444
 0.0  6180  2572   8444
 0.0  6180  2572   8444
 0.0  6180  2572   8444
 0.0  6180  2572   8444
 0.0  6180  2572   8444
 0.0  6180  2572   8444
 0.0  6180  2572   8444
 0.0  6180  2572   8444
 0.0  6180  2572   8444
 0.0  6180  2572   8444
 0.0  6180  2572   8444
 0.0  6180  2572   8444
 0.0  6180  2572   8444
 0.0  6180  2572   8444
 0.0  6180  2572   8444
 0.0  6180  2572   8444
 0.0  6180  2572   8444
 0.0  6180  2572   8444
 0.0  6180  2572   8444
 0.0  6180  2572   8444
 0.0  6180  2572   8444
 0.0  6180  2572   8444
 0.0  6180  2572   8444
 0.0  6180  2572   8444
 0.0  6180  2572   8444
 0.0  6180  2572   8444
 0.0  6180  2572   8444
 0.0  6180  2572   8444
 0.0  6180  2572   8444
 0.0  6180  2572   8444
 0.0  6180  2572   8444
 0.0  6180  2572   8444
 0.0  6180  2572   8444
 0.0  6180  2572   8444
 0.0  6180  2572   8444
 0.0  6180  2572   8444
 0.0  6180  2572   8444
 0.0  6180  2572   8444
 0.0  6180  2572   8444
 0.0  6180  2572   8444
 0.0  6180  2572   8444
 0.0  6180  2572   8444
 0.0  6180  2572   8444
 0.0  6180  2572   8444
 0.0  6180  2572   8444
 0.0  6180  2572   8444
 0.0  6180  2572   8444
 0.0  6180  2572   8444
 0.0  6180  2572   8444
 0.0  6180  2572   8444
 0.0  6180  2572   8444
 0.0  6180  2572   8444
 0.0  6180  2572   8444
 0.0  6180  2572   8444
 0.0  6180  2572   8444
 0.0  6180  2572   8444
 0.0  6180  2572   8444
 0.0  6180  2572   8444
 0.0  6180  2572   8444
 0.0  6180  2572   8444
 0.0  6180  2572   8444
 0.0  6180  2572   8444
 0.0  6180  2572   8444
 0.0  6180  2572   8444
 0.0  6180  2572   8444
 0.0  6180  2572   8444
 0.0  6180  2572   8444
 0.0  6180  2572   8444
 0.0  6180  2572   8444
 0.0  6180  2572   8444
 0.0  6180  2572   8444
 0.0  6180  2572   8444
 0.0  6180  2572   8444
 0.0  6180  2572   8444
 0.0  6180  2572   8444
 0.0  6180  2572   8444
 0.0  6180  2572   8444
 0.0  6180  2572   8444
 0.0  6180  2572   8444
 0.0  6180  2572   8444
 0.0  6180  2572   8444
 0.0  6180  2572   8444
 0.0  6180  2572   8444
 0.0  6180  2572   8444
 0.0  6288  2688   8560
 0.0  6288  2688   8560
 0.0  6288  2688   8560
 0.0  6288  2688   8560
 0.0  6288  2688   8560
 0.0  6288  2688   8560
 0.0  6288  2688   8560
 0.0  6288  2688   8560
 0.0  6288  2688   8560
 0.0  6288  2688   8560
 0.0  6288  2688   8560
 0.0  6288  2688   8560
 0.0  6288  2688   8560
 0.0  6288  2688   8560
 0.0  6288  2688   8560
 0.0  6288  2688   8560
 0.0  6288  2688   8560
 0.0  6288  2688   8560
 0.0  6288  2688   8560
 0.0  6288  2688   8560
 0.0  6288  2688   8560
 0.0  6288  2688   8560
 0.0  6288  2688   8560
 0.0  6288  2688   8560
 0.0  6288  2688   8560
 0.0  6288  2688   8560
 0.0  6288  2688   8560
 0.0  6288  2688   8560
 0.0  6288  2688   8560
 0.0  6288  2688   8560
 0.0  6288  2688   8560
 0.0  6288  2688   8560
 0.0  6288  2688   8560
 0.0  6288  2688   8560
 0.0  6288  2688   8560
 0.0  6288  2688   8560
 0.0  6288  2688   8560
 0.0  6288  2688   8560
 0.0  6288  2688   8560
 0.0  6288  2688   8560
 0.0  6288  2688   8560
 0.0  6288  2688   8560
 0.0  6288  2688   8560
 0.0  6288  2688   8560
 0.0  6288  2688   8560
 0.0  6288  2688   8560
 0.0  6288  2688   8560
 0.0  6288  2688   8560
 0.0  6288  2688   8560
 0.0  6288  2688   8560
 0.0  6288  2688   8560
 0.0  6288  2688   8560
 0.0  6288  2688   8560
 0.0  6288  2688   8560
 0.0  6288  2688   8560
 0.0  6288  2688   8560
 0.0  6288  2688   8560
 0.0  6288  2688   8560
 0.0  6288  2688   8560
 0.0  6288  2688   8560
 0.0  6288  2688   8560
 0.0  6288  2688   8560
 0.0  6288  2688   8560
 0.0  6288  2688   8560
 0.0  6288  2688   8560
 0.0  6288  2688   8560
 0.0  6288  2688   8560
 0.0  6288  2688   8560
 0.0  6288  2688   8560
 0.0  6288  2688   8560
 0.0  6288  2688   8560
 0.0  6288  2688   8560
 0.0  6288  2688   8560
 0.0  6288  2688   8560
 0.0  6288  2688   8560
 0.0  6288  2688   8560
 0.0  6288  2688   8560
 0.0  6288  2688   8560
 0.0  6288  2688   8560
 0.0  6288  2688   8560
 0.0  6288  2688   8560
 0.0  6288  2688   8560
 0.0  6288  2688   8560
 0.0  6288  2688   8560
 0.0  6288  2688   8560
 0.0  6288  2688   8560
 0.0  6288  2688   8560
 0.0  6288  2688   8560
 0.0  6288  2688   8560
 0.0  6288  2688   8560
 0.0  6288  2688   8560
 0.0  6288  2688   8560
 0.0  6288  2688   8560
 0.0  6288  2688   8560
 0.0  6288  2688   8560
 0.0  6288  2688   8560
 0.0  6288  2688   8560
 0.0  6288  2688   8560
 0.0  6288  2688   8560
 0.0  6288  2688   8560
 0.0  6288  2688   8560
 0.0  6288  2688   8560
 0.0  6288  2688   8560
 0.0  6288  2688   8560
 0.0  6288  2688   8560
 0.0  6288  2688   8560
 0.0  6288  2688   8560
 0.0  6288  2688   8560
 0.0  6288  2688   8560
 0.0  6288  2688   8560
 0.0  6288  2688   8560
 0.0  6288  2688   8560
 0.0  6288  2688   8560
 0.0  6288  2688   8560
 0.0  6288  2688   8560
 0.0  6288  2688   8560
 0.0  6288  2688   8560
 0.0  6288  2688   8560
 0.0  6288  2688   8560
 0.0  6288  2688   8560
 0.0  6288  2688   8560
 0.0  6288  2688   8560
 0.0  6288  2688   8560
 0.0  6288  2688   8560
 0.0  6288  2688   8560
 0.0  6288  2688   8560
 0.0  6288  2688   8560
 0.0  6288  2688   8560
 0.0  6288  2688   8560
 0.0  6288  2688   8560
 0.0  6288  2688   8560
 0.0  6288  2688   8560
 0.0  6288  2688   8560
 0.0  6288  2688   8560
 0.0  6288  2688   8560
 0.0  6288  2688   8560
 0.0  6288  2688   8560
 0.0  6288  2688   8560
 0.0  6288  2688   8560
 0.0  6288  2688   8560
 0.0  6288  2688   8560
 0.0  6288  2688   8560
 0.0  6288  2688   8560
 0.0  6288  2688   8560
 0.0  6288  2688   8560
 0.0  6288  2688   8560
 0.0  6288  2688   8560
 0.0  6288  2688   8560
 0.0  6288  2688   8560
 0.0  6288  2688   8560
 0.0  6288  2688   8560
 0.0  6288  2688   8560
 0.0  6288  2688   8560
 0.0  6288  2688   8560
 0.0  6288  2688   8560
 0.0  6288  2688   8560
 0.0  6288  2688   8560
 0.0  6288  2688   8560
 0.0  6288  2688   8560
 0.0  6288  2688   8560
 0.0  6288  2688   8560
 0.0  6288  2688   8560
 0.0  6288  2688   8560
 0.0  6288  2688   8560
 0.0  6288  2688   8560
 0.0  6288  2688   8560
 0.0  6288  2688   8560
 0.0  6288  2688   8560
 0.0  6288  2688   8560
 0.0  6288  2688   8560
 0.0  6288  2688   8560
 0.0  6288  2688   8560
 0.0  6288  2688   8560
 0.0  6288  2688   8560
 0.0  6288  2688   8560
 0.0  6288  2688   8560
 0.0  6288  2688   8560
 0.0  6288  2688   8560
 0.0  6288  2688   8560
 0.0  6288  2688   8560
 0.0  6288  2688   8560
 0.0  6288  2688   8560
 0.0  6288  2688   8560
 0.0  6288  2688   8560
 0.0  6288  2688   8560
 0.0  6288  2688   8560
 0.0  6288  2688   8560
 0.0  6288  2688   8560
 0.0  6288  2688   8560
 0.0  6288  2688   8560
 0.0  6288  2688   8560
 0.0  6288  2688   8560
 0.0  6288  2688   8560
 0.0  6288  2688   8560
 0.0  6288  2688   8560
 0.0  6288  2688   8560
 0.0  6288  2688   8560
 0.0  6288  2688   8560
 0.0  6288  2688   8560
 0.0  6288  2688   8560
 0.0  6288  2688   8560
 0.0  6288  2688   8560
 0.0  6288  2688   8560
 0.0  6288  2688   8560
 0.0  6288  2688   8560
 0.0  6288  2688   8560
 0.0  6288  2688   8560
 0.0  6288  2688   8560
 0.0  6288  2688   8560
 0.0  6288  2688   8560
 0.0  6288  2688   8560
 0.0  6288  2688   8560
 0.0  6288  2688   8560
 0.0  6288  2688   8560
 0.0  6288  2688   8560
 0.0  6288  2688   8560
 0.0  6288  2688   8560
 0.0  6288  2688   8560
 0.0  6288  2688   8560
 0.0  6288  2688   8560
 0.0  6288  2688   8560
 0.0  6288  2688   8560
 0.0  6288  2688   8560
 0.0  6288  2688   8560
 0.0  6288  2688   8560
 0.0  6288  2688   8560
 0.0  6288  2688   8560
 0.0  6288  2688   8560
 0.0  6288  2688   8560
 0.0  6288  2688   8560
 0.0  6288  2688   8560
 0.0  6288  2688   8560
 0.0  6288  2688   8560
 0.0  6288  2688   8560
 0.0  6288  2688   8560
 0.0  6288  2688   8560
 0.0  6288  2688   8560
 0.0  6288  2688   8560
 0.0  6288  2688   8560
 0.0  6288  2688   8560
 0.0  6288  2688   8560
 0.0  6288  2688   8560
 0.0  6288  2688   8560
 0.0  6288  2688   8560
 0.0  6288  2688   8560
 0.0  6288  2688   8560
 0.0  6288  2688   8560
 0.0  6288  2688   8560
 0.0  6288  2688   8560
 0.0  6288  2688   8560
 0.0  6288  2688   8560
 0.0  6288  2688   8560
 0.0  6288  2688   8560
 0.0  6288  2688   8560
 0.0  6288  2688   8560
 0.0  6288  2688   8560
 0.0  6288  2688   8560
 0.0  6288  2688   8560
 0.0  6288  2688   8560
 0.0  6288  2688   8560
 0.0  6288  2688   8560
 0.0  6288  2688   8560
 0.0  6288  2688   8560
 0.0  6288  2688   8560
 0.0  6288  2688   8560
 0.0  6288  2688   8560
 0.0  6288  2688   8560
 0.0  6288  2688   8560
 0.0  6288  2688   8560
 0.0  6288  2688   8560
 0.0  6288  2688   8560
 0.0  6288  2688   8560
 0.0  6288  2688   8560
 0.0  6288  2688   8560
