coretemp-isa-0000
Adapter: ISA adapter
Package id 0:  +81.0°C  (high = +100.0°C, crit = +100.0°C)
Core 0:        +81.0°C  (high = +100.0°C, crit = +100.0°C)
Core 1:        +71.0°C  (high = +100.0°C, crit = +100.0°C)
Core 2:        +78.0°C  (high = +100.0°C, crit = +100.0°C)
Core 3:        +74.0°C  (high = +100.0°C, crit = +100.0°C)

pch_cannonlake-virtual-0
Adapter: Virtual device
temp1:        +60.0°C  

BAT0-acpi-0
Adapter: ACPI interface
in0:          12.61 V  
curr1:       1000.00 uA 

dell_smm-virtual-0
Adapter: Virtual device
fan1:        3937 RPM

radeon-pci-0100
Adapter: PCI adapter
temp1:            N/A  (crit = +120.0°C, hyst = +90.0°C)

acpitz-acpi-0
Adapter: ACPI interface
temp1:        +25.0°C  (crit = +107.0°C)

%CPU %MEM     ELAPSED
 1.0 82032 229900 306316
 1.0 83876 229900 306316
 1.0 85988 229900 306316
 1.0 87572 229900 306316
 1.1 89684 229900 306316
 1.1 91532 229900 306316
 1.1 92588 229900 306316
 1.1 93644 229900 306316
 1.1 95228 229900 306316
 1.2 98132 229900 306316
 1.2 98924 229900 306316
 1.2 100772 229900 306316
 1.2 100772 229900 306316
 1.2 102620 229900 306316
 1.3 104204 229900 306316
 1.3 105788 229900 306316
 1.3 106316 229900 306316
 1.3 108692 229900 306316
 1.4 116876 229900 306316
 1.5 127436 229900 306316
 1.7 137996 229900 306316
 1.7 143804 229900 306316
 1.8 147236 229900 306316
 1.9 153836 229900 306316
 1.9 159644 229900 306316
 2.0 163604 229900 306316
 2.1 170732 229900 306316
 2.1 172844 229900 306316
 2.1 174692 229900 306316
 2.2 176804 229900 306316
 2.2 180236 229900 306316
 2.2 182348 229900 306316
 2.3 187628 229900 306316
 2.3 189740 229900 306316
 2.4 192116 229900 306316
 2.4 193172 229900 306316
 2.4 194492 229900 306316
 2.4 195284 229900 306316
 2.4 198980 229900 306316
 2.5 201620 229900 306316
 2.5 203204 229900 306316
 2.5 207428 229900 306316
 2.6 208060 229900 306316
 2.6 208060 229900 306316
 2.6 208060 229900 306316
 2.6 208060 229900 306316
 2.6 208060 229900 306316
 2.6 208060 229900 306316
 2.6 208060 229900 306316
 2.6 208060 229900 306316
 2.6 208060 229900 306316
 2.6 208060 229900 306316
 2.6 208060 229900 306316
 2.6 208060 229900 306316
 2.6 208060 229900 306316
 2.6 208060 229900 306316
 2.6 208060 229900 306316
 2.6 208060 229900 306316
 2.6 208060 229900 306316
 2.6 208060 229900 306316
 2.6 208060 229900 306316
 2.6 208060 229900 306316
 2.6 208060 229900 306316
 2.6 208060 229900 306316
 2.6 208060 229900 306316
 2.6 208060 229900 306316
 2.6 208060 229900 306316
 2.6 208060 229900 306316
 2.6 208060 229900 306316
 2.6 208060 229900 306316
 2.6 208060 229900 306316
 2.6 208060 229900 306316
 2.6 208060 229900 306316
 2.6 208060 229900 306316
 2.6 208060 229900 306316
 2.6 208060 229900 306316
 2.6 208060 229900 306316
 2.6 208060 229900 306316
 2.6 208060 229900 306316
 2.6 208060 229900 306316
 2.6 208060 229900 306316
 2.6 208060 229900 306316
 2.6 208060 229900 306316
 2.6 208060 229900 306316
 2.6 208060 229900 306316
 2.6 208060 229900 306316
 2.6 208060 229900 306316
 2.6 208060 229900 306316
 2.6 208060 229900 306316
 2.6 208060 229900 306316
 2.6 208060 229900 306316
 2.6 208060 229900 306316
 2.6 208060 229900 306316
 2.6 208060 229900 306316
 2.6 208060 229900 306316
 2.6 208060 229900 306316
 2.6 208060 229900 306316
 2.6 208060 229900 306316
 2.6 208060 229900 306316
 2.6 208060 229900 306316
 2.6 208060 229900 306316
 2.6 208060 229900 306316
 2.6 208060 229900 306316
 2.6 208060 229900 306316
 2.6 208060 229900 306316
 2.6 208060 229900 306316
 2.6 208060 229900 306316
 2.6 208060 229900 306316
 2.6 208060 229900 306316
 2.6 208060 229900 306316
 2.6 208060 229900 306316
 2.6 208060 229900 306316
 2.6 208060 229900 306316
 2.6 208060 229900 306316
 2.6 208060 229900 306316
 2.6 208060 229900 306316
 2.6 208060 229900 306316
 2.6 208060 229900 306316
 2.6 208060 229900 306316
 2.6 208060 229900 306316
 2.6 208060 229900 306316
 2.6 208060 229900 306316
 2.6 208060 229900 306316
 2.6 208060 229900 306316
 2.6 208060 229900 306316
 2.6 208060 229900 306316
 2.6 208060 229900 306316
 2.6 208060 229900 306316
 2.6 208060 229900 306316
 2.6 208060 229900 306316
 2.6 208060 229900 306316
 2.6 208060 229900 306316
 2.6 208060 229900 306316
 2.6 208060 229900 306316
 2.6 208060 229900 306316
 2.6 208060 229900 306316
 2.6 208060 229900 306316
 2.6 208060 229900 306316
 2.6 208060 229900 306316
 2.6 208060 229900 306316
 2.6 208060 229900 306316
 2.6 208060 229900 306316
 2.6 208060 229900 306316
 2.6 208060 229900 306316
 2.6 208060 229900 306316
 2.6 208060 229900 306316
 2.6 208060 229900 306316
 2.6 208060 229900 306316
 2.6 208060 229900 306316
 2.6 208060 229900 306316
 2.6 208060 229900 306316
 2.6 208060 229900 306316
 2.6 208060 229900 306316
 2.6 208060 229900 306316
 2.6 208060 229900 306316
 2.6 208060 229900 306316
 2.6 208060 229900 306316
 2.6 208060 229900 306316
 2.6 208060 229900 306316
 2.6 208060 229900 306316
 2.6 208060 229900 306316
 2.6 208060 229900 306316
 2.6 208060 229900 306316
 2.6 208060 229900 306316
 2.6 208060 229900 306316
 2.6 208060 229900 306316
 2.6 208060 229900 306316
 2.6 208060 229900 306316
 2.6 208060 229900 306316
 2.6 208060 229900 306316
 2.6 208060 229900 306316
 2.6 208060 229900 306316
 2.6 208060 229900 306316
 2.6 208060 229900 306316
 2.6 208060 229900 306316
 2.6 208060 229900 306316
 2.6 208060 229900 306316
 2.6 208060 229900 306316
 2.6 208060 229900 306316
 2.6 208060 229900 306316
 2.6 208060 229900 306316
 2.6 208060 229900 306316
 2.6 208060 229900 306316
 2.6 208060 229900 306316
 2.6 208060 229900 306316
 2.6 208060 229900 306316
 2.6 208060 229900 306316
 2.6 208060 229900 306316
 2.6 208060 229900 306316
 2.6 208060 229900 306316
 2.6 208060 229900 306316
 2.6 208060 229900 306316
 2.6 208060 229900 306316
 2.6 208060 229900 306316
 2.6 208060 229900 306316
 2.6 208060 229900 306316
 2.6 208060 229900 306316
 2.6 208060 229900 306316
 2.6 208060 229900 306316
 2.6 208060 229900 306316
 2.6 208060 229900 306316
 2.6 208060 229900 306316
 2.6 208060 229900 306316
 2.6 208060 229900 306316
 2.6 208060 229900 306316
 2.6 208060 229900 306316
 2.6 208060 229900 306316
 2.6 208060 229900 306316
 2.6 208060 229900 306316
 2.6 208060 229900 306316
 2.6 208060 229900 306316
 2.6 208060 229900 306316
 2.6 208060 229900 306316
 2.6 208060 229900 306316
 2.6 208060 229900 306316
 2.6 208060 229900 306316
 2.6 208060 229900 306316
 2.6 208060 229900 306316
 2.6 208060 229900 306316
 2.6 208060 229900 306316
 2.6 208060 229900 306316
 2.6 208060 229900 306316
 2.6 208060 229900 306316
 2.6 208060 229900 306316
 2.6 208060 229900 306316
 2.6 208060 229900 306316
 2.6 208060 229900 306316
 2.6 208060 229900 306316
 2.6 208060 229900 306316
 2.6 208060 229900 306316
 2.6 208060 229900 306316
 2.6 208060 229900 306316
 2.6 208060 229900 306316
 2.6 208060 229900 306316
 2.6 208060 229900 306316
 2.6 208060 229900 306316
 2.6 208060 229900 306316
 2.6 208060 229900 306316
 2.6 208060 229900 306316
 2.6 208060 229900 306316
 2.6 208060 229900 306316
 2.6 208060 229900 306316
 2.6 208060 229900 306316
 2.6 208060 229900 306316
 2.6 208060 229900 306316
 2.6 208060 229900 306316
 2.6 208060 229900 306316
 2.6 208060 229900 306316
 2.6 208060 229900 306316
 2.6 208060 229900 306316
 2.6 208060 229900 306316
 2.6 208060 229900 306316
 2.6 208060 229900 306316
 2.6 208060 229900 306316
 2.6 208060 229900 306316
 2.6 208060 229900 306316
 2.6 208060 229900 306316
 2.6 208060 229900 306316
 2.6 208060 229900 306316
 2.6 208060 229900 306316
 2.6 208060 229900 306316
 2.6 208060 229900 306316
 2.6 208060 229900 306316
 2.6 208060 229900 306316
 2.6 208060 229900 306316
 2.6 208060 229900 306316
 2.6 208060 229900 306316
 2.6 208060 229900 306316
 2.6 208060 229900 306316
 2.6 208060 229900 306316
 2.6 208060 229900 306316
 2.6 208060 229900 306316
 2.6 208060 229900 306316
 2.6 208060 229900 306316
 2.6 208060 229900 306316
 2.6 208060 229900 306316
 2.6 208060 229900 306316
 2.6 208060 229900 306316
 2.6 208060 229900 306316
 2.6 208060 229900 306316
 2.6 208060 229900 306316
 2.6 208060 229900 306316
 2.6 208060 229900 306316
 2.6 208060 229900 306316
 2.6 208060 229900 306316
 2.6 208060 229900 306316
 2.6 208060 229900 306316
 2.6 208060 229900 306316
 2.6 208060 229900 306316
 2.6 208060 229900 306316
 2.6 208060 229900 306316
 2.6 208060 229900 306316
 2.6 208060 229900 306316
 2.6 208060 229900 306316
 2.6 208060 229900 306316
 2.6 208060 229900 306316
 2.6 208060 229900 306316
 2.6 208060 229900 306316
 2.6 208060 229900 306316
 2.6 208060 229900 306316
 2.6 208060 229900 306316
 2.6 208060 229900 306316
 2.6 208060 229900 306316
 2.6 208060 229900 306316
 2.6 208060 229900 306316
 2.6 208060 229900 306316
 2.6 208060 229900 306316
 2.6 208060 229900 306316
 2.6 208060 229900 306316
 2.6 208060 229900 306316
 2.6 208060 229900 306316
 2.6 208060 229900 306316
 2.6 208060 229900 306316
 2.6 208060 229900 306316
 2.6 208060 229900 306316
 2.6 208060 229900 306316
 2.6 208060 229900 306316
 2.6 208060 229900 306316
 2.6 208060 229900 306316
 2.6 208060 229900 306316
 2.6 208060 229900 306316
 2.6 208060 229900 306316
 2.6 208060 229900 306316
 2.6 208060 229900 306316
 2.6 208060 229900 306316
 2.6 208060 229900 306316
 2.6 208060 229900 306316
 2.6 208060 229900 306316
 2.6 208060 229900 306316
 2.6 208060 229900 306316
 2.6 208060 229900 306316
 2.6 208060 229900 306316
 2.6 208060 229900 306316
 2.6 208060 229900 306316
 2.6 208060 229900 306316
 2.6 208060 229900 306316
 2.6 208060 229900 306316
 2.6 208060 229900 306316
 2.6 208060 229900 306316
 2.6 208060 229900 306316
 2.6 208060 229900 306316
 2.6 208060 229900 306316
 2.6 208060 229900 306316
 2.6 208060 229900 306316
 2.6 208060 229900 306316
 2.6 208060 229900 306316
 2.6 208060 229900 306316
 2.6 208060 229900 306316
 2.6 208060 229900 306316
 2.6 208060 229900 306316
 2.6 208060 229900 306316
 2.6 208060 229900 306316
 2.6 208060 229900 306316
 2.6 208060 229900 306316
 2.6 208060 229900 306316
 2.6 208060 229900 306316
 2.6 208060 229900 306316
 2.6 208060 229900 306316
 2.6 208060 229900 306316
 2.6 208060 229900 306316
 2.6 208060 229900 306316
 2.6 208060 229900 306316
 2.6 208060 229900 306316
 2.6 208060 229900 306316
 2.6 208060 229900 306316
 2.6 208060 229900 306316
 2.6 208060 229900 306316
 2.6 208060 229900 306316
 2.6 208060 229900 306316
 2.6 208060 229900 306316
 2.6 208060 229900 306316
 2.6 208060 229900 306316
 2.6 208060 229900 306316
 2.6 208060 229900 306316
 2.6 208060 229900 306316
 2.6 208060 229900 306316
 2.6 208060 229900 306316
 2.6 208060 229900 306316
 2.6 208060 229900 306316
 2.6 208060 229900 306316
 2.6 208060 229900 306316
 2.6 208060 229900 306316
 2.6 208060 229900 306316
 2.6 208060 229900 306316
 2.6 208060 229900 306316
 2.6 208060 229900 306316
 2.6 208060 229900 306316
 2.6 208060 229900 306316
 2.6 208060 229900 306316
 2.6 208060 229900 306316
 2.6 208060 229900 306316
 2.6 208060 229900 306316
 2.6 208060 229900 306316
 2.6 208060 229900 306316
 2.6 208060 229900 306316
 2.6 208060 229900 306316
 2.6 208060 229900 306316
 2.6 208060 229900 306316
 2.6 208060 229900 306316
 2.6 208060 229900 306316
 2.6 208060 229900 306316
 2.6 208060 229900 306316
 2.6 208060 229900 306316
 2.6 208060 229900 306316
 2.6 208060 229900 306316
 2.6 208060 229900 306316
 2.6 208060 229900 306316
 2.6 208060 229900 306316
 2.6 208060 229900 306316
 2.6 208060 229900 306316
 2.6 208060 229900 306316
 2.6 208060 229900 306316
 2.6 208060 229900 306316
 2.6 208060 229900 306316
 2.6 208060 229900 306316
 2.6 208060 229900 306316
 2.6 208060 229900 306316
 2.6 208060 229900 306316
 2.6 208060 229900 306316
 2.6 208060 229900 306316
 2.6 208060 229900 306316
 2.6 208060 229900 306316
 2.6 208060 229900 306316
 2.6 208060 229900 306316
 2.6 208060 229900 306316
 2.6 208060 229900 306316
 2.6 208060 229900 306316
 2.6 208060 229900 306316
 2.6 208060 229900 306316
 2.6 208060 229900 306316
 2.6 208060 229900 306316
 2.6 208060 229900 306316
 2.6 208060 229900 306316
 2.6 208060 229900 306316
 2.6 208060 229900 306316
 2.6 208060 229900 306316
 2.6 208060 229900 306316
 2.6 208060 229900 306316
 2.6 208060 229900 306316
 2.6 208060 229900 306316
 2.6 208060 229900 306316
 2.6 208060 229900 306316
 2.6 208060 229900 306316
 2.6 208060 229900 306316
 2.6 208060 229900 306316
 2.6 208060 229900 306316
 2.6 208060 229900 306316
 2.6 208060 229900 306316
 2.6 208060 229900 306316
 2.6 208060 229900 306316
 2.6 208060 229900 306316
 2.6 208060 229900 306316
 2.6 208060 229900 306316
 2.6 208060 229900 306316
 2.6 208060 229900 306316
 2.6 208324 229900 306316
 2.6 208324 229900 306316
 2.6 208324 229900 306316
 2.6 208324 229900 306316
 2.6 208324 229900 306316
 2.6 208324 229900 306316
 2.6 208324 229900 306316
 2.6 208324 229900 306316
 2.6 208324 229900 306316
 2.6 208324 229900 306316
 2.6 208324 229900 306316
 2.6 208324 229900 306316
 2.6 208324 229900 306316
 2.6 208324 229900 306316
 2.6 208324 229900 306316
 2.6 208324 229900 306316
 2.6 208324 229900 306316
 2.6 208324 229900 306316
 2.6 208324 229900 306316
 2.6 208324 229900 306316
 2.6 208324 229900 306316
 2.6 208324 229900 306316
 2.6 208324 229900 306316
 2.6 208324 229900 306316
 2.6 208324 229900 306316
 2.6 208324 229900 306316
 2.6 208324 229900 306316
 2.6 208324 229900 306316
 2.6 208324 229900 306316
 2.6 208324 229900 306316
 2.6 208324 229900 306316
 2.6 208324 229900 306316
 2.6 208324 229900 306316
 2.6 208324 229900 306316
 2.6 208324 229900 306316
 2.6 208324 229900 306316
 2.6 208324 229900 306316
 2.6 208324 229900 306316
 2.6 208324 229900 306316
 2.6 208324 229900 306316
 2.6 208324 229900 306316
 2.6 208324 229900 306316
 2.6 208324 229900 306316
 2.6 208324 229900 306316
 2.6 208324 229900 306316
 2.6 208324 229900 306316
 2.6 208324 229900 306316
 2.6 208324 229900 306316
 2.6 208324 229900 306316
 2.6 208324 229900 306316
 2.6 208324 229900 306316
 2.6 208324 229900 306316
 2.6 208324 229900 306316
 2.6 208324 229900 306316
 2.6 208324 229900 306316
 2.6 208324 229900 306316
 2.6 208324 229900 306316
 2.6 208324 229900 306316
 2.6 208324 229900 306316
 2.6 208324 229900 306316
 2.6 208324 229900 306316
 2.6 208324 229900 306316
 2.6 208324 229900 306316
 2.6 208324 229900 306316
 2.6 208324 229900 306316
 2.6 208324 229900 306316
 2.6 208324 229900 306316
 2.6 208324 229900 306316
 2.6 208324 229900 306316
 2.6 208324 229900 306316
 2.6 208324 229900 306316
 2.6 208324 229900 306316
 2.6 208324 229900 306316
 2.6 208324 229900 306316
 2.6 208324 229900 306316
 2.6 208324 229900 306316
 2.6 208324 229900 306316
 2.6 208324 229900 306316
 2.6 208324 229900 306316
 2.6 208324 229900 306316
 2.6 208324 229900 306316
 2.6 208324 229900 306316
 2.6 208324 229900 306316
 2.6 208324 229900 306316
 2.6 208324 229900 306316
 2.6 208324 229900 306316
 2.6 208324 229900 306316
 2.6 208324 229900 306316
 2.6 208324 229900 306316
 2.6 208324 229900 306316
 2.6 208324 229900 306316
 2.6 208324 229900 306316
 2.6 208324 229900 306316
 2.6 208324 229900 306316
 2.6 208324 229900 306316
 2.6 208324 229900 306316
 2.6 208324 229900 306316
 2.6 208324 229900 306316
 2.6 208324 229900 306316
 2.6 208324 229900 306316
 2.6 208324 229900 306316
 2.6 208324 229900 306316
 2.6 208324 229900 306316
 2.6 208324 229900 306316
 2.6 208324 229900 306316
 2.6 208324 229900 306316
 2.6 208324 229900 306316
 2.6 208324 229900 306316
 2.6 208324 229900 306316
 2.6 208324 229900 306316
 2.6 208324 229900 306316
 2.6 208324 229900 306316
 2.6 208324 229900 306316
 2.6 208324 229900 306316
 2.6 208324 229900 306316
 2.6 208324 229900 306316
 2.6 208324 229900 306316
 2.6 208324 229900 306316
 2.6 208324 229900 306316
 2.6 208324 229900 306316
 2.6 208324 229900 306316
 2.6 208324 229900 306316
 2.6 208324 229900 306316
 2.6 208324 229900 306316
 2.6 208324 229900 306316
 2.6 208324 229900 306316
 2.6 208324 229900 306316
 2.6 208324 229900 306316
 2.6 208324 229900 306316
 2.6 208324 229900 306316
 2.6 208324 229900 306316
 2.6 208324 229900 306316
 2.6 208324 229900 306316
 2.6 208324 229900 306316
 2.6 208324 229900 306316
 2.6 208324 229900 306316
 2.6 208324 229900 306316
 2.6 208324 229900 306316
 2.6 208324 229900 306316
 2.6 208324 229900 306316
 2.6 208324 229900 306316
 2.6 208324 229900 306316
 2.6 208324 229900 306316
 2.6 208324 229900 306316
 2.6 208324 229900 306316
 2.6 208324 229900 306316
 2.6 208324 229900 306316
 2.6 208324 229900 306316
 2.6 208324 229900 306316
 2.6 208324 229900 306316
 2.6 208324 229900 306316
 2.6 208324 229900 306316
 2.6 208324 229900 306316
 2.6 208324 229900 306316
 2.6 208324 229900 306316
 2.6 208324 229900 306316
 2.6 208324 229900 306316
 2.6 208324 229900 306316
 2.6 208324 229900 306316
 2.6 208324 229900 306316
 2.6 208324 229900 306316
 2.6 208324 229900 306316
 2.6 208324 229900 306316
 2.6 208324 229900 306316
 2.6 208324 229900 306316
 2.6 208324 229900 306316
 2.6 208324 229900 306316
 2.6 208324 229900 306316
 2.6 208324 229900 306316
 2.6 208324 229900 306316
 2.6 208324 229900 306316
 2.6 208324 229900 306316
 2.6 208324 229900 306316
 2.6 208324 229900 306316
 2.6 208324 229900 306316
 2.6 208324 229900 306316
 2.6 208324 229900 306316
 2.6 208324 229900 306316
 2.6 208324 229900 306316
 2.6 208324 229900 306316
 2.6 208324 229900 306316
 2.6 208324 229900 306316
 2.6 208324 229900 306316
 2.6 208324 229900 306316
 2.6 208324 229900 306316
 2.6 208324 229900 306316
 2.6 208324 229900 306316
 2.6 208324 229900 306316
 2.6 208324 229900 306316
 2.6 208324 229900 306316
 2.6 208324 229900 306316
 2.6 208324 229900 306316
 2.6 208324 229900 306316
 2.6 208324 229900 306316
 2.6 208324 229900 306316
 2.6 208324 229900 306316
 2.6 208324 229900 306316
 2.6 208324 229900 306316
 2.6 208324 229900 306316
 2.6 208324 229900 306316
 2.6 208324 229900 306316
 2.6 208324 229900 306316
 2.6 208324 229900 306316
 2.6 208324 229900 306316
 2.6 208324 229900 306316
 2.6 208324 229900 306316
 2.6 208324 229900 306316
 2.6 208324 229900 306316
 2.6 208324 229900 306316
 2.6 208324 229900 306316
 2.6 208324 229900 306316
 2.6 208324 229900 306316
 2.6 208324 229900 306316
 2.6 208324 229900 306316
 2.6 208324 229900 306316
 2.6 208324 229900 306316
 2.6 208324 229900 306316
 2.6 208324 229900 306316
 2.6 208324 229900 306316
 2.6 208324 229900 306316
 2.6 208324 229900 306316
 2.6 208324 229900 306316
 2.6 208324 229900 306316
 2.6 208324 229900 306316
 2.6 208324 229900 306316
 2.6 208324 229900 306316
 2.6 208324 229900 306316
 2.6 208324 229900 306316
 2.6 208324 229900 306316
 2.6 208324 229900 306316
 2.6 208324 229900 306316
 2.6 208324 229900 306316
 2.6 208324 229900 306316
 2.6 208324 229900 306316
 2.6 208324 229900 306316
 2.6 208324 229900 306316
 2.6 208324 229900 306316
 2.6 208324 229900 306316
 2.6 208324 229900 306316
 2.6 208324 229900 306316
 2.6 208324 229900 306316
 2.6 208324 229900 306316
 2.6 208324 229900 306316
 2.6 208324 229900 306316
 2.6 208324 229900 306316
 2.6 208324 229900 306316
 2.6 208324 229900 306316
 2.6 208324 229900 306316
 2.6 208324 229900 306316
 2.6 208324 229900 306316
 2.6 208324 229900 306316
 2.6 208324 229900 306316
 2.6 208324 229900 306316
 2.6 208324 229900 306316
 2.6 208324 229900 306316
 2.6 208324 229900 306316
 2.6 208324 229900 306316
 2.6 208324 229900 306316
 2.6 208324 229900 306316
 2.6 208324 229900 306316
 2.6 208324 229900 306316
 2.6 208324 229900 306316
 2.6 208324 229900 306316
 2.6 208324 229900 306316
 2.6 208324 229900 306316
 2.6 208324 229900 306316
 2.6 208324 229900 306316
 2.6 208324 229900 306316
 2.6 208324 229900 306316
 2.6 208324 229900 306316
 2.6 208324 229900 306316
 2.6 208324 229900 306316
 2.6 208324 229900 306316
 2.6 208324 229900 306316
 2.6 208324 229900 306316
 2.6 208324 229900 306316
 2.6 208324 229900 306316
 2.6 208324 229900 306316
 2.6 208324 229900 306316
 2.6 208324 229900 306316
 2.6 208324 229900 306316
 2.6 208324 229900 306316
 2.6 208324 229900 306316
 2.6 208324 229900 306316
 2.6 208324 229900 306316
 2.6 208324 229900 306316
 2.6 208324 229900 306316
 2.6 208324 229900 306316
 2.6 208324 229900 306316
 2.6 208324 229900 306316
 2.6 208324 229900 306316
 2.6 208324 229900 306316
 2.6 208324 229900 306316
 2.6 208324 229900 306316
 2.6 208324 229900 306316
 2.6 208324 229900 306316
 2.6 208324 229900 306316
 2.6 208324 229900 306316
 2.6 208324 229900 306316
 2.6 208324 229900 306316
 2.6 208324 229900 306316
 2.6 208324 229900 306316
 2.6 208324 229900 306316
 2.6 208324 229900 306316
 2.6 208324 229900 306316
 2.6 208324 229900 306316
 2.6 208324 229900 306316
 2.6 208324 229900 306316
 2.6 208324 229900 306316
 2.6 208324 229900 306316
 2.6 208324 229900 306316
 2.6 208324 229900 306316
 2.6 208324 229900 306316
 2.6 208324 229900 306316
 2.6 208324 229900 306316
 2.6 208324 229900 306316
 2.6 208324 229900 306316
 2.6 208324 229900 306316
 2.6 208324 229900 306316
 2.6 208324 229900 306316
 2.6 208324 229900 306316
 2.6 208324 229900 306316
 2.6 208324 229900 306316
 2.6 208324 229900 306316
 2.6 208324 229900 306316
 2.6 208324 229900 306316
 2.6 208324 229900 306316
 2.6 208324 229900 306316
 2.6 208324 229900 306316
 2.6 208324 229900 306316
 2.6 208324 229900 306316
 2.6 208324 229900 306316
 2.6 208324 229900 306316
 2.6 208324 229900 306316
 2.6 208324 229900 306316
 2.6 208324 229900 306316
 2.6 208324 229900 306316
 2.6 208324 229900 306316
 2.6 208324 229900 306316
 2.6 208324 229900 306316
 2.6 208324 229900 306316
 2.6 208324 229900 306316
 2.6 208324 229900 306316
 2.6 208324 229900 306316
 2.6 208324 229900 306316
 2.6 208324 229900 306316
 2.6 208324 229900 306316
 2.6 208324 229900 306316
 2.6 208324 229900 306316
 2.6 208324 229900 306316
 2.6 208324 229900 306316
 2.6 208324 229900 306316
 2.6 208324 229900 306316
 2.6 208324 229900 306316
 2.6 208324 229900 306316
 2.6 208324 229900 306316
 2.6 208324 229900 306316
 2.6 208324 229900 306316
 2.6 208324 229900 306316
 2.6 208324 229900 306316
 2.6 208324 229900 306316
 2.6 208324 229900 306316
 2.6 208324 229900 306316
 2.6 208324 229900 306316
 2.6 208324 229900 306316
 2.6 208324 229900 306316
 2.6 208324 229900 306316
 2.6 208324 229900 306316
 2.6 208324 229900 306316
 2.6 208324 229900 306316
 2.6 208324 229900 306316
 2.6 208324 229900 306316
 2.6 208324 229900 306316
 2.6 208324 229900 306316
 2.6 208324 229900 306316
 2.6 208324 229900 306316
 2.6 208324 229900 306316
 2.6 208324 229900 306316
 2.6 208324 229900 306316
 2.6 208324 229900 306316
 2.6 208324 229900 306316
 2.6 208324 229900 306316
 2.6 208324 229900 306316
 2.6 208324 229900 306316
 2.6 208324 229900 306316
 2.6 208324 229900 306316
 2.6 208324 229900 306316
 2.6 208324 229900 306316
 2.6 208324 229900 306316
 2.6 208324 229900 306316
 2.6 208324 229900 306316
 2.6 208324 229900 306316
 2.6 208324 229900 306316
 2.6 208324 229900 306316
 2.6 208324 229900 306316
 2.6 208324 229900 306316
 2.6 208324 229900 306316
 2.6 208324 229900 306316
 2.6 208324 229900 306316
 2.6 208324 229900 306316
 2.6 208324 229900 306316
 2.6 208324 229900 306316
 2.6 208324 229900 306316
 2.6 208324 229900 306316
 2.6 208324 229900 306316
 2.6 208324 229900 306316
 2.6 208324 229900 306316
 2.6 208324 229900 306316
 2.6 208324 229900 306316
 2.6 208324 229900 306316
 2.6 208324 229900 306316
 2.6 208324 229900 306316
 2.6 208324 229900 306316
 2.6 208324 229900 306316
 2.6 208324 229900 306316
 2.6 208324 229900 306316
 2.6 208324 229900 306316
 2.6 208324 229900 306316
 2.6 208324 229900 306316
 2.6 208324 229900 306316
 2.6 208324 229900 306316
 2.6 208324 229900 306316
 2.6 208324 229900 306316
 2.6 208324 229900 306316
 2.6 208324 229900 306316
 2.6 208324 229900 306316
 2.6 208324 229900 306316
 2.6 208324 229900 306316
 2.6 208324 229900 306316
 2.6 208324 229900 306316
 2.6 208324 229900 306316
 2.6 208324 229900 306316
 2.6 208324 229900 306316
 2.6 208324 229900 306316
 2.6 208324 229900 306316
 2.6 208324 229900 306316
 2.6 208324 229900 306316
 2.6 208324 229900 306316
 2.6 208324 229900 306316
 2.6 208324 229900 306316
 2.6 208324 229900 306316
 2.6 208324 229900 306316
 2.6 208324 229900 306316
 2.6 208324 229900 306316
 2.6 208324 229900 306316
 2.6 208324 229900 306316
 2.6 208324 229900 306316
 2.6 208324 229900 306316
 2.6 208324 229900 306316
 2.6 208324 229900 306316
 2.6 208324 229900 306316
 2.6 208324 229900 306316
 2.6 208324 229900 306316
 2.6 208324 229900 306316
 2.6 208324 229900 306316
 2.6 208324 229900 306316
 2.6 208324 229900 306316
 2.6 208324 229900 306316
 2.6 208324 229900 306316
 2.6 208324 229900 306316
 2.6 208324 229900 306316
 2.6 208324 229900 306316
 2.6 208324 229900 306316
 2.6 208324 229900 306316
 2.6 208324 229900 306316
 2.6 208324 229900 306316
 2.6 208324 229900 306316
 2.6 208324 229900 306316
 2.6 208324 229900 306316
 2.6 208324 229900 306316
 2.6 208324 229900 306316
 2.6 208324 229900 306316
 2.6 208324 229900 306316
 2.6 208324 229900 306316
 2.6 208324 229900 306316
 2.6 208324 229900 306316
 2.6 208324 229900 306316
 2.6 208324 229900 306316
 2.6 208324 229900 306316
 2.6 208324 229900 306316
 2.6 208324 229900 306316
 2.6 208324 229900 306316
 2.6 208324 229900 306316
 2.6 208324 229900 306316
 2.6 208324 229900 306316
 2.6 208324 229900 306316
 2.6 208324 229900 306316
 2.6 208324 229900 306316
 2.6 208324 229900 306316
 2.6 208324 229900 306316
 2.6 208324 229900 306316
 2.6 208324 229900 306316
 2.6 208324 229900 306316
 2.6 208324 229900 306316
 2.6 208324 229900 306316
 2.6 208324 229900 306316
 2.6 208324 229900 306316
 2.6 208324 229900 306316
 2.6 208324 229900 306316
 2.6 208324 229900 306316
 2.6 208324 229900 306316
 2.6 208324 229900 306316
 2.6 208324 229900 306316
 2.6 208324 229900 306316
 2.6 208324 229900 306316
 2.6 208324 229900 306316
 2.6 208324 229900 306316
 2.6 208324 229900 306316
 2.6 208324 229900 306316
 2.6 208324 229900 306316
 2.6 208324 229900 306316
 2.6 208324 229900 306316
 2.6 208324 229900 306316
 2.6 208324 229900 306316
 2.6 208324 229900 306316
 2.6 208324 229900 306316
 2.6 208324 229900 306316
 2.6 208324 229900 306316
 2.6 208324 229900 306316
 2.6 208324 229900 306316
 2.6 208324 229900 306316
 2.6 208324 229900 306316
 2.6 208324 229900 306316
 2.6 208324 229900 306316
 2.6 208324 229900 306316
 2.6 208324 229900 306316
 2.6 208324 229900 306316
 2.6 208324 229900 306316
 2.6 208324 229900 306316
 2.6 208324 229900 306316
 2.6 208324 229900 306316
 2.6 208324 229900 306316
 2.6 208324 229900 306316
 2.6 208324 229900 306316
 2.6 208324 229900 306316
 2.6 208324 229900 306316
 2.6 208324 229900 306316
 2.6 208324 229900 306316
 2.6 208324 229900 306316
 2.6 208324 229900 306316
 2.6 208324 229900 306316
 2.6 208324 229900 306316
 2.6 208324 229900 306316
 2.6 208324 229900 306316
 2.6 208324 229900 306316
 2.6 208324 229900 306316
 2.6 208324 229900 306316
 2.6 208324 229900 306316
 2.6 208324 229900 306316
 2.6 208324 229900 306316
 2.6 208324 229900 306316
 2.6 208324 229900 306316
 2.6 208324 229900 306316
 2.6 208324 229900 306316
 2.6 208324 229900 306316
 2.6 208324 229900 306316
 2.6 208324 229900 306316
 2.6 208324 229900 306316
 2.6 208324 229900 306316
 0.1 14296 37900 114316
 0.7 61308 89116 165532
 1.2 99556 127528 203944
 1.6 129916 153136 229552
 1.9 159748 191548 267964
 2.4 192748 217156 293572
 2.6 208324 229960 306376
 2.6 208324 229960 306376
 2.6 208324 229960 306376
 2.6 208324 229960 306376
 2.6 208324 229960 306376
 2.6 208324 229960 306376
 2.6 208324 229960 306376
 2.6 208324 229960 306376
 2.6 208324 229960 306376
 2.6 208324 229960 306376
 2.6 208324 229960 306376
 2.6 208324 229960 306376
 2.6 208324 229960 306376
 2.6 208324 229960 306376
 2.6 208324 229960 306376
 2.6 208324 229960 306376
 2.6 208324 229960 306376
 2.6 208324 229960 306376
 2.6 208324 229960 306376
 2.6 208324 229960 306376
 2.6 208324 229960 306376
 2.6 208324 229960 306376
 2.6 208324 229960 306376
 2.6 208324 229960 306376
 2.6 208324 229960 306376
 2.6 208324 229960 306376
 2.6 208324 229960 306376
 2.6 208324 229960 306376
 2.6 208324 229960 306376
 2.6 208324 229960 306376
 2.6 208324 229960 306376
 2.6 208324 229960 306376
 2.6 208324 229960 306376
 2.6 208324 229960 306376
 2.6 208324 229960 306376
 2.6 208324 229960 306376
 2.6 208324 229960 306376
 2.6 208324 229960 306376
 2.6 208324 229960 306376
 2.6 208324 229960 306376
 2.6 208324 229960 306376
 2.6 208324 229960 306376
 2.6 208324 229960 306376
 2.6 208324 229960 306376
 2.6 208324 229960 306376
 2.6 208324 229960 306376
 2.6 208324 229960 306376
 2.6 208324 229960 306376
 2.6 208324 229960 306376
 2.6 208324 229960 306376
 2.6 208324 229960 306376
 2.6 208324 229960 306376
 2.6 208324 229960 306376
 2.6 208324 229960 306376
 2.6 208324 229960 306376
 2.6 208324 229960 306376
 2.6 208324 229960 306376
 2.6 208324 229960 306376
 2.6 208324 229960 306376
 2.6 208324 229960 306376
 2.6 208324 229960 306376
 2.6 208324 229960 306376
 2.6 208324 229960 306376
 2.6 208324 229960 306376
 2.6 208324 229960 306376
 2.6 208324 229960 306376
 2.6 208324 229960 306376
 2.6 208324 229960 306376
 2.6 208324 229960 306376
 2.6 208324 229960 306376
 2.6 208324 229960 306376
 2.6 208324 229960 306376
 2.6 208324 229960 306376
 2.6 208324 229960 306376
 2.6 208324 229960 306376
 2.6 208324 229960 306376
 2.6 208324 229960 306376
 2.6 208324 229960 306376
 2.6 208324 229960 306376
 2.6 208324 229960 306376
 2.6 208324 229960 306376
 2.6 208324 229960 306376
 2.6 208324 229960 306376
 2.6 208324 229960 306376
 2.6 208324 229960 306376
 2.6 208324 229960 306376
 2.6 208324 229960 306376
 2.6 208324 229960 306376
 2.6 208324 229960 306376
 2.6 208324 229960 306376
 2.6 208324 229960 306376
 2.6 208324 229960 306376
 2.6 208324 229960 306376
 2.6 208324 229960 306376
 2.6 208324 229960 306376
 2.6 208324 229960 306376
 2.6 208324 229960 306376
 2.6 208324 229960 306376
 2.6 208324 229960 306376
 2.6 208324 229960 306376
 2.6 208324 229960 306376
 2.6 208324 229960 306376
 2.6 208324 229960 306376
 2.6 208324 229960 306376
 2.6 208324 229960 306376
 2.6 208324 229960 306376
 2.6 208324 229960 306376
 2.6 208324 229960 306376
 2.6 208324 229960 306376
 2.6 208324 229960 306376
 2.6 208324 229960 306376
 2.6 208324 229960 306376
 2.6 208324 229960 306376
 2.6 208324 229960 306376
 2.6 208324 229960 306376
 2.6 208324 229960 306376
 2.6 208324 229960 306376
 2.6 208324 229960 306376
 2.6 208324 229960 306376
 2.6 208324 229960 306376
 2.6 208324 229960 306376
 2.6 208324 229960 306376
 2.6 208324 229960 306376
 2.6 208324 229960 306376
 2.6 208324 229960 306376
 2.6 208324 229960 306376
 2.6 208324 229960 306376
 2.6 208324 229960 306376
 2.6 208324 229960 306376
 2.6 208324 229960 306376
 2.6 208324 229960 306376
 2.6 208324 229960 306376
 1.4 118844 140332 216748
 0.1  8068 37900 114316
 0.0  3608 25096 101512
 0.3 31568 66064 142480
 0.9 75152 107032 183448
 1.5 126556 168484 244900
 2.1 174076 209452 285868
 2.6 208396 229936 306352
 2.6 208396 229936 306352
 2.6 208396 229936 306352
 2.6 208396 229936 306352
 2.6 208396 229936 306352
 2.6 208396 229936 306352
 2.6 208396 229936 306352
 2.6 208396 229936 306352
 2.6 208396 229936 306352
 2.6 208396 229936 306352
 2.6 208396 229936 306352
 2.6 208396 229936 306352
 2.6 208396 229936 306352
 2.6 208396 229936 306352
 2.6 208396 229936 306352
 2.6 208396 229936 306352
 2.6 208396 229936 306352
 2.6 208396 229936 306352
 2.6 208396 229936 306352
 2.6 208396 229936 306352
 2.6 208396 229936 306352
 2.6 208396 229936 306352
 2.6 208396 229936 306352
 2.6 208396 229936 306352
 2.6 208396 229936 306352
 2.6 208396 229936 306352
 2.6 208396 229936 306352
 2.6 208396 229936 306352
 2.6 208396 229936 306352
 2.6 208396 229936 306352
 2.6 208396 229936 306352
 2.6 208396 229936 306352
 2.6 208396 229936 306352
 2.6 208396 229936 306352
 2.6 208396 229936 306352
 2.6 208396 229936 306352
 2.6 208396 229936 306352
 2.6 208396 229936 306352
 2.6 208396 229936 306352
 2.6 208396 229936 306352
 2.6 208396 229936 306352
 2.6 208396 229936 306352
 2.6 208396 229936 306352
 2.6 208396 229936 306352
 2.6 208396 229936 306352
 2.6 208396 229936 306352
 2.6 208396 229936 306352
 2.6 208396 229936 306352
 2.6 208396 229936 306352
 2.6 208396 229936 306352
 2.6 208396 229936 306352
 2.6 208396 229936 306352
 2.6 208396 229936 306352
 2.6 208396 229936 306352
 2.6 208396 229936 306352
 2.6 208396 229936 306352
 2.6 208396 229936 306352
 2.6 208396 229936 306352
 2.6 208396 229936 306352
 2.6 208396 229936 306352
 2.6 208396 229936 306352
 2.6 208396 229936 306352
 2.6 208396 229936 306352
 2.6 208396 229936 306352
 2.6 208396 229936 306352
 2.6 208396 229936 306352
 2.6 208396 229936 306352
 2.6 208396 229936 306352
 2.6 208396 229936 306352
 2.6 208396 229936 306352
 2.6 208396 229936 306352
 2.6 208396 229936 306352
 2.6 208396 229936 306352
 2.6 208396 229936 306352
 2.6 208396 229936 306352
 2.6 208396 229936 306352
 2.6 208396 229936 306352
 2.6 208396 229936 306352
 2.6 208396 229936 306352
 2.6 208396 229936 306352
 2.6 208396 229936 306352
 2.6 208396 229936 306352
 2.6 208396 229936 306352
 2.6 208396 229936 306352
 2.6 208396 229936 306352
 2.6 208396 229936 306352
 2.6 208396 229936 306352
 2.6 208396 229936 306352
 2.6 208396 229936 306352
 2.6 208396 229936 306352
 2.6 208396 229936 306352
 2.6 208396 229936 306352
 2.6 208396 229936 306352
 2.6 208396 229936 306352
 2.6 208396 229936 306352
 2.6 208396 229936 306352
 2.6 208396 229936 306352
 2.6 208396 229936 306352
 2.6 208396 229936 306352
 2.6 208396 229936 306352
 2.6 208396 229936 306352
 2.6 208396 229936 306352
 2.6 208396 229936 306352
 2.6 208396 229936 306352
 2.6 208396 229936 306352
 2.6 208396 229936 306352
 2.6 208396 229936 306352
 2.6 208396 229936 306352
 2.6 208396 229936 306352
 2.6 208396 229936 306352
 2.6 208396 229936 306352
 2.6 208396 229936 306352
 2.6 208396 229936 306352
 2.6 208396 229936 306352
 2.6 208396 229936 306352
 2.6 208396 229936 306352
 2.6 208396 229936 306352
 2.6 208396 229936 306352
 2.6 208396 229936 306352
 2.6 208396 229936 306352
 2.6 208396 229936 306352
 2.6 208396 229936 306352
 2.6 208396 229936 306352
 2.6 208396 229936 306352
 2.6 208396 229936 306352
 2.6 208396 229936 306352
 2.6 208396 229936 306352
 2.6 208396 229936 306352
 2.6 208396 229936 306352
 2.6 208396 229936 306352
 2.6 208396 229936 306352
 2.6 208396 229936 306352
 2.6 208396 229936 306352
 2.6 208396 229936 306352
 2.6 208396 229936 306352
 2.6 208396 229936 306352
 2.6 208396 229936 306352
 2.6 208396 229936 306352
 2.6 208396 229936 306352
 2.6 208396 229936 306352
 2.6 208396 229936 306352
 2.6 208396 229936 306352
 2.6 208396 229936 306352
 2.6 208396 229936 306352
 2.6 208396 229936 306352
 2.6 208396 229936 306352
 2.6 208396 229936 306352
 2.6 208396 229936 306352
 2.6 208396 229936 306352
 2.6 208396 229936 306352
 2.6 208396 229936 306352
 2.6 208396 229936 306352
 2.6 208396 229936 306352
 2.6 208396 229936 306352
 2.6 208396 229936 306352
 2.6 208396 229936 306352
 2.6 208396 229936 306352
 2.6 208396 229936 306352
 2.6 208396 229936 306352
 2.6 208396 229936 306352
 2.6 208396 229936 306352
 2.6 208396 229936 306352
 2.6 208396 229936 306352
 2.6 208396 229936 306352
 2.6 208396 229936 306352
 2.6 208396 229936 306352
 2.6 208396 229936 306352
 2.6 208396 229936 306352
 2.6 208396 229936 306352
 2.6 208396 229936 306352
 2.6 208396 229936 306352
 2.6 208396 229936 306352
 2.6 208396 229936 306352
 2.6 208396 229936 306352
 2.6 208396 229936 306352
 2.6 208396 229936 306352
 2.6 208396 229936 306352
 2.6 208396 229936 306352
 2.6 208396 229936 306352
 2.6 208396 229936 306352
 2.6 208396 229936 306352
 2.6 208396 229936 306352
 2.6 208396 229936 306352
 2.6 208396 229936 306352
 2.6 208396 229936 306352
 2.6 208396 229936 306352
 2.6 208396 229936 306352
 2.6 208396 229936 306352
 2.6 208396 229936 306352
 2.6 208396 229936 306352
 2.6 208396 229936 306352
 2.6 208396 229936 306352
 2.6 208396 229936 306352
 2.6 208396 229936 306352
 2.6 208396 229936 306352
 2.6 208396 229936 306352
 2.6 208396 229936 306352
 2.6 208396 229936 306352
 2.6 208396 229936 306352
 2.6 208396 229936 306352
 2.6 208396 229936 306352
 2.6 208396 229936 306352
 2.6 208396 229936 306352
 2.6 208396 229936 306352
 2.6 208396 229936 306352
 2.6 208396 229936 306352
 2.6 208396 229936 306352
 2.6 208396 229936 306352
 2.6 208396 229936 306352
 2.6 208396 229936 306352
 2.6 208396 229936 306352
 2.6 208396 229936 306352
 2.6 208396 229936 306352
 2.6 208396 229936 306352
 2.6 208396 229936 306352
 2.6 208396 229936 306352
 2.6 208396 229936 306352
 2.6 208396 229936 306352
 2.6 208396 229936 306352
 2.6 208396 229936 306352
 2.6 208396 229936 306352
 2.6 208396 229936 306352
 2.6 208396 229936 306352
 2.6 208396 229936 306352
 2.6 208396 229936 306352
 2.6 208396 229936 306352
 2.6 208396 229936 306352
 2.6 208396 229936 306352
 2.6 208396 229936 306352
 2.6 208396 229936 306352
 2.6 208396 229936 306352
 2.6 208396 229936 306352
 2.6 208396 229936 306352
 2.6 208396 229936 306352
 2.6 208396 229936 306352
 2.6 208396 229936 306352
 2.6 208396 229936 306352
 2.6 208396 229936 306352
 2.6 208396 229936 306352
 2.6 208396 229936 306352
 2.6 208396 229936 306352
 2.6 208396 229936 306352
 2.6 208396 229936 306352
 2.6 208396 229936 306352
 2.6 208396 229936 306352
 2.6 208396 229936 306352
 2.6 208396 229936 306352
 2.6 208396 229936 306352
 2.6 208396 229936 306352
 2.6 208396 229936 306352
 2.6 208396 229936 306352
 2.6 208396 229936 306352
 2.6 208396 229936 306352
 2.6 208396 229936 306352
 2.6 208396 229936 306352
 2.6 208396 229936 306352
 2.6 208396 229936 306352
 2.6 208396 229936 306352
 2.6 208396 229936 306352
 2.6 208396 229936 306352
 2.6 208396 229936 306352
 2.6 208396 229936 306352
 2.6 208396 229936 306352
 2.6 208396 229936 306352
 2.6 208396 229936 306352
 2.6 208396 229936 306352
 2.6 208396 229936 306352
 2.6 208396 229936 306352
 2.6 208396 229936 306352
 2.6 208396 229936 306352
 2.6 208396 229936 306352
 2.6 208396 229936 306352
 2.6 208396 229936 306352
 2.6 208396 229936 306352
 2.6 208396 229936 306352
 2.6 208396 229936 306352
 2.6 208396 229936 306352
 2.6 208396 229936 306352
 2.6 208396 229936 306352
 2.6 208396 229936 306352
 2.6 208396 229936 306352
 2.6 208396 229936 306352
 2.6 208396 229936 306352
 2.6 208396 229936 306352
 2.6 208396 229936 306352
 2.6 208396 229936 306352
 2.6 208396 229936 306352
 2.6 208396 229936 306352
 2.6 208396 229936 306352
 2.6 208396 229936 306352
 2.6 208396 229936 306352
 2.6 208396 229936 306352
 2.6 208396 229936 306352
 2.6 208396 229936 306352
 2.6 208396 229936 306352
 2.6 208396 229936 306352
 2.6 208396 229936 306352
 2.6 208396 229936 306352
 2.6 208396 229936 306352
 2.6 208396 229936 306352
 2.6 208396 229936 306352
 2.6 208396 229936 306352
 2.6 208396 229936 306352
 2.6 208396 229936 306352
 2.6 208396 229936 306352
 2.6 208396 229936 306352
 2.6 208396 229936 306352
 2.6 208396 229936 306352
 2.6 208396 229936 306352
 2.6 208396 229936 306352
 2.6 208396 229936 306352
 2.6 208396 229936 306352
 2.6 208396 229936 306352
 2.6 208396 229936 306352
 2.6 208396 229936 306352
 2.6 208396 229936 306352
 2.6 208396 229936 306352
 2.6 208396 229936 306352
 2.6 208396 229936 306352
 2.6 208396 229936 306352
 2.6 208396 229936 306352
 2.6 208396 229936 306352
 2.6 208396 229936 306352
 2.6 208396 229936 306352
 2.6 208396 229936 306352
 2.6 208396 229936 306352
 2.6 208396 229936 306352
 2.6 208396 229936 306352
 2.6 208396 229936 306352
 2.6 208396 229936 306352
 2.6 208396 229936 306352
 2.6 208396 229936 306352
 2.6 208396 229936 306352
 2.6 208396 229936 306352
 2.6 208396 229936 306352
 2.6 208396 229936 306352
 2.6 208396 229936 306352
 2.6 208396 229936 306352
 2.6 208396 229936 306352
 2.6 208396 229936 306352
 2.6 208396 229936 306352
 2.6 208396 229936 306352
 2.6 208396 229936 306352
 2.6 208396 229936 306352
 2.6 208396 229936 306352
 2.6 208396 229936 306352
 2.6 208396 229936 306352
 2.6 208396 229936 306352
 2.6 208396 229936 306352
 2.6 208396 229936 306352
 2.6 208396 229936 306352
 2.6 208396 229936 306352
 2.6 208396 229936 306352
 2.6 208396 229936 306352
 0.3 26488 66064 142480
