coretemp-isa-0000
Adapter: ISA adapter
Package id 0:  +71.0°C  (high = +100.0°C, crit = +100.0°C)
Core 0:        +71.0°C  (high = +100.0°C, crit = +100.0°C)
Core 1:        +67.0°C  (high = +100.0°C, crit = +100.0°C)
Core 2:        +69.0°C  (high = +100.0°C, crit = +100.0°C)
Core 3:        +72.0°C  (high = +100.0°C, crit = +100.0°C)

pch_cannonlake-virtual-0
Adapter: Virtual device
temp1:        +56.0°C  

BAT0-acpi-0
Adapter: ACPI interface
in0:          12.61 V  
curr1:       1000.00 uA 

dell_smm-virtual-0
Adapter: Virtual device
fan1:        3229 RPM

radeon-pci-0100
Adapter: PCI adapter
temp1:            N/A  (crit = +120.0°C, hyst = +90.0°C)

acpitz-acpi-0
Adapter: ACPI interface
temp1:        +25.0°C  (crit = +107.0°C)

%CPU %MEM     ELAPSED
 0.6 52380 102792 113792
 0.9 77676 102792 113792
 0.9 78204 102792 113792
 0.9 78732 102792 113792
 0.9 79524 102792 113792
 1.0 80052 102792 113792
 1.0 80052 102792 113792
 1.0 82100 102792 113792
 1.0 82360 102792 113792
 1.0 83152 102792 113792
 1.0 83680 102792 113792
 1.0 84472 102792 113792
 1.0 84472 102792 113792
 1.0 84472 102792 113792
 1.0 84472 102792 113792
 1.0 84472 102792 113792
 1.0 84736 102792 113792
 1.0 85264 102792 113792
 1.0 86584 102792 113792
 1.0 87640 102792 113792
 1.0 87904 102792 113792
 1.1 88168 102792 113792
 1.1 88696 102792 113792
 1.1 90544 102792 113792
 1.1 90544 102792 113792
 1.1 90544 102792 113792
 1.1 90544 102792 113792
 1.1 90544 102792 113792
 1.1 90544 102792 113792
 1.1 90544 102792 113792
 1.1 90544 102792 113792
 1.1 90544 102792 113792
 1.1 90544 102792 113792
 1.1 90544 102792 113792
 1.1 90544 102792 113792
 1.1 90544 102792 113792
 1.1 91072 102792 113792
 1.1 91600 102792 113792
 1.1 92656 102792 113792
 1.1 92656 102792 113792
 1.1 93712 102792 113792
 1.1 94504 102792 113792
 1.1 94504 102792 113792
 1.1 94504 102792 113792
 1.1 95560 102792 113792
 1.2 96352 102792 113792
 1.2 97144 102792 113792
 1.2 98200 102792 113792
 1.2 98200 102792 113792
 1.2 98200 102792 113792
 1.2 98200 102792 113792
 1.2 98200 102792 113792
 1.2 98200 102792 113792
 1.2 99256 102792 113792
 1.2 100312 102792 113792
 1.2 101104 102792 113792
 1.2 102160 102792 113792
 1.2 102952 102792 113792
 1.2 103480 102792 113792
 1.2 103744 102792 113792
 1.3 105592 102792 113792
 1.3 105592 102792 113792
 1.3 105592 102792 113792
 1.3 105592 102792 113792
 1.3 105592 102792 113792
 1.3 105592 102792 113792
 1.3 105592 102792 113792
 1.3 105592 102792 113792
 1.3 105592 102792 113792
 1.3 105592 102792 113792
 1.3 105592 102792 113792
 1.3 105592 102792 113792
 1.3 105592 102792 113792
 1.3 105592 102792 113792
 1.3 105592 102792 113792
 1.3 105592 102792 113792
 1.3 105592 102792 113792
 1.3 105592 102792 113792
 1.3 105592 102792 113792
 1.3 105592 102792 113792
 1.3 105592 102792 113792
 1.3 105592 102792 113792
 1.3 105592 102792 113792
 1.3 105592 102792 113792
 1.3 105592 102792 113792
 1.3 105592 102792 113792
 1.3 105592 102792 113792
 1.3 105592 102792 113792
 1.3 105592 102792 113792
 1.3 105592 102792 113792
 1.3 105592 102792 113792
 1.3 105592 102792 113792
 1.3 105592 102792 113792
 1.3 105592 102792 113792
 1.3 105592 102792 113792
 1.3 105592 102792 113792
 1.3 105592 102792 113792
 1.3 105592 102792 113792
 1.3 105592 102792 113792
 1.3 105592 102792 113792
 1.3 105592 102792 113792
 1.3 105592 102792 113792
 1.3 105592 102792 113792
 1.3 105592 102792 113792
 1.3 105592 102792 113792
 1.3 105592 102792 113792
 1.3 105592 102792 113792
 1.3 105592 102792 113792
 1.3 105592 102792 113792
 1.3 105592 102792 113792
 1.3 105592 102792 113792
 1.3 105592 102792 113792
 1.3 105592 102792 113792
 1.3 105592 102792 113792
 1.3 105592 102792 113792
 1.3 105592 102792 113792
 1.3 105592 102792 113792
 1.3 105592 102792 113792
 1.3 105592 102792 113792
 1.3 105592 102792 113792
 1.3 105592 102792 113792
 1.3 105592 102792 113792
 1.3 105592 102792 113792
 1.3 105592 102792 113792
 1.3 105592 102792 113792
 1.3 105592 102792 113792
 1.3 105592 102792 113792
 1.3 105592 102792 113792
 1.3 105592 102792 113792
 1.3 105592 102792 113792
 1.3 105592 102792 113792
 1.3 105592 102792 113792
 1.3 105592 102792 113792
 1.3 105592 102792 113792
 1.3 105592 102792 113792
 1.3 105592 102792 113792
 1.3 105592 102792 113792
 1.3 105592 102792 113792
 1.3 105592 102792 113792
 1.3 105592 102792 113792
 1.3 105592 102792 113792
 1.3 105592 102792 113792
 1.3 105592 102792 113792
 1.3 105592 102792 113792
 1.3 105592 102792 113792
 1.3 105592 102792 113792
 1.3 105592 102792 113792
 1.3 105592 102792 113792
 1.3 105592 102792 113792
 1.3 105592 102792 113792
 1.3 105592 102792 113792
 1.3 105592 102792 113792
 1.3 105592 102792 113792
 1.3 105592 102792 113792
 1.3 105592 102792 113792
 1.3 105592 102792 113792
 1.3 105592 102792 113792
 1.3 105592 102792 113792
 1.3 105592 102792 113792
 1.3 105592 102792 113792
 1.3 105592 102792 113792
 1.3 105592 102792 113792
 1.3 105592 102792 113792
 1.3 105592 102792 113792
 1.3 105592 102792 113792
 1.3 105592 102792 113792
 1.3 105592 102792 113792
 1.3 105592 102792 113792
 1.3 105592 102792 113792
 1.3 105592 102792 113792
 1.3 105592 102792 113792
 1.3 105592 102792 113792
 1.3 105592 102792 113792
 1.3 105592 102792 113792
 1.3 105592 102792 113792
 1.3 105592 102792 113792
 1.3 105592 102792 113792
 1.3 105592 102792 113792
 1.3 105592 102792 113792
 1.3 105592 102792 113792
 1.3 105592 102792 113792
 1.3 105592 102792 113792
 1.3 105592 102792 113792
 1.3 105592 102792 113792
 1.3 105592 102792 113792
 1.3 105592 102792 113792
 1.3 105592 102792 113792
 1.3 105592 102792 113792
 1.3 105592 102792 113792
 1.3 105592 102792 113792
 1.3 105592 102792 113792
 1.3 105592 102792 113792
 1.3 105592 102792 113792
 1.3 105592 102792 113792
 1.3 105592 102792 113792
 1.3 105592 102792 113792
 1.3 105592 102792 113792
 1.3 105592 102792 113792
 1.3 105592 102792 113792
 1.3 105592 102792 113792
 1.3 105592 102792 113792
 1.3 105592 102792 113792
 1.3 105592 102792 113792
 1.3 105592 102792 113792
 1.3 105592 102792 113792
 1.3 105592 102792 113792
 1.3 105592 102792 113792
 1.3 105592 102792 113792
 1.3 105592 102792 113792
 1.3 105592 102792 113792
 1.3 105592 102792 113792
 1.3 105592 102792 113792
 1.3 105592 102792 113792
 1.3 105592 102792 113792
 1.3 105592 102792 113792
 1.3 105592 102792 113792
 1.3 105592 102792 113792
 1.3 105592 102792 113792
 1.3 105592 102792 113792
 1.3 105592 102792 113792
 1.3 105592 102792 113792
 1.3 105592 102792 113792
 1.3 105592 102792 113792
 1.3 105592 102792 113792
 1.3 105592 102792 113792
 1.3 105592 102792 113792
 1.3 105592 102792 113792
 1.3 105592 102792 113792
 1.3 105592 102792 113792
 1.3 105592 102792 113792
 1.3 105592 102792 113792
 1.3 105592 102792 113792
 1.3 105592 102792 113792
 1.3 105592 102792 113792
 1.3 105592 102792 113792
 1.3 105592 102792 113792
 1.3 105592 102792 113792
 1.3 105592 102792 113792
 1.3 105592 102792 113792
 1.3 105592 102792 113792
 1.3 105592 102792 113792
 1.3 105592 102792 113792
 1.3 105592 102792 113792
 1.3 105592 102792 113792
 1.3 105592 102792 113792
 1.3 105592 102792 113792
 1.3 105592 102792 113792
 1.3 105592 102792 113792
 1.3 105592 102792 113792
 1.3 105592 102792 113792
 1.3 105592 102792 113792
 1.3 105592 102792 113792
 1.3 105592 102792 113792
 1.3 105592 102792 113792
 1.3 105592 102792 113792
 1.3 105592 102792 113792
 1.3 105592 102792 113792
 1.3 105592 102792 113792
 1.3 105592 102792 113792
 1.3 105592 102792 113792
 1.3 105592 102792 113792
 1.3 105592 102792 113792
 1.3 105592 102792 113792
 1.3 105592 102792 113792
 1.3 105592 102792 113792
 1.3 105592 102792 113792
 1.3 105592 102792 113792
 1.3 105592 102792 113792
 1.3 105592 102792 113792
 1.3 105592 102792 113792
 1.3 105592 102792 113792
 1.3 105592 102792 113792
 1.3 105592 102792 113792
 1.3 105592 102792 113792
 1.3 105592 102792 113792
 1.3 105592 102792 113792
 1.3 105592 102792 113792
 1.3 105592 102792 113792
 1.3 105592 102792 113792
 1.3 105592 102792 113792
 1.3 105592 102792 113792
 1.3 105592 102792 113792
 1.3 105592 102792 113792
 1.3 105592 102792 113792
 1.3 105592 102792 113792
 1.3 105592 102792 113792
 1.3 105592 102792 113792
 1.3 105592 102792 113792
 1.3 105592 102792 113792
 1.3 105592 102792 113792
 1.3 105592 102792 113792
 1.3 105592 102792 113792
 1.3 105592 102792 113792
 1.3 105592 102792 113792
 1.3 105592 102792 113792
 1.3 105592 102792 113792
 1.3 105592 102792 113792
 1.3 105592 102792 113792
 1.3 105592 102792 113792
 1.3 105592 102792 113792
 1.3 105592 102792 113792
 1.3 105592 102792 113792
 1.3 105592 102792 113792
 1.3 105592 102792 113792
 1.3 105592 102792 113792
 1.3 105592 102792 113792
 1.3 105592 102792 113792
 1.3 105592 102792 113792
 1.3 105592 102792 113792
 1.3 105592 102792 113792
 1.3 105592 102792 113792
 1.3 105592 102792 113792
 1.3 105592 102792 113792
 1.3 105592 102792 113792
 1.3 105592 102792 113792
 1.3 105592 102792 113792
 1.3 105592 102792 113792
 1.3 105592 102792 113792
 1.3 105592 102792 113792
 1.3 105592 102792 113792
 1.3 105592 102792 113792
 1.3 105592 102792 113792
 1.3 105592 102792 113792
 1.3 105592 102792 113792
 1.3 105592 102792 113792
 1.3 105592 102792 113792
 1.3 105592 102792 113792
 1.3 105592 102792 113792
 1.3 105592 102792 113792
 1.3 105592 102792 113792
 1.3 105592 102792 113792
 1.3 105592 102792 113792
 1.3 105592 102792 113792
 1.3 105592 102792 113792
 1.3 105592 102792 113792
 1.3 105592 102792 113792
 1.3 105592 102792 113792
 1.3 105592 102792 113792
 1.3 105592 102792 113792
 1.3 105592 102792 113792
 1.3 105592 102792 113792
 1.3 105592 102792 113792
 1.3 105592 102792 113792
 1.3 105592 102792 113792
 1.3 105592 102792 113792
 1.3 105592 102792 113792
 1.3 105592 102792 113792
 1.3 105592 102792 113792
 1.3 105592 102792 113792
 1.3 105592 102792 113792
 1.3 105592 102792 113792
 1.3 105592 102792 113792
 1.3 105592 102792 113792
 1.3 105592 102792 113792
 1.3 105592 102792 113792
 1.3 105592 102792 113792
 1.3 105592 102792 113792
 1.3 105592 102792 113792
 1.3 105592 102792 113792
 1.3 105592 102792 113792
 1.3 105592 102792 113792
 1.3 105592 102792 113792
 1.3 105592 102792 113792
 1.3 105592 102792 113792
 1.3 105592 102792 113792
 1.3 105592 102792 113792
 1.3 105592 102792 113792
 1.3 105592 102792 113792
 1.3 105592 102792 113792
 1.3 105592 102792 113792
 1.3 105592 102792 113792
 1.3 105592 102792 113792
 1.3 105592 102792 113792
 1.3 105592 102792 113792
 1.3 105592 102792 113792
 1.3 105592 102792 113792
 1.3 105592 102792 113792
 1.3 105592 102792 113792
 1.3 105592 102792 113792
 1.3 105592 102792 113792
 1.3 105592 102792 113792
 1.3 105592 102792 113792
 1.3 105592 102792 113792
 1.3 105592 102792 113792
 1.3 105592 102792 113792
 1.3 105592 102792 113792
 1.3 105592 102792 113792
 1.3 105592 102792 113792
 1.3 105592 102792 113792
 1.3 105592 102792 113792
 1.3 105592 102792 113792
 1.3 105592 102792 113792
 1.3 105592 102792 113792
 1.3 105592 102792 113792
 1.3 105592 102792 113792
 1.3 105592 102792 113792
 1.3 105592 102792 113792
 1.3 105592 102792 113792
 1.3 105592 102792 113792
 1.3 105592 102792 113792
 1.3 105592 102792 113792
 1.3 105592 102792 113792
 1.3 105592 102792 113792
 1.3 105592 102792 113792
 1.3 105592 102792 113792
 1.3 105592 102792 113792
 1.3 105592 102792 113792
 1.3 105592 102792 113792
 1.3 105592 102792 113792
 1.3 105592 102792 113792
 1.3 105592 102792 113792
 1.3 105592 102792 113792
 1.3 105592 102792 113792
 1.3 105592 102792 113792
 1.3 105592 102792 113792
 1.3 105592 102792 113792
 1.3 105592 102792 113792
 1.3 105592 102792 113792
 1.3 105592 102792 113792
 1.3 105592 102792 113792
 1.3 105592 102792 113792
 1.3 105592 102792 113792
 1.3 105592 102792 113792
 1.3 105592 102792 113792
 1.3 105592 102792 113792
 1.3 105592 102792 113792
 1.3 105592 102792 113792
 1.3 105592 102792 113792
 1.3 105592 102792 113792
 1.3 105592 102792 113792
 1.3 105592 102792 113792
 1.3 105592 102792 113792
 1.3 105592 102792 113792
 1.3 105592 102792 113792
 1.3 105592 102792 113792
 1.3 105592 102792 113792
 1.3 105592 102792 113792
 1.3 105592 102792 113792
 1.3 105592 102792 113792
 1.3 105592 102792 113792
 1.3 105592 102792 113792
 1.3 105592 102792 113792
 1.3 105592 102792 113792
 1.3 105592 102792 113792
 1.3 105592 102792 113792
 1.3 105592 102792 113792
 1.3 105592 102792 113792
 1.3 105592 102792 113792
 1.3 105592 102792 113792
 1.3 105592 102792 113792
 1.3 105592 102792 113792
 1.3 105592 102792 113792
 1.3 105592 102792 113792
 1.3 105592 102792 113792
 1.3 105592 102792 113792
 1.3 105592 102792 113792
 1.3 105592 102792 113792
 1.3 105592 102792 113792
 1.3 105592 102792 113792
 1.3 105592 102792 113792
 1.3 105592 102792 113792
 1.3 105592 102792 113792
 1.3 105592 102792 113792
 1.3 105592 102792 113792
 1.3 105592 102792 113792
 1.3 105592 102792 113792
 1.3 105592 102792 113792
 1.3 105592 102792 113792
 1.3 105592 102792 113792
 1.3 105592 102792 113792
 1.3 105592 102792 113792
 1.3 105592 102792 113792
 1.3 105592 102792 113792
 1.3 105592 102792 113792
 1.3 105592 102792 113792
 1.3 105592 102792 113792
 1.3 105592 102792 113792
 1.3 105592 102792 113792
 1.3 105592 102792 113792
 1.3 105592 102792 113792
 1.3 105592 102792 113792
 1.3 105592 102792 113792
 1.3 105592 102792 113792
 1.3 105592 102792 113792
 1.3 105592 102792 113792
 1.3 105592 102792 113792
 1.3 105592 102792 113792
 1.3 105592 102792 113792
 1.3 105592 102792 113792
 1.3 105592 102792 113792
 1.3 105592 102792 113792
 1.3 105592 102792 113792
 1.3 105592 102792 113792
 1.3 105592 102792 113792
 1.3 105592 102792 113792
 1.3 105592 102792 113792
 1.3 105592 102792 113792
 1.3 105592 102792 113792
 1.3 105592 102792 113792
 1.3 105592 102792 113792
 1.3 105592 102792 113792
 1.3 105592 102792 113792
 1.3 105592 102792 113792
 1.3 105592 102792 113792
 1.3 105592 102792 113792
 1.3 105592 102792 113792
 1.3 105592 102792 113792
 1.3 105592 102792 113792
 1.3 105592 102792 113792
 1.3 105592 102792 113792
 1.3 105592 102792 113792
 1.3 105592 102792 113792
 1.3 105592 102792 113792
 1.3 105592 102792 113792
 1.3 105592 102792 113792
 1.3 105592 102792 113792
 1.3 105592 102792 113792
 1.3 105592 102792 113792
 1.3 105592 102792 113792
 1.3 105592 102792 113792
 1.3 105592 102792 113792
 1.3 105592 102792 113792
 1.3 105592 102792 113792
 1.3 105592 102792 113792
 1.3 105592 102792 113792
 1.3 105592 102792 113792
 1.3 105592 102792 113792
 1.3 105592 102792 113792
 1.3 105592 102792 113792
 1.3 105592 102792 113792
 1.3 105592 102792 113792
 1.3 105592 102792 113792
 1.3 105592 102792 113792
 1.3 105592 102792 113792
 1.3 105592 102792 113792
 1.3 105592 102792 113792
 1.3 105592 102792 113792
 1.3 105592 102792 113792
 1.3 105592 102792 113792
 1.3 105592 102792 113792
 1.3 105592 102792 113792
 1.3 105592 102792 113792
 1.3 105592 102792 113792
 1.3 105592 102792 113792
 1.3 105592 102792 113792
 1.3 105592 102792 113792
 1.3 105592 102792 113792
 1.3 105592 102792 113792
 1.3 105592 102792 113792
 1.3 105592 102792 113792
 1.3 105592 102792 113792
 1.3 105592 102792 113792
 1.3 105592 102792 113792
 1.3 105592 102792 113792
 1.3 105592 102792 113792
 1.3 105592 102792 113792
 1.3 105592 102792 113792
 1.3 105592 102792 113792
 1.3 105592 102792 113792
 1.3 105592 102792 113792
 1.3 105592 102792 113792
 1.3 105592 102792 113792
 1.3 105592 102792 113792
 1.3 105592 102792 113792
 1.3 105592 102792 113792
 1.3 105592 102792 113792
 1.3 105592 102792 113792
 1.3 105592 102792 113792
 1.3 105592 102792 113792
 1.3 105592 102792 113792
 1.3 105592 102792 113792
 1.3 105592 102792 113792
 1.3 105592 102792 113792
 1.3 105592 102792 113792
 1.3 105592 102792 113792
 1.3 105592 102792 113792
 1.3 105592 102792 113792
 1.3 105592 102792 113792
 1.3 105592 102792 113792
 1.3 105592 102792 113792
 1.3 105592 102792 113792
 1.3 105592 102792 113792
 1.3 105592 102792 113792
 1.3 105592 102792 113792
 1.3 105592 102792 113792
 1.3 105592 102792 113792
 1.3 105592 102792 113792
 1.3 105592 102792 113792
 1.3 105592 102792 113792
 1.3 105592 102792 113792
 1.3 105592 102792 113792
 1.3 105592 102792 113792
 1.3 105592 102792 113792
 1.3 105592 102792 113792
 1.3 105592 102792 113792
 1.3 105592 102792 113792
 1.3 105592 102792 113792
 1.3 105592 102792 113792
 1.3 105592 102792 113792
 1.3 105592 102792 113792
 1.3 105592 102792 113792
 1.3 105592 102792 113792
 1.3 105592 102792 113792
 1.3 105592 102792 113792
 1.3 105592 102792 113792
 1.3 105592 102792 113792
 1.3 105592 102792 113792
 1.3 105592 102792 113792
 1.3 105592 102792 113792
 1.3 105592 102792 113792
 1.3 105592 102792 113792
 1.3 105592 102792 113792
 1.3 105592 102792 113792
 1.3 105592 102792 113792
 1.3 105592 102792 113792
 1.3 105592 102792 113792
 1.3 105592 102792 113792
 1.3 105592 102792 113792
 1.3 105592 102792 113792
 1.3 105592 102792 113792
 1.3 105592 102792 113792
 1.3 105592 102792 113792
 1.3 105592 102792 113792
 1.3 105592 102792 113792
 1.3 105592 102792 113792
 1.3 105592 102792 113792
 1.3 105592 102792 113792
 1.3 105592 102792 113792
 1.3 105592 102792 113792
 1.3 105592 102792 113792
 1.3 105592 102792 113792
 1.3 105592 102792 113792
 1.3 105592 102792 113792
 1.3 105592 102792 113792
 1.3 105592 102792 113792
 1.3 105592 102792 113792
 1.3 105592 102792 113792
 1.3 105592 102792 113792
 1.3 105592 102792 113792
 1.3 105592 102792 113792
 1.3 105592 102792 113792
 1.3 105592 102792 113792
 1.3 105592 102792 113792
 1.3 105592 102792 113792
 1.3 105592 102792 113792
 1.3 105592 102792 113792
 1.3 105592 102792 113792
 1.3 105592 102792 113792
 1.3 105592 102792 113792
 1.3 105592 102792 113792
 1.3 105592 102792 113792
 1.3 105592 102792 113792
 1.3 105592 102792 113792
 1.3 105592 102792 113792
 1.3 105592 102792 113792
 1.3 105592 102792 113792
 1.3 105592 102792 113792
 1.3 105592 102792 113792
 1.3 105592 102792 113792
 1.3 105592 102792 113792
 1.3 105592 102792 113792
 1.3 105592 102792 113792
 1.3 105592 102792 113792
 1.3 105592 102792 113792
 1.3 105592 102792 113792
 1.3 105592 102792 113792
 1.3 105592 102792 113792
 1.3 105592 102792 113792
 1.3 105592 102792 113792
 1.3 105592 102792 113792
 1.3 105592 102792 113792
 1.3 105592 102792 113792
 1.3 105592 102792 113792
 1.3 105592 102792 113792
 1.3 105592 102792 113792
 1.3 105592 102792 113792
 1.3 105592 102792 113792
 1.3 105592 102792 113792
 1.3 105592 102792 113792
 1.3 105592 102792 113792
 1.3 105592 102792 113792
 1.3 105592 102792 113792
 1.3 105592 102792 113792
 1.3 105592 102792 113792
 1.3 105592 102792 113792
 1.3 105592 102792 113792
 1.3 105592 102792 113792
 1.3 105592 102792 113792
 1.3 105592 102792 113792
 1.3 105592 102792 113792
 1.3 105592 102792 113792
 1.3 105592 102792 113792
 1.3 105592 102792 113792
 1.3 105592 102792 113792
 1.3 105592 102792 113792
 1.3 105592 102792 113792
 1.3 105592 102792 113792
 1.3 105592 102792 113792
 1.3 105592 102792 113792
 1.3 105592 102792 113792
 1.3 105592 102792 113792
 1.3 105592 102792 113792
 1.3 105592 102792 113792
 1.3 105592 102792 113792
 1.3 105592 102792 113792
 1.3 105592 102792 113792
 1.3 105592 102792 113792
 1.3 105592 102792 113792
 1.3 105592 102792 113792
 1.3 105592 102792 113792
 1.3 105592 102792 113792
 1.3 105592 102792 113792
 1.3 105592 102792 113792
 1.3 105592 102792 113792
 1.3 105592 102792 113792
 1.3 105592 102792 113792
 1.3 105592 102792 113792
 1.3 105592 102792 113792
 1.3 105592 102792 113792
 1.3 105592 102792 113792
 1.3 105592 102792 113792
 1.3 105592 102792 113792
 1.3 105592 102792 113792
 1.3 105592 102792 113792
 1.3 105592 102792 113792
 1.3 105592 102792 113792
 1.3 105592 102792 113792
 1.3 105592 102792 113792
 1.3 105592 102792 113792
 1.3 105592 102792 113792
 1.3 105592 102792 113792
 1.3 105592 102792 113792
 1.3 105592 102792 113792
 1.3 105592 102792 113792
 1.3 105592 102792 113792
 1.3 105592 102792 113792
 1.3 105592 102792 113792
 1.3 105592 102792 113792
 1.3 105592 102792 113792
 1.3 105592 102792 113792
 1.3 105592 102792 113792
 1.3 105592 102792 113792
 1.3 105592 102792 113792
 1.3 105592 102792 113792
 1.3 105592 102792 113792
 1.3 105592 102792 113792
 1.3 105592 102792 113792
 1.3 105592 102792 113792
 1.3 105592 102792 113792
 1.3 105592 102792 113792
 1.3 105592 102792 113792
 1.3 105592 102792 113792
 1.3 105592 102792 113792
 1.3 105592 102792 113792
 1.3 105592 102792 113792
 1.3 105592 102792 113792
 1.3 105592 102792 113792
 1.3 105592 102792 113792
 1.3 105592 102792 113792
 1.3 105592 102792 113792
 1.3 105592 102792 113792
 1.3 105592 102792 113792
 1.3 105592 102792 113792
 1.3 105592 102792 113792
 1.3 105592 102792 113792
 1.3 105592 102792 113792
 1.3 105592 102792 113792
 1.3 105592 102792 113792
 1.3 105592 102792 113792
 1.3 105592 102792 113792
 1.3 105592 102792 113792
 1.3 105592 102792 113792
 1.3 105592 102792 113792
 1.3 105592 102792 113792
 1.3 105592 102792 113792
 1.3 105592 102792 113792
 1.3 105592 102792 113792
 1.3 105592 102792 113792
 1.3 105592 102792 113792
 1.3 105592 102792 113792
 1.3 105592 102792 113792
 1.3 105592 102792 113792
 1.3 105592 102792 113792
 1.3 105592 102792 113792
 1.3 105592 102792 113792
 1.3 105592 102792 113792
 1.3 105592 102792 113792
 1.3 105592 102792 113792
 1.3 105592 102792 113792
 1.3 105592 102792 113792
 1.3 105592 102792 113792
 1.3 105592 102792 113792
 1.3 105592 102792 113792
 1.3 105592 102792 113792
 1.3 105592 102792 113792
 1.3 105592 102792 113792
 1.3 105592 102792 113792
 1.3 105592 102792 113792
 1.3 105592 102792 113792
 1.3 105592 102792 113792
 1.3 105592 102792 113792
 1.3 105592 102792 113792
 1.3 105592 102792 113792
 1.3 105592 102792 113792
 1.3 105592 102792 113792
 1.3 105592 102792 113792
 1.3 105592 102792 113792
 1.3 105592 102792 113792
 1.3 105592 102792 113792
 1.3 105592 102792 113792
 1.3 105592 102792 113792
 1.3 105592 102792 113792
 1.3 105592 102792 113792
 1.3 105592 102792 113792
 1.3 105592 102792 113792
 1.3 105592 102792 113792
 1.3 105592 102792 113792
 1.3 105592 102792 113792
 1.3 105592 102792 113792
 1.3 105592 102792 113792
 1.3 105592 102792 113792
 1.3 105592 102792 113792
 1.3 105592 102792 113792
 1.3 105592 102792 113792
 1.3 105592 102792 113792
 1.3 105592 102792 113792
 1.3 105592 102792 113792
 1.3 105592 102792 113792
 1.3 105592 102792 113792
 1.3 105592 102792 113792
 1.3 105592 102792 113792
 1.3 105592 102792 113792
 1.3 105592 102792 113792
 1.3 105592 102792 113792
 1.3 105592 102792 113792
 1.3 105592 102792 113792
 1.3 105592 102792 113792
 1.3 105592 102792 113792
 1.3 105592 102792 113792
 1.3 105592 102792 113792
 1.3 105592 102792 113792
 1.3 105592 102792 113792
 1.3 105592 102792 113792
 1.3 105592 102792 113792
 1.3 105592 102792 113792
 1.3 105592 102792 113792
 1.3 105592 102792 113792
 1.3 105592 102792 113792
 1.3 105592 102792 113792
 1.3 105592 102792 113792
 1.3 105592 102792 113792
 1.3 105592 102792 113792
 1.3 105592 102792 113792
 1.3 105592 102792 113792
 1.3 105592 102792 113792
 1.3 105592 102792 113792
 1.3 105592 102792 113792
 1.3 105592 102792 113792
 1.3 105592 102792 113792
 1.3 105592 102792 113792
 1.3 105592 102792 113792
 1.3 105592 102792 113792
 1.3 105592 102792 113792
 1.3 105592 102792 113792
 1.3 105592 102792 113792
 1.3 105592 102792 113792
 1.3 105592 102792 113792
 1.3 105592 102792 113792
 1.3 105592 102792 113792
 1.3 105592 102792 113792
 1.3 105592 102792 113792
 1.3 105592 102792 113792
 1.3 105592 102792 113792
 1.3 105592 102792 113792
 1.3 105592 102792 113792
 1.3 105592 102792 113792
 1.3 105592 102792 113792
 1.3 105592 102792 113792
 1.3 105592 102792 113792
 1.3 105592 102792 113792
 1.3 105592 102792 113792
 1.3 105592 102792 113792
 1.3 105592 102792 113792
 1.3 105592 102792 113792
 1.3 105592 102792 113792
 1.3 105592 102792 113792
 1.3 105592 102792 113792
 1.3 105592 102792 113792
 1.3 105592 102792 113792
 1.3 105592 102792 113792
 1.3 105592 102792 113792
 1.3 105592 102792 113792
 1.3 105592 102792 113792
 1.3 105592 102792 113792
 1.3 105592 102792 113792
 1.3 105592 102792 113792
 1.3 105592 102792 113792
 1.3 105592 102792 113792
 1.3 105592 102792 113792
 1.3 105592 102792 113792
 1.3 105592 102792 113792
 1.3 105592 102792 113792
 1.3 105592 102792 113792
 1.3 105592 102792 113792
 1.3 105592 102792 113792
 1.3 105592 102792 113792
 1.3 105592 102792 113792
 1.3 105592 102792 113792
 1.3 105592 102792 113792
 1.3 105592 102792 113792
 1.3 105592 102792 113792
 1.3 105592 102792 113792
 1.3 105592 102792 113792
 1.3 105592 102792 113792
 1.3 105592 102792 113792
 1.3 105592 102792 113792
 1.3 105592 102792 113792
 1.3 105592 102792 113792
 1.3 105592 102792 113792
 1.3 105592 102792 113792
 1.3 105592 102792 113792
 1.3 105592 102792 113792
 1.3 105592 102792 113792
 1.3 105592 102792 113792
 1.3 105592 102792 113792
 1.3 105592 102792 113792
 1.3 105592 102792 113792
 1.3 105592 102792 113792
 1.3 105592 102792 113792
 1.3 105592 102792 113792
 1.3 105592 102792 113792
 1.3 105592 102792 113792
 1.3 105592 102792 113792
 1.3 105592 102792 113792
 1.3 105592 102792 113792
 1.3 105592 102792 113792
 1.3 105592 102792 113792
 1.3 105592 102792 113792
 1.3 105592 102792 113792
 1.3 105592 102792 113792
 1.3 105592 102792 113792
 1.3 105592 102792 113792
 1.3 105592 102792 113792
 1.3 105592 102792 113792
 1.3 105592 102792 113792
 1.3 105592 102792 113792
 1.3 105592 102792 113792
 1.3 105592 102792 113792
 1.3 105592 102792 113792
 1.3 105592 102792 113792
 1.3 105592 102792 113792
 1.3 105592 102792 113792
 1.3 105592 102792 113792
 1.3 105592 102792 113792
 1.3 105592 102792 113792
 1.3 105592 102792 113792
 1.3 105592 102792 113792
 1.3 105592 102792 113792
 1.3 105592 102792 113792
 1.3 105592 102792 113792
 1.3 105592 102792 113792
 1.3 105592 102792 113792
 1.3 105592 102792 113792
 1.3 105592 102792 113792
 1.3 105592 102792 113792
 1.3 105592 102792 113792
 1.3 105592 102792 113792
 1.3 105592 102792 113792
 1.3 105592 102792 113792
 1.3 105592 102792 113792
 1.3 105592 102792 113792
 1.3 105592 102792 113792
 1.3 105592 102792 113792
 1.3 105592 102792 113792
 1.3 105592 102792 113792
 1.3 105592 102792 113792
 1.3 105592 102792 113792
 1.3 105592 102792 113792
 1.3 105592 102792 113792
 1.3 105592 102792 113792
 1.3 105592 102792 113792
 1.3 105592 102792 113792
 1.3 105592 102792 113792
 1.3 105592 102792 113792
 1.3 105592 102792 113792
 1.3 105592 102792 113792
 1.3 105592 102792 113792
 1.3 105592 102792 113792
 1.3 105592 102792 113792
 1.3 105592 102792 113792
 1.3 105592 102792 113792
 1.3 105592 102792 113792
 1.3 105592 102792 113792
 1.3 105592 102792 113792
 1.3 105592 102792 113792
 1.3 105592 102792 113792
 1.3 105592 102792 113792
 1.3 105592 102792 113792
 1.3 105592 102792 113792
 1.3 105592 102792 113792
 1.3 105592 102792 113792
 1.3 105592 102792 113792
 1.3 105592 102792 113792
 1.3 105592 102792 113792
 1.3 105592 102792 113792
 1.3 105592 102792 113792
 1.3 105592 102792 113792
 1.3 105592 102792 113792
 1.3 105592 102792 113792
 1.3 105592 102792 113792
 1.3 105592 102792 113792
 1.3 105592 102792 113792
 1.3 105592 102792 113792
 1.3 105592 102792 113792
 1.3 105592 102792 113792
 1.3 105592 102792 113792
 1.3 105592 102792 113792
 1.3 105592 102792 113792
 1.3 105592 102792 113792
 1.3 105592 102792 113792
 1.3 105592 102792 113792
 1.3 105592 102792 113792
 1.3 105592 102792 113792
 1.3 105592 102792 113792
 1.3 105592 102792 113792
 1.3 105592 102792 113792
 1.3 105592 102792 113792
 1.3 105592 102792 113792
 1.3 105592 102792 113792
 1.3 105592 102792 113792
 1.3 105592 102792 113792
 1.3 105592 102792 113792
 1.3 105592 102792 113792
 1.3 105592 102792 113792
 1.3 105592 102792 113792
 1.3 105592 102792 113792
 1.3 105592 102792 113792
 1.3 105592 102792 113792
 1.3 105592 102792 113792
 1.3 105592 102792 113792
 1.3 105592 102792 113792
 1.3 105592 102792 113792
 1.3 105592 102792 113792
 1.3 105592 102792 113792
 1.3 105592 102792 113792
 1.3 105592 102792 113792
 1.3 105592 102792 113792
 1.3 105592 102792 113792
 1.3 105592 102792 113792
 1.3 105592 102792 113792
 1.3 105592 102792 113792
 1.3 105592 102792 113792
 1.3 105592 102792 113792
 1.3 105592 102792 113792
 1.3 105592 102792 113792
 1.3 105592 102792 113792
 1.3 105592 102792 113792
 1.3 105592 102792 113792
 1.3 105592 102792 113792
 1.3 105592 102792 113792
 1.3 105592 102792 113792
 1.3 105592 102792 113792
 1.3 105592 102792 113792
 1.3 105592 102792 113792
 1.3 105592 102792 113792
 1.3 105592 102792 113792
 1.3 105592 102792 113792
 1.3 105592 102792 113792
 1.3 105592 102792 113792
 1.3 105592 102792 113792
 1.3 105592 102792 113792
 1.3 105592 102792 113792
 1.3 105592 102792 113792
 1.3 105592 102792 113792
 1.3 105592 102792 113792
 1.3 105592 102792 113792
 1.3 105592 102792 113792
 1.3 105592 102792 113792
 1.3 105592 102792 113792
 1.3 105592 102792 113792
 1.3 105592 102792 113792
 1.3 105592 102792 113792
 1.3 105592 102792 113792
 1.3 105592 102792 113792
 1.3 105592 102792 113792
 1.3 105592 102792 113792
 1.3 105592 102792 113792
 1.3 105592 102792 113792
 1.3 105592 102792 113792
 1.3 105592 102792 113792
 1.3 105592 102792 113792
 1.3 105592 102792 113792
 1.3 105592 102792 113792
 1.3 105592 102792 113792
 1.3 105592 102792 113792
 1.3 105592 102792 113792
 1.3 105592 102792 113792
 1.3 105592 102792 113792
 1.3 105592 102792 113792
 1.3 105592 102792 113792
 1.3 105592 102792 113792
 1.3 105592 102792 113792
 1.3 105592 102792 113792
 1.3 105592 102792 113792
 1.3 105592 102792 113792
 1.3 105592 102792 113792
 1.3 105592 102792 113792
 1.3 105592 102792 113792
 1.3 105592 102792 113792
 1.3 105592 102792 113792
 1.3 105592 102792 113792
 1.3 105592 102792 113792
 1.3 105592 102792 113792
 1.3 105592 102792 113792
 1.3 105592 102792 113792
 1.3 105592 102792 113792
 1.3 105592 102792 113792
 1.3 105592 102792 113792
 1.3 105592 102792 113792
 1.3 105592 102792 113792
 1.3 105592 102792 113792
 1.3 105592 102792 113792
 1.3 105592 102792 113792
 1.3 105592 102792 113792
 1.3 105592 102792 113792
 1.3 105592 102792 113792
 1.3 105592 102792 113792
 1.3 105592 102792 113792
 1.3 105592 102792 113792
 1.3 105592 102792 113792
 1.3 105592 102792 113792
 1.3 105592 102792 113792
 1.3 105592 102792 113792
 1.3 105592 102792 113792
 1.3 105592 102792 113792
 1.3 105592 102792 113792
 1.3 105592 102792 113792
 1.3 105592 102792 113792
 1.3 105592 102792 113792
 1.3 105592 102792 113792
 1.3 105592 102792 113792
 1.3 105592 102792 113792
 1.3 105592 102792 113792
 1.3 105592 102792 113792
 1.3 105592 102792 113792
 1.3 105592 102792 113792
 1.3 105592 102792 113792
 1.3 105592 102792 113792
 1.3 105592 102792 113792
 1.3 105592 102792 113792
 1.3 105592 102792 113792
 1.3 105592 102792 113792
 1.3 105592 102792 113792
 1.3 105592 102792 113792
 1.3 105592 102792 113792
 1.3 105592 102792 113792
 1.3 105592 102792 113792
 1.3 105592 102792 113792
 1.3 105592 102792 113792
 1.3 105592 102792 113792
 1.3 105592 102792 113792
 1.3 105592 102792 113792
 1.3 105592 102792 113792
 1.3 105592 102792 113792
 1.3 105592 102792 113792
 1.3 105592 102792 113792
 1.3 105592 102792 113792
 1.3 105592 102792 113792
 1.3 105592 102792 113792
 1.3 105592 102792 113792
 1.3 105592 102792 113792
 1.3 105592 102792 113792
 1.3 105592 102792 113792
 1.3 105592 102792 113792
 1.3 105592 102792 113792
 1.3 105592 102792 113792
 1.3 105592 102792 113792
 1.3 105592 102792 113792
 1.3 105592 102792 113792
 1.3 105592 102792 113792
 1.3 105592 102792 113792
 1.3 105592 102792 113792
 1.3 105592 102792 113792
 1.3 105592 102792 113792
 1.3 105592 102792 113792
 1.3 105592 102792 113792
 1.3 105592 102792 113792
 1.3 105592 102792 113792
 1.3 105592 102792 113792
 1.3 105592 102792 113792
 1.3 105592 102792 113792
 1.3 105592 102792 113792
 1.3 105592 102792 113792
 1.3 105592 102792 113792
 1.3 105592 102792 113792
 1.3 105592 102792 113792
 1.3 105592 102792 113792
 1.3 105592 102792 113792
 1.3 105592 102792 113792
 1.3 105592 102792 113792
 1.3 105592 102792 113792
 1.3 105592 102792 113792
 1.3 105592 102792 113792
 1.3 105592 102792 113792
 1.3 105592 102792 113792
 1.3 105592 102792 113792
 1.3 105592 102792 113792
 1.3 105592 102792 113792
 1.3 105592 102792 113792
 1.3 105592 102792 113792
 1.3 105592 102792 113792
 1.3 105592 102792 113792
 1.3 105592 102792 113792
 1.3 105592 102792 113792
 1.3 105592 102792 113792
 1.3 105592 102792 113792
 1.3 105592 102792 113792
 1.3 105592 102792 113792
 1.3 105592 102792 113792
 1.3 105592 102792 113792
 1.3 105592 102792 113792
 1.3 105592 102792 113792
 1.3 105592 102792 113792
 1.3 105592 102792 113792
 1.3 105592 102792 113792
 1.3 105592 102792 113792
 1.3 105592 102792 113792
 1.3 105592 102792 113792
 1.3 105592 102792 113792
 1.3 105592 102792 113792
 1.3 105592 102792 113792
 1.3 105592 102792 113792
 1.3 105592 102792 113792
 1.3 105592 102792 113792
 1.3 105592 102792 113792
 1.3 105592 102792 113792
 1.3 105592 102792 113792
 1.3 105592 102792 113792
 1.3 105592 102792 113792
 1.3 105592 102792 113792
 1.3 105592 102792 113792
 1.3 105592 102792 113792
 1.3 105592 102792 113792
 1.3 105592 102792 113792
 1.3 105592 102792 113792
 1.3 105592 102792 113792
 1.3 105592 102792 113792
 1.3 105592 102792 113792
 1.3 105592 102792 113792
 1.3 105592 102792 113792
 1.3 105592 102792 113792
 1.3 105592 102792 113792
 1.3 105592 102792 113792
 1.3 105592 102792 113792
 1.3 105592 102792 113792
 1.3 105592 102792 113792
 1.3 105592 102792 113792
 1.3 105592 102792 113792
 1.3 105592 102792 113792
 1.3 105592 102792 113792
 1.3 105592 102792 113792
 1.3 105592 102792 113792
 1.3 105592 102792 113792
 1.3 105592 102792 113792
 1.3 105592 102792 113792
 1.3 105592 102792 113792
 1.3 105592 102792 113792
 1.3 105592 102792 113792
 1.3 105592 102792 113792
 1.3 105592 102792 113792
 1.3 105592 102792 113792
 1.3 105592 102792 113792
 1.3 105592 102792 113792
 1.3 105592 102792 113792
 1.3 105592 102792 113792
 1.3 105592 102792 113792
 1.3 105592 102792 113792
 1.3 105592 102792 113792
 1.3 105592 102792 113792
 1.3 105592 102792 113792
 1.3 105592 102792 113792
 1.3 105592 102792 113792
 1.3 105592 102792 113792
 1.3 105592 102792 113792
 1.3 105592 102792 113792
 1.3 105592 102792 113792
 1.3 105592 102792 113792
 1.3 105592 102792 113792
 1.3 105592 102792 113792
 1.3 105592 102792 113792
 1.3 105592 102792 113792
 1.3 105592 102792 113792
 1.3 105592 102792 113792
 1.3 105592 102792 113792
 1.3 105592 102792 113792
 1.3 105592 102792 113792
 1.3 105592 102792 113792
 1.3 105592 102792 113792
 1.3 105592 102792 113792
 1.3 105592 102792 113792
 1.3 105592 102792 113792
 1.3 105592 102792 113792
 1.3 105592 102792 113792
 1.3 105592 102792 113792
 1.3 105592 102792 113792
 1.3 105592 102792 113792
 1.3 105592 102792 113792
 1.3 105592 102792 113792
 1.3 105592 102792 113792
 1.3 105592 102792 113792
 1.3 105592 102792 113792
 1.3 105592 102792 113792
 1.3 105592 102792 113792
 1.3 105592 102792 113792
 1.3 105592 102792 113792
 1.3 105592 102792 113792
 1.3 105592 102792 113792
 1.3 105592 102792 113792
 1.3 105592 102792 113792
 1.3 105592 102792 113792
 1.3 105592 102792 113792
 1.3 105592 102792 113792
 1.3 105592 102792 113792
 1.3 105592 102792 113792
 1.3 105592 102792 113792
 1.3 105592 102792 113792
 1.3 105592 102792 113792
 1.3 105592 102792 113792
 1.3 105592 102792 113792
 1.3 105592 102792 113792
 1.3 105592 102792 113792
 1.3 105592 102792 113792
 1.3 105592 102792 113792
 1.3 105592 102792 113792
 1.3 105592 102792 113792
 1.3 105592 102792 113792
 1.3 105592 102792 113792
 1.3 105592 102792 113792
 1.3 105592 102792 113792
 1.3 105592 102792 113792
 1.3 105592 102792 113792
 1.3 105592 102792 113792
 1.3 105592 102792 113792
 1.3 105592 102792 113792
 1.3 105592 102792 113792
 1.3 105592 102792 113792
 1.3 105592 102792 113792
 1.3 105592 102792 113792
 1.3 105592 102792 113792
 1.3 105592 102792 113792
 1.3 105592 102792 113792
 1.3 105592 102792 113792
 1.3 105592 102792 113792
 1.3 105592 102792 113792
 1.3 105592 102792 113792
 1.3 105592 102792 113792
 1.3 105592 102792 113792
 1.3 105592 102792 113792
 1.3 105592 102792 113792
 1.3 105592 102792 113792
 1.3 105592 102792 113792
 1.3 105592 102792 113792
 1.3 105592 102792 113792
 1.3 105592 102792 113792
 1.3 105592 102792 113792
 1.3 105592 102792 113792
 1.3 105592 102792 113792
 1.3 105592 102792 113792
 1.3 105592 102792 113792
 1.3 105592 102792 113792
 1.3 105592 102792 113792
 1.3 105592 102792 113792
 1.3 105592 102792 113792
 1.3 105592 102792 113792
 1.3 105592 102792 113792
 1.3 105592 102792 113792
 1.3 105592 102792 113792
 1.3 105592 102792 113792
 1.3 105592 102792 113792
 1.3 105592 102792 113792
 1.3 105592 102792 113792
 1.3 105592 102792 113792
 1.3 105592 102792 113792
 1.3 105592 102792 113792
 1.3 105592 102792 113792
 1.3 105592 102792 113792
 1.3 105592 102792 113792
 1.3 105592 102792 113792
 1.3 105592 102792 113792
 1.3 105592 102792 113792
 1.3 105592 102792 113792
 1.3 105592 102792 113792
 1.3 105592 102792 113792
 1.3 105592 102792 113792
 1.3 105592 102792 113792
 1.3 105592 102792 113792
 1.3 105592 102792 113792
 1.3 105592 102792 113792
 1.3 105592 102792 113792
 1.3 105592 102792 113792
 1.3 105592 102792 113792
 1.3 105592 102792 113792
 1.3 105592 102792 113792
 1.3 105592 102792 113792
 1.3 105592 102792 113792
 1.3 105592 102792 113792
 1.3 105592 102792 113792
 1.3 105592 102792 113792
 1.3 105592 102792 113792
 1.3 105592 102792 113792
 1.3 105592 102792 113792
 1.3 105592 102792 113792
 1.3 105592 102792 113792
 1.3 105592 102792 113792
 1.3 105592 102792 113792
 1.3 105592 102792 113792
 1.3 105592 102792 113792
 1.3 105592 102792 113792
 1.3 105592 102792 113792
 1.3 105592 102792 113792
 1.3 105592 102792 113792
 1.3 105592 102792 113792
 1.3 105592 102792 113792
 1.3 105592 102792 113792
 1.3 105592 102792 113792
 1.3 105592 102792 113792
 1.3 105592 102792 113792
 1.3 105592 102792 113792
 1.3 105592 102792 113792
 1.3 105592 102792 113792
 1.3 105592 102792 113792
 1.3 105592 102792 113792
 1.3 105592 102792 113792
 1.3 105592 102792 113792
 1.3 105592 102792 113792
 1.3 105592 102792 113792
 1.3 105592 102792 113792
 1.3 105592 102792 113792
 1.3 105592 102792 113792
 1.3 105592 102792 113792
 1.3 105592 102792 113792
 1.3 105592 102792 113792
 1.3 105592 102792 113792
 1.3 105592 102792 113792
 1.3 105592 102792 113792
 1.3 105592 102792 113792
 1.3 105592 102792 113792
 1.3 105592 102792 113792
 1.3 105592 102792 113792
 1.3 105592 102792 113792
 1.3 105592 102792 113792
 1.3 105592 102792 113792
 1.3 105592 102792 113792
 1.3 105592 102792 113792
 1.3 105592 102792 113792
 1.3 105592 102792 113792
 1.3 105592 102792 113792
 1.3 105592 102792 113792
 1.3 105592 102792 113792
 1.3 105592 102792 113792
 1.3 105592 102792 113792
 1.3 105592 102792 113792
 1.3 105592 102792 113792
 1.3 105592 102792 113792
 1.3 105592 102792 113792
 1.3 105592 102792 113792
 1.3 105592 102792 113792
 1.3 105592 102792 113792
 1.3 105592 102792 113792
 1.3 105592 102792 113792
 1.3 105592 102792 113792
 1.3 105592 102792 113792
 1.3 105592 102792 113792
 1.3 105592 102792 113792
 1.3 105592 102792 113792
 1.3 105592 102792 113792
 1.3 105592 102792 113792
 1.3 105592 102792 113792
 1.3 105592 102792 113792
 1.3 105592 102792 113792
 1.3 105592 102792 113792
 1.3 105592 102792 113792
 1.3 105592 102792 113792
 1.3 105592 102792 113792
 1.3 105592 102792 113792
 1.3 105592 102792 113792
 1.3 105592 102792 113792
 1.3 105592 102792 113792
 1.3 105592 102792 113792
 1.3 105592 102792 113792
 1.3 105592 102792 113792
 1.3 105592 102792 113792
 1.3 105592 102792 113792
 1.3 105592 102792 113792
 1.3 105592 102792 113792
 1.3 105592 102792 113792
 1.3 105592 102792 113792
 1.3 105592 102792 113792
 1.3 105592 102792 113792
 1.3 105592 102792 113792
 1.3 105592 102792 113792
 1.3 105592 102792 113792
 1.3 105592 102792 113792
 1.3 105592 102792 113792
 1.3 105592 102792 113792
 1.3 105592 102792 113792
 1.3 105592 102792 113792
 1.3 105592 102792 113792
 1.3 105592 102792 113792
 1.3 105592 102792 113792
 1.3 105592 102792 113792
 1.3 105592 102792 113792
 1.3 105592 102792 113792
 1.3 105592 102792 113792
 1.3 105592 102792 113792
 1.3 105592 102792 113792
 1.3 105592 102792 113792
 1.3 105592 102792 113792
 1.3 105592 102792 113792
 1.3 105592 102792 113792
 1.3 105592 102792 113792
 1.3 105592 102792 113792
 1.3 105592 102792 113792
 1.3 105592 102792 113792
 1.3 105592 102792 113792
 1.3 105592 102792 113792
 1.3 105592 102792 113792
 1.3 105592 102792 113792
 1.3 105592 102792 113792
 1.3 105592 102792 113792
 1.3 105592 102792 113792
 1.3 105592 102792 113792
 1.3 105592 102792 113792
 1.3 105592 102792 113792
 1.3 105592 102792 113792
 1.3 105592 102792 113792
 1.3 105592 102792 113792
 1.3 105592 102792 113792
 1.3 105592 102792 113792
 1.3 105592 102792 113792
 1.3 105592 102792 113792
 1.3 105592 102792 113792
 1.3 105592 102792 113792
 1.3 105592 102792 113792
 1.3 105592 102792 113792
 1.3 105592 102792 113792
 1.3 105592 102792 113792
 1.3 105592 102792 113792
 1.3 105592 102792 113792
 1.3 105592 102792 113792
 1.3 105592 102792 113792
 1.3 105592 102792 113792
 1.3 105592 102792 113792
 1.3 105592 102792 113792
 1.3 105592 102792 113792
 1.3 105592 102792 113792
 1.3 105592 102792 113792
 1.3 105592 102792 113792
 1.3 105592 102792 113792
 1.3 105592 102792 113792
 1.3 105592 102792 113792
 1.3 105592 102792 113792
 1.3 105592 102792 113792
 1.3 105592 102792 113792
 1.3 105592 102792 113792
 1.3 105592 102792 113792
 1.3 105592 102792 113792
 1.3 105592 102792 113792
 1.3 105592 102792 113792
 1.3 105592 102792 113792
 1.3 105592 102792 113792
 1.3 105592 102792 113792
 1.3 105592 102792 113792
 1.3 105592 102792 113792
 1.3 105592 102792 113792
 1.3 105592 102792 113792
 1.3 105592 102792 113792
 1.3 105592 102792 113792
 1.3 105592 102792 113792
 1.3 105592 102792 113792
 1.3 105592 102792 113792
 1.3 105592 102792 113792
 1.3 105592 102792 113792
 1.3 105592 102792 113792
 1.3 105592 102792 113792
 1.3 105592 102792 113792
 1.3 105592 102792 113792
 1.3 105592 102792 113792
 1.3 105592 102792 113792
 1.3 105592 102792 113792
 1.3 105592 102792 113792
 1.3 105592 102792 113792
 1.3 105592 102792 113792
 1.3 105592 102792 113792
 1.3 105592 102792 113792
 1.3 105592 102792 113792
 1.3 105592 102792 113792
 1.3 105592 102792 113792
 1.3 105592 102792 113792
 1.3 105592 102792 113792
 1.3 105592 102792 113792
 1.3 105592 102792 113792
 1.3 105592 102792 113792
 1.3 105592 102792 113792
 1.3 105592 102792 113792
 1.3 105592 102792 113792
 1.3 105592 102792 113792
 1.3 105592 102792 113792
 1.3 105592 102792 113792
 1.3 105592 102792 113792
 1.3 105592 102792 113792
 1.3 105592 102792 113792
 1.3 105592 102792 113792
 1.3 105592 102792 113792
 1.3 105592 102792 113792
 1.3 105592 102792 113792
 1.3 105592 102792 113792
 1.3 105592 102792 113792
 1.3 105592 102792 113792
 1.3 105592 102792 113792
 1.3 105592 102792 113792
 1.3 105592 102792 113792
 1.3 105592 102792 113792
 1.3 105592 102792 113792
 1.3 105592 102792 113792
 1.3 105592 102792 113792
 1.3 105592 102792 113792
 1.3 105592 102792 113792
 1.3 105592 102792 113792
 1.3 105592 102792 113792
 1.3 105592 102792 113792
 1.3 105592 102792 113792
 1.3 105592 102792 113792
 1.3 105592 102792 113792
 1.3 105592 102792 113792
 1.3 105592 102792 113792
 1.3 105592 102792 113792
 1.3 105592 102792 113792
 1.3 105592 102792 113792
 1.3 105592 102792 113792
 1.3 105592 102792 113792
 1.3 105592 102792 113792
 1.3 105592 102792 113792
 1.3 105592 102792 113792
 1.3 105592 102792 113792
 1.3 105592 102792 113792
 1.3 105592 102792 113792
 1.3 105592 102792 113792
 1.3 105592 102792 113792
 1.3 105592 102792 113792
 1.3 105592 102792 113792
 1.3 105592 102792 113792
 1.3 105592 102792 113792
 1.3 105592 102792 113792
 1.3 105592 102792 113792
 1.3 105592 102792 113792
 1.3 105592 102792 113792
 1.3 105592 102792 113792
 1.3 105592 102792 113792
 1.3 105592 102792 113792
 1.3 105592 102792 113792
 1.3 105592 102792 113792
 1.3 105592 102792 113792
 1.3 105592 102792 113792
 1.3 105592 102792 113792
 1.3 105592 102792 113792
 1.3 105592 102792 113792
 1.3 105592 102792 113792
 1.3 105592 102792 113792
 1.3 105592 102792 113792
 1.3 105592 102792 113792
 1.3 105592 102792 113792
 1.3 105592 102792 113792
 1.3 105592 102792 113792
 1.3 105592 102792 113792
 1.3 105592 102792 113792
 1.3 105592 102792 113792
 1.3 105592 102792 113792
 1.3 105592 102792 113792
 1.3 105592 102792 113792
 1.3 105592 102792 113792
 1.3 105592 102792 113792
 1.3 105592 102792 113792
 1.3 105592 102792 113792
 1.3 105592 102792 113792
 1.3 105592 102792 113792
 1.3 105592 102792 113792
 1.3 105592 102792 113792
 1.3 105592 102792 113792
 1.3 105592 102792 113792
 1.3 105592 102792 113792
 1.3 105592 102792 113792
 1.3 105592 102792 113792
 1.3 105592 102792 113792
 1.3 105592 102792 113792
 1.3 105592 102792 113792
 1.3 105592 102792 113792
 1.3 105592 102792 113792
 1.3 105592 102792 113792
 1.3 105592 102792 113792
 1.3 105592 102792 113792
 1.3 105592 102792 113792
 1.3 105592 102792 113792
 1.3 105592 102792 113792
 1.3 105592 102792 113792
 1.3 105592 102792 113792
 1.3 105592 102792 113792
 1.3 105592 102792 113792
 1.3 105592 102792 113792
 1.3 105592 102792 113792
 1.3 105592 102792 113792
 1.3 105592 102792 113792
 1.3 105592 102792 113792
 1.3 105592 102792 113792
 1.3 105592 102792 113792
 1.3 105592 102792 113792
 1.3 105592 102792 113792
 1.3 105592 102792 113792
 1.3 105592 102792 113792
 1.3 105592 102792 113792
 1.3 105592 102792 113792
 1.3 105592 102792 113792
 1.3 105592 102792 113792
 1.3 105592 102792 113792
 1.3 105592 102792 113792
 1.3 105592 102792 113792
 1.3 105592 102792 113792
 1.3 105592 102792 113792
 1.3 105592 102792 113792
 1.3 105592 102792 113792
 1.3 105592 102792 113792
 1.3 105592 102792 113792
 1.3 105592 102792 113792
 1.3 105592 102792 113792
 1.3 105592 102792 113792
 1.3 105592 102792 113792
 1.3 105592 102792 113792
 1.3 105592 102792 113792
 1.3 105592 102792 113792
 1.3 105592 102792 113792
 1.3 105592 102792 113792
 1.3 105592 102792 113792
 1.3 105592 102792 113792
 1.3 105592 102792 113792
 1.3 105592 102792 113792
 1.3 105592 102792 113792
 1.3 105592 102792 113792
 1.3 105592 102792 113792
 1.3 105592 102792 113792
 1.3 105592 102792 113792
 1.3 105592 102792 113792
 1.3 105592 102792 113792
 1.3 105592 102792 113792
 1.3 105592 102792 113792
 1.3 105592 102792 113792
 1.3 105592 102792 113792
 1.3 105592 102792 113792
 1.3 105592 102792 113792
 1.3 105592 102792 113792
 1.3 105592 102792 113792
 1.3 105592 102792 113792
 1.3 105592 102792 113792
 1.3 105592 102792 113792
 1.3 105592 102792 113792
 1.3 105592 102792 113792
 1.3 105592 102792 113792
 1.3 105592 102792 113792
 1.3 105592 102792 113792
 1.3 105592 102792 113792
 1.3 105592 102792 113792
 1.3 105592 102792 113792
 1.3 105592 102792 113792
 1.3 105592 102792 113792
 1.3 105592 102792 113792
 1.3 105592 102792 113792
 1.3 105592 102792 113792
 1.3 105592 102792 113792
 1.3 105592 102792 113792
 1.3 105592 102792 113792
 1.3 105592 102792 113792
 1.3 105592 102792 113792
 1.3 105592 102792 113792
 1.3 105592 102792 113792
 1.3 105592 102792 113792
 1.3 105592 102792 113792
 1.3 105592 102792 113792
 1.3 105592 102792 113792
 1.3 105592 102792 113792
 1.3 105592 102792 113792
 1.3 105592 102792 113792
 1.3 105592 102792 113792
 1.3 105592 102792 113792
 1.3 105592 102792 113792
 1.3 105592 102792 113792
 1.3 105592 102792 113792
 1.3 105592 102792 113792
 1.3 105592 102792 113792
 1.3 105592 102792 113792
 1.3 105592 102792 113792
 1.3 105592 102792 113792
 1.3 105592 102792 113792
 1.3 105592 102792 113792
 1.3 105592 102792 113792
 1.3 105592 102792 113792
 1.3 105592 102792 113792
 1.3 105592 102792 113792
 1.3 105592 102792 113792
 1.3 105592 102792 113792
 1.3 105592 102792 113792
 1.3 105592 102792 113792
 1.3 105592 102792 113792
 1.3 105592 102792 113792
 1.3 105592 102792 113792
 1.3 105592 102792 113792
 1.3 105592 102792 113792
 1.3 105592 102792 113792
 1.3 105592 102792 113792
 1.3 105592 102792 113792
 1.3 105592 102792 113792
 1.3 105592 102792 113792
 1.3 105592 102792 113792
 1.3 105592 102792 113792
 1.3 105592 102792 113792
 1.3 105592 102792 113792
 1.3 105592 102792 113792
 1.3 105592 102792 113792
 1.3 105592 102792 113792
 1.3 105592 102792 113792
 1.3 105592 102792 113792
 1.3 105592 102792 113792
 1.3 105592 102792 113792
 1.3 105592 102792 113792
 1.3 105592 102792 113792
 1.3 105592 102792 113792
 1.3 105592 102792 113792
 1.3 105592 102792 113792
 1.3 105592 102792 113792
 1.3 105592 102792 113792
 1.3 105592 102792 113792
 1.3 105592 102792 113792
 1.3 105592 102792 113792
 1.3 105592 102792 113792
 1.3 105592 102792 113792
 1.3 105592 102792 113792
 1.3 105592 102792 113792
 1.3 105592 102792 113792
 1.3 105592 102792 113792
 1.3 105592 102792 113792
 1.3 105592 102792 113792
 1.3 105592 102792 113792
 1.3 105592 102792 113792
 1.3 105592 102792 113792
 1.3 105592 102792 113792
 1.3 105592 102792 113792
 1.3 105592 102792 113792
 1.3 105592 102792 113792
 1.3 105592 102792 113792
 1.3 105592 102792 113792
 1.3 105592 102792 113792
 1.3 105592 102792 113792
 1.3 105592 102792 113792
 1.3 105592 102792 113792
 1.3 105592 102792 113792
 1.3 105592 102792 113792
 1.3 105592 102792 113792
 1.3 105592 102792 113792
 1.3 105592 102792 113792
 1.3 105592 102792 113792
 1.3 105592 102792 113792
 1.3 105592 102792 113792
 1.3 105592 102792 113792
 1.3 105592 102792 113792
 1.3 105592 102792 113792
 1.3 105592 102792 113792
 1.3 105592 102792 113792
 1.3 105592 102792 113792
 1.3 105592 102792 113792
 1.3 105592 102792 113792
 1.3 105592 102792 113792
 1.3 105592 102792 113792
 1.3 105592 102792 113792
 1.3 105592 102792 113792
 1.3 105592 102792 113792
 1.3 105592 102792 113792
 1.3 105592 102792 113792
 1.3 105592 102792 113792
 1.3 105592 102792 113792
 1.3 105592 102792 113792
 1.3 105592 102792 113792
 1.3 105592 102792 113792
 1.3 105592 102792 113792
 1.3 105592 102792 113792
 1.3 105592 102792 113792
 1.3 105592 102792 113792
 1.3 105592 102792 113792
 1.3 105592 102792 113792
 1.3 105592 102792 113792
 1.3 105592 102792 113792
 1.3 105592 102792 113792
 1.3 105592 102792 113792
 1.3 105592 102792 113792
 1.3 105592 102792 113792
 1.3 105592 102792 113792
 1.3 105592 102792 113792
 1.3 105592 102792 113792
 1.3 105592 102792 113792
 1.3 105592 102792 113792
 1.3 105592 102792 113792
 1.3 105592 102792 113792
 1.3 105592 102792 113792
 1.3 105592 102792 113792
 1.3 105592 102792 113792
 1.3 105592 102792 113792
 1.3 105592 102792 113792
 1.3 105592 102792 113792
 1.3 105592 102792 113792
 1.3 105592 102792 113792
 1.3 105592 102792 113792
 1.3 105592 102792 113792
 1.3 105592 102792 113792
 1.3 105592 102792 113792
 1.3 105592 102792 113792
 1.3 105592 102792 113792
 1.3 105592 102792 113792
 1.3 105592 102792 113792
 1.3 105592 102792 113792
 1.3 105592 102792 113792
 1.3 105592 102792 113792
 1.3 105592 102792 113792
 1.3 105592 102792 113792
 1.3 105592 102792 113792
 1.3 105592 102792 113792
 1.3 105592 102792 113792
 1.3 105592 102792 113792
 1.3 105592 102792 113792
 1.3 105592 102792 113792
 1.3 105592 102792 113792
 1.3 105592 102792 113792
 1.3 105592 102792 113792
 1.3 105592 102792 113792
 1.3 105592 102792 113792
 1.3 105592 102792 113792
 1.3 105592 102792 113792
 1.3 105592 102792 113792
 1.3 105592 102792 113792
 1.3 105592 102792 113792
 1.3 105592 102792 113792
 1.3 105592 102792 113792
 1.3 105592 102792 113792
 1.3 105592 102792 113792
 1.3 105592 102792 113792
 1.3 105592 102792 113792
 1.3 105592 102792 113792
 1.3 105592 102792 113792
 1.3 105592 102792 113792
 1.3 105592 102792 113792
 1.3 105592 102792 113792
 1.3 105592 102792 113792
 1.3 105592 102792 113792
 1.3 105592 102792 113792
 1.3 105592 102792 113792
 1.3 105592 102792 113792
 1.3 105592 102792 113792
 1.3 105592 102792 113792
 1.3 105592 102792 113792
 1.3 105592 102792 113792
 1.3 105592 102792 113792
 1.3 105592 102792 113792
 1.3 105592 102792 113792
 1.3 105592 102792 113792
 1.3 105592 102792 113792
 1.3 105592 102792 113792
 1.3 105592 102792 113792
 1.3 105592 102792 113792
 1.3 105592 102792 113792
 1.3 105592 102792 113792
 1.3 105592 102792 113792
 1.3 105592 102792 113792
 1.3 105592 102792 113792
 1.3 105592 102792 113792
 1.3 105592 102792 113792
 1.3 105592 102792 113792
 1.3 105592 102792 113792
 1.3 105592 102792 113792
 1.3 105592 102792 113792
 1.3 105592 102792 113792
 1.3 105592 102792 113792
 1.3 105592 102792 113792
 1.3 105592 102792 113792
 1.3 105592 102792 113792
 1.3 105592 102792 113792
 1.3 105592 102792 113792
 1.3 105592 102792 113792
 1.3 105592 102792 113792
 1.3 105592 102792 113792
 1.3 105592 102792 113792
 1.3 105592 102792 113792
 1.3 105592 102792 113792
 1.3 105592 102792 113792
 1.3 105592 102792 113792
 1.3 105592 102792 113792
 1.3 105592 102792 113792
 1.3 105592 102792 113792
 1.3 105592 102792 113792
 1.3 105592 102792 113792
 1.3 105592 102792 113792
 1.3 105592 102792 113792
 1.3 105592 102792 113792
 1.3 105592 102792 113792
 1.3 105592 102792 113792
 1.3 105592 102792 113792
 1.3 105592 102792 113792
 1.3 105592 102792 113792
 1.3 105592 102792 113792
 1.3 105592 102792 113792
 1.3 105592 102792 113792
 1.3 105592 102792 113792
 1.3 105592 102792 113792
 1.3 105592 102792 113792
 1.3 105592 102792 113792
 1.3 105592 102792 113792
 1.3 105592 102792 113792
 1.3 105592 102792 113792
 1.3 105592 102792 113792
 1.3 105592 102792 113792
 1.3 105592 102792 113792
 1.3 105592 102792 113792
 1.3 105592 102792 113792
 1.3 105592 102792 113792
 1.3 105592 102792 113792
 1.3 105592 102792 113792
 1.3 105592 102792 113792
 1.3 105592 102792 113792
 1.3 105592 102792 113792
 1.3 105592 102792 113792
 1.3 105592 102792 113792
 1.3 105592 102792 113792
 1.3 105592 102792 113792
 1.3 105592 102792 113792
 1.3 105592 102792 113792
 1.3 105592 102792 113792
 1.3 105592 102792 113792
 1.3 105592 102792 113792
 1.3 105592 102792 113792
 1.3 105592 102792 113792
 1.3 105592 102792 113792
 1.3 105592 102792 113792
 1.3 105592 102792 113792
 1.3 105592 102792 113792
 1.3 105592 102792 113792
 1.3 105592 102792 113792
 1.3 105592 102792 113792
 1.3 105592 102792 113792
 1.3 105592 102792 113792
 1.3 105592 102792 113792
 1.3 105592 102792 113792
 1.3 105592 102792 113792
 1.3 105592 102792 113792
 1.3 105592 102792 113792
 0.2 22784 26004  37004
 0.8 64336 64428  75428
 1.2 103580 102852 113852
 1.3 105692 102852 113852
 1.3 105692 102852 113852
 1.3 105692 102852 113852
 1.3 105692 102852 113852
 1.3 105692 102852 113852
 1.3 105692 102852 113852
 1.3 105692 102852 113852
 1.3 105692 102852 113852
 1.3 105692 102852 113852
 1.3 105692 102852 113852
 1.3 105692 102852 113852
 1.3 105692 102852 113852
 1.3 105692 102852 113852
 1.3 105692 102852 113852
 1.3 105692 102852 113852
 1.3 105692 102852 113852
 1.3 105692 102852 113852
 1.3 105692 102852 113852
 1.3 105692 102852 113852
 1.3 105692 102852 113852
 1.3 105692 102852 113852
 1.3 105692 102852 113852
 1.3 105692 102852 113852
 1.3 105692 102852 113852
 1.3 105692 102852 113852
 1.3 105692 102852 113852
 1.3 105692 102852 113852
 1.3 105692 102852 113852
 1.3 105692 102852 113852
 1.3 105692 102852 113852
 1.3 105692 102852 113852
 1.3 105692 102852 113852
 1.3 105692 102852 113852
 1.3 105692 102852 113852
 1.3 105692 102852 113852
 1.3 105692 102852 113852
 1.3 105692 102852 113852
 1.3 105692 102852 113852
 1.3 105692 102852 113852
 1.3 105692 102852 113852
 1.3 105692 102852 113852
 1.3 105692 102852 113852
 1.3 105692 102852 113852
 1.3 105692 102852 113852
 1.3 105692 102852 113852
 1.3 105692 102852 113852
 1.3 105692 102852 113852
 1.3 105692 102852 113852
 1.3 105692 102852 113852
 1.3 105692 102852 113852
 1.3 105692 102852 113852
 1.3 105692 102852 113852
 1.3 105692 102852 113852
 1.3 105692 102852 113852
 1.3 105692 102852 113852
 1.3 105692 102852 113852
 1.3 105692 102852 113852
 1.3 105692 102852 113852
 1.3 105692 102852 113852
 1.3 105692 102852 113852
 1.3 105692 102852 113852
 1.3 105692 102852 113852
 1.3 105692 102852 113852
 1.3 105692 102852 113852
 1.3 105692 102852 113852
 1.3 105692 102852 113852
 1.3 105692 102852 113852
 1.3 105692 102852 113852
 1.3 105692 102852 113852
 1.3 105692 102852 113852
 1.3 105692 102852 113852
 1.3 105692 102852 113852
 1.3 105692 102852 113852
 1.3 105692 102852 113852
 1.3 105692 102852 113852
 1.3 105692 102852 113852
 1.3 105692 102852 113852
 1.3 105692 102852 113852
 1.3 105692 102852 113852
 1.3 105692 102852 113852
 1.3 105692 102852 113852
 1.3 105692 102852 113852
 1.3 105692 102852 113852
 1.3 105692 102852 113852
 1.3 105692 102852 113852
 1.3 105692 102852 113852
 1.3 105692 102852 113852
 1.3 105692 102852 113852
 1.3 105692 102852 113852
 1.3 105692 102852 113852
 1.3 105692 102852 113852
 1.3 105692 102852 113852
 1.3 105692 102852 113852
 1.3 105692 102852 113852
 1.3 105692 102852 113852
 1.3 105692 102852 113852
 1.3 105692 102852 113852
 1.3 105692 102852 113852
 1.3 105692 102852 113852
 1.3 105692 102852 113852
 1.3 105692 102852 113852
 1.3 105692 102852 113852
 1.3 105692 102852 113852
 1.3 105692 102852 113852
 1.3 105692 102852 113852
 1.3 105692 102852 113852
 1.3 105692 102852 113852
 1.3 105692 102852 113852
 1.3 105692 102852 113852
 1.3 105692 102852 113852
 1.3 105692 102852 113852
 1.3 105692 102852 113852
 1.3 105692 102852 113852
 1.3 105692 102852 113852
 1.3 105692 102852 113852
 1.3 105692 102852 113852
 1.3 105692 102852 113852
 1.3 105692 102852 113852
 1.3 105692 102852 113852
 1.3 105692 102852 113852
 1.3 105692 102852 113852
 1.3 105692 102852 113852
 1.3 105692 102852 113852
 0.6 48292 45216  56216
 0.0  3464   388  11388
 0.0  3464   388  11388
 0.5 45932 51608  62608
 1.1 91504 92584 103584
 1.3 105760 102828 113828
 1.3 105760 102828 113828
 1.3 105760 102828 113828
 1.3 105760 102828 113828
 1.3 105760 102828 113828
 1.3 105760 102828 113828
 1.3 105760 102828 113828
 1.3 105760 102828 113828
 1.3 105760 102828 113828
 1.3 105760 102828 113828
 1.3 105760 102828 113828
 1.3 105760 102828 113828
 1.3 105760 102828 113828
 1.3 105760 102828 113828
 1.3 105760 102828 113828
 1.3 105760 102828 113828
 1.3 105760 102828 113828
 1.3 105760 102828 113828
 1.3 105760 102828 113828
 1.3 105760 102828 113828
 1.3 105760 102828 113828
 1.3 105760 102828 113828
 1.3 105760 102828 113828
 1.3 105760 102828 113828
 1.3 105760 102828 113828
 1.3 105760 102828 113828
 1.3 105760 102828 113828
 1.3 105760 102828 113828
 1.3 105760 102828 113828
 1.3 105760 102828 113828
 1.3 105760 102828 113828
 1.3 105760 102828 113828
 1.3 105760 102828 113828
 1.3 105760 102828 113828
 1.3 105760 102828 113828
 1.3 105760 102828 113828
 1.3 105760 102828 113828
 1.3 105760 102828 113828
 1.3 105760 102828 113828
 1.3 105760 102828 113828
 1.3 105760 102828 113828
 1.3 105760 102828 113828
 1.3 105760 102828 113828
 1.3 105760 102828 113828
 1.3 105760 102828 113828
 1.3 105760 102828 113828
 1.3 105760 102828 113828
 1.3 105760 102828 113828
 1.3 105760 102828 113828
 1.3 105760 102828 113828
 1.3 105760 102828 113828
 1.3 105760 102828 113828
 1.3 105760 102828 113828
 1.3 105760 102828 113828
 1.3 105760 102828 113828
 1.3 105760 102828 113828
 1.3 105760 102828 113828
 1.3 105760 102828 113828
 1.3 105760 102828 113828
 1.3 105760 102828 113828
 1.3 105760 102828 113828
 1.3 105760 102828 113828
 1.3 105760 102828 113828
 1.3 105760 102828 113828
 1.3 105760 102828 113828
 1.3 105760 102828 113828
 1.3 105760 102828 113828
 1.3 105760 102828 113828
 1.3 105760 102828 113828
 1.3 105760 102828 113828
 1.3 105760 102828 113828
 1.3 105760 102828 113828
 1.3 105760 102828 113828
 1.3 105760 102828 113828
 1.3 105760 102828 113828
 1.3 105760 102828 113828
 1.3 105760 102828 113828
 1.3 105760 102828 113828
 1.3 105760 102828 113828
 1.3 105760 102828 113828
 1.3 105760 102828 113828
 1.3 105760 102828 113828
 1.3 105760 102828 113828
 1.3 105760 102828 113828
 1.3 105760 102828 113828
 1.3 105760 102828 113828
 1.3 105760 102828 113828
 1.3 105760 102828 113828
 1.3 105760 102828 113828
 1.3 105760 102828 113828
 1.3 105760 102828 113828
 1.3 105760 102828 113828
 1.3 105760 102828 113828
 1.3 105760 102828 113828
 1.3 105760 102828 113828
 1.3 105760 102828 113828
 1.3 105760 102828 113828
 1.3 105760 102828 113828
 1.3 105760 102828 113828
 1.3 105760 102828 113828
 1.3 105760 102828 113828
 1.3 105760 102828 113828
 1.3 105760 102828 113828
 1.3 105760 102828 113828
 1.3 105760 102828 113828
 1.3 105760 102828 113828
 1.3 105760 102828 113828
 1.3 105760 102828 113828
 1.3 105760 102828 113828
 1.3 105760 102828 113828
 1.3 105760 102828 113828
 1.3 105760 102828 113828
 1.3 105760 102828 113828
 1.3 105760 102828 113828
 1.3 105760 102828 113828
 1.3 105760 102828 113828
 1.3 105760 102828 113828
 1.3 105760 102828 113828
 1.3 105760 102828 113828
 1.3 105760 102828 113828
 1.3 105760 102828 113828
 1.3 105760 102828 113828
 1.3 105760 102828 113828
 1.3 105760 102828 113828
 1.3 105760 102828 113828
 1.3 105760 102828 113828
 1.3 105760 102828 113828
 1.3 105760 102828 113828
 1.3 105760 102828 113828
 1.3 105760 102828 113828
 1.3 105760 102828 113828
 1.3 105760 102828 113828
 1.3 105760 102828 113828
 1.3 105760 102828 113828
 1.3 105760 102828 113828
 1.3 105760 102828 113828
 1.3 105760 102828 113828
 1.3 105760 102828 113828
 1.3 105760 102828 113828
 1.3 105760 102828 113828
 1.3 105760 102828 113828
 1.3 105760 102828 113828
 1.3 105760 102828 113828
 1.3 105760 102828 113828
 1.3 105760 102828 113828
 1.3 105760 102828 113828
 1.3 105760 102828 113828
 1.3 105760 102828 113828
 1.3 105760 102828 113828
 1.3 105760 102828 113828
 1.3 105760 102828 113828
 1.3 105760 102828 113828
 1.3 105760 102828 113828
 1.3 105760 102828 113828
 1.3 105760 102828 113828
 1.3 105760 102828 113828
 1.3 105760 102828 113828
 1.3 105760 102828 113828
 1.3 105760 102828 113828
 1.3 105760 102828 113828
 1.3 105760 102828 113828
 1.3 105760 102828 113828
 1.3 105760 102828 113828
 1.3 105760 102828 113828
 1.3 105760 102828 113828
 1.3 105760 102828 113828
 1.3 105760 102828 113828
 1.3 105760 102828 113828
 1.3 105760 102828 113828
 1.3 105760 102828 113828
 1.3 105760 102828 113828
 1.3 105760 102828 113828
 1.3 105760 102828 113828
 1.3 105760 102828 113828
 1.3 105760 102828 113828
 1.3 105760 102828 113828
 1.3 105760 102828 113828
 1.3 105760 102828 113828
 1.3 105760 102828 113828
 1.3 105760 102828 113828
 1.3 105760 102828 113828
 1.3 105760 102828 113828
 1.3 105760 102828 113828
 1.3 105760 102828 113828
 1.3 105760 102828 113828
 1.3 105760 102828 113828
 1.3 105760 102828 113828
 1.3 105760 102828 113828
 1.3 105760 102828 113828
 1.3 105760 102828 113828
 1.3 105760 102828 113828
 1.3 105760 102828 113828
 1.3 105760 102828 113828
 1.3 105760 102828 113828
 1.3 105760 102828 113828
 1.3 105760 102828 113828
 1.3 105760 102828 113828
 1.3 105760 102828 113828
 1.3 105760 102828 113828
 1.3 105760 102828 113828
 1.3 105760 102828 113828
 1.3 105760 102828 113828
 1.3 105760 102828 113828
 1.3 105760 102828 113828
 1.3 105760 102828 113828
 1.3 105760 102828 113828
 1.3 105760 102828 113828
 1.3 105760 102828 113828
 1.3 105760 102828 113828
 1.3 105760 102828 113828
 1.3 105760 102828 113828
 1.3 105760 102828 113828
 1.3 105760 102828 113828
 1.3 105760 102828 113828
 1.3 105760 102828 113828
 1.3 105760 102828 113828
 1.3 105760 102828 113828
 1.3 105760 102828 113828
 1.3 105760 102828 113828
 1.3 105760 102828 113828
 1.3 105760 102828 113828
 1.3 105760 102828 113828
 1.3 105760 102828 113828
 1.3 105760 102828 113828
 1.3 105760 102828 113828
 1.3 105760 102828 113828
 1.3 105760 102828 113828
 1.3 105760 102828 113828
 1.3 105760 102828 113828
 1.3 105760 102828 113828
 1.3 105760 102828 113828
 1.3 105760 102828 113828
 1.3 105760 102828 113828
 1.3 105760 102828 113828
 1.3 105760 102828 113828
 1.3 105760 102828 113828
 1.3 105760 102828 113828
 1.3 105760 102828 113828
 1.3 105760 102828 113828
 1.3 105760 102828 113828
 1.3 105760 102828 113828
 1.3 105760 102828 113828
 1.3 105760 102828 113828
 1.3 105760 102828 113828
 1.3 105760 102828 113828
 1.3 105760 102828 113828
 1.3 105760 102828 113828
 1.3 105760 102828 113828
 1.3 105760 102828 113828
 1.3 105760 102828 113828
 1.3 105760 102828 113828
 1.3 105760 102828 113828
 1.3 105760 102828 113828
 1.3 105760 102828 113828
 1.3 105760 102828 113828
 1.3 105760 102828 113828
 1.3 105760 102828 113828
 1.3 105760 102828 113828
 1.3 105760 102828 113828
 1.3 105760 102828 113828
 1.3 105760 102828 113828
 1.3 105760 102828 113828
 1.3 105760 102828 113828
 1.3 105760 102828 113828
 1.3 105760 102828 113828
 1.3 105760 102828 113828
 1.3 105760 102828 113828
 1.3 105760 102828 113828
 1.3 105760 102828 113828
 1.3 105760 102828 113828
 1.3 105760 102828 113828
 1.3 105760 102828 113828
 1.3 105760 102828 113828
 1.3 105760 102828 113828
 1.3 105760 102828 113828
 1.3 105760 102828 113828
 1.3 105760 102828 113828
 1.3 105760 102828 113828
 1.3 105760 102828 113828
 1.3 105760 102828 113828
 1.3 105760 102828 113828
 1.3 105760 102828 113828
 1.3 105760 102828 113828
 1.3 105760 102828 113828
 1.3 105760 102828 113828
 1.3 105760 102828 113828
 1.3 105760 102828 113828
 1.3 105760 102828 113828
 1.3 105760 102828 113828
 1.3 105760 102828 113828
 1.3 105760 102828 113828
 1.3 105760 102828 113828
 1.3 105760 102828 113828
 1.3 105760 102828 113828
 1.3 105760 102828 113828
 1.3 105760 102828 113828
 1.3 105760 102828 113828
 1.3 105760 102828 113828
 1.3 105760 102828 113828
 1.3 105760 102828 113828
 1.3 105760 102828 113828
 1.3 105760 102828 113828
 1.3 105760 102828 113828
 1.3 105760 102828 113828
 1.3 105760 102828 113828
 1.3 105760 102828 113828
 1.3 105760 102828 113828
 1.3 105760 102828 113828
 1.3 105760 102828 113828
 1.3 105760 102828 113828
 1.3 105760 102828 113828
 1.3 105760 102828 113828
 1.3 105760 102828 113828
 1.3 105760 102828 113828
 1.3 105760 102828 113828
 1.3 105760 102828 113828
 1.3 105760 102828 113828
 1.3 105760 102828 113828
 1.3 105760 102828 113828
 1.3 105760 102828 113828
 1.3 105760 102828 113828
 1.3 105760 102828 113828
 1.3 105760 102828 113828
 1.3 105760 102828 113828
 1.3 105760 102828 113828
 1.3 105760 102828 113828
 0.0     0     0      0
