coretemp-isa-0000
Adapter: ISA adapter
Package id 0:  +75.0°C  (high = +100.0°C, crit = +100.0°C)
Core 0:        +75.0°C  (high = +100.0°C, crit = +100.0°C)
Core 1:        +70.0°C  (high = +100.0°C, crit = +100.0°C)
Core 2:        +73.0°C  (high = +100.0°C, crit = +100.0°C)
Core 3:        +72.0°C  (high = +100.0°C, crit = +100.0°C)

pch_cannonlake-virtual-0
Adapter: Virtual device
temp1:        +60.0°C  

BAT0-acpi-0
Adapter: ACPI interface
in0:          12.96 V  
curr1:       1000.00 uA 

dell_smm-virtual-0
Adapter: Virtual device
fan1:        4098 RPM

radeon-pci-0100
Adapter: PCI adapter
temp1:            N/A  (crit = +120.0°C, hyst = +90.0°C)

acpitz-acpi-0
Adapter: ACPI interface
temp1:        +25.0°C  (crit = +107.0°C)

%MEM   RSS  SIZE    VSZ
 0.0  3832   628   6500
 0.0  5596  2088   7960
 0.0  6028  2520   8392
 0.0  6028  2520   8392
 0.0  6028  2520   8392
 0.0  6028  2520   8392
 0.0  6028  2652   8524
 0.0  6028  2652   8524
 0.0  6028  2652   8524
 0.0  6028  2652   8524
 0.0  6028  2652   8524
 0.0  6028  2652   8524
 0.0  6028  2652   8524
 0.0  6028  2652   8524
 0.0  6028  2652   8524
 0.0  6028  2652   8524
 0.0  6028  2652   8524
 0.0  6028  2652   8524
 0.0  6028  2652   8524
 0.0  6028  2652   8524
 0.0  6028  2652   8524
 0.0  6028  2652   8524
 0.0  6028  2652   8524
 0.0  6028  2652   8524
 0.0  6028  2652   8524
 0.0  6028  2652   8524
 0.0  6028  2652   8524
 0.0  6028  2652   8524
 0.0  6028  2652   8524
 0.0  6028  2652   8524
 0.0  6028  2652   8524
 0.0  6028  2652   8524
 0.0  6028  2652   8524
 0.0  6028  2652   8524
 0.0  6028  2652   8524
 0.0  6028  2652   8524
 0.0  6028  2652   8524
 0.0  6028  2652   8524
 0.0  6028  2652   8524
 0.0  6028  2652   8524
 0.0  6028  2652   8524
 0.0  6028  2652   8524
 0.0  6028  2652   8524
 0.0  6028  2652   8524
 0.0  6028  2652   8524
 0.0  6028  2652   8524
 0.0  6028  2652   8524
 0.0  6028  2652   8524
 0.0  6028  2652   8524
 0.0  6028  2652   8524
 0.0  6028  2652   8524
 0.0  6028  2652   8524
 0.0  6028  2652   8524
 0.0  6028  2652   8524
 0.0  6028  2652   8524
 0.0  6028  2652   8524
 0.0  6028  2652   8524
 0.0  6028  2652   8524
 0.0  6028  2652   8524
 0.0  6028  2652   8524
 0.0  6028  2652   8524
 0.0  6028  2652   8524
 0.0  6028  2652   8524
 0.0  6028  2652   8524
 0.0  6028  2652   8524
 0.0  6028  2652   8524
 0.0  6028  2652   8524
 0.0  6028  2652   8524
 0.0  6028  2652   8524
 0.0  6028  2652   8524
 0.0  6028  2652   8524
 0.0  6028  2652   8524
 0.0  6028  2652   8524
 0.0  6028  2652   8524
 0.0  6028  2652   8524
 0.0  6028  2652   8524
 0.0  6028  2652   8524
 0.0  6028  2652   8524
 0.0  6028  2652   8524
 0.0  6028  2652   8524
 0.0  6028  2652   8524
 0.0  6028  2652   8524
 0.0  6028  2652   8524
 0.0  6028  2652   8524
 0.0  6028  2652   8524
 0.0  6028  2652   8524
 0.0  6028  2652   8524
 0.0  6028  2652   8524
 0.0  6028  2652   8524
 0.0  6028  2652   8524
 0.0  6028  2652   8524
 0.0  6028  2652   8524
 0.0  6028  2652   8524
 0.0  6028  2652   8524
 0.0  6028  2652   8524
 0.0  6028  2652   8524
 0.0  6028  2652   8524
 0.0  6028  2652   8524
 0.0  6028  2652   8524
 0.0  6028  2652   8524
 0.0  6028  2652   8524
 0.0  6028  2652   8524
 0.0  6028  2652   8524
 0.0  6028  2652   8524
 0.0  6028  2652   8524
 0.0  6028  2652   8524
 0.0  6028  2652   8524
 0.0  6028  2652   8524
 0.0  6028  2652   8524
 0.0  6028  2652   8524
 0.0  6028  2652   8524
 0.0  6028  2652   8524
 0.0  6028  2652   8524
 0.0  6028  2652   8524
 0.0  6028  2652   8524
 0.0  6028  2652   8524
 0.0  6028  2652   8524
 0.0  6028  2652   8524
 0.0  6028  2652   8524
 0.0  6028  2652   8524
 0.0  6028  2652   8524
 0.0  6028  2652   8524
 0.0  6028  2652   8524
 0.0  6028  2652   8524
 0.0  6028  2652   8524
 0.0  6028  2652   8524
 0.0  6028  2652   8524
 0.0  6028  2652   8524
 0.0  6028  2652   8524
 0.0  6028  2652   8524
 0.0  6028  2652   8524
 0.0  6028  2652   8524
 0.0  6028  2652   8524
 0.0  6028  2652   8524
 0.0  6028  2652   8524
 0.0  6028  2652   8524
 0.0  6028  2652   8524
 0.0  6028  2652   8524
 0.0  6028  2652   8524
 0.0  6028  2652   8524
 0.0  6028  2652   8524
 0.0  6028  2652   8524
 0.0  6028  2652   8524
 0.0  6028  2652   8524
 0.0  6028  2652   8524
 0.0  6028  2652   8524
 0.0  6028  2652   8524
 0.0  6028  2652   8524
 0.0  6028  2652   8524
 0.0  6028  2652   8524
 0.0  6028  2652   8524
 0.0  6028  2652   8524
 0.0  6028  2652   8524
 0.0  6028  2652   8524
 0.0  6028  2652   8524
 0.0  6028  2652   8524
 0.0  6028  2652   8524
 0.0  6028  2652   8524
 0.0  6028  2652   8524
 0.0  6028  2652   8524
 0.0  6028  2652   8524
 0.0  6028  2652   8524
 0.0  6028  2652   8524
 0.0  6028  2652   8524
 0.0  6028  2652   8524
 0.0  6028  2652   8524
 0.0  6028  2652   8524
 0.0  6028  2652   8524
 0.0  6028  2652   8524
 0.0  6028  2652   8524
 0.0  6028  2652   8524
 0.0  6028  2652   8524
 0.0  6028  2652   8524
 0.0  6272  2772   8644
 0.0  6272  2772   8644
 0.0  6272  2772   8644
 0.0  6272  2772   8644
 0.0  6272  2772   8644
 0.0  6272  2772   8644
 0.0  6272  2772   8644
 0.0  6272  2772   8644
 0.0  6272  2772   8644
 0.0  6272  2772   8644
 0.0  6272  2772   8644
 0.0  6272  2772   8644
 0.0  6272  2772   8644
 0.0  6272  2772   8644
 0.0  6272  2772   8644
 0.0  6272  2772   8644
 0.0  6272  2772   8644
 0.0  6272  2772   8644
 0.0  6272  2772   8644
 0.0  6272  2772   8644
 0.0  6272  2772   8644
 0.0  6272  2772   8644
 0.0  6272  2772   8644
 0.0  6272  2772   8644
 0.0  6272  2772   8644
 0.0  6272  2772   8644
 0.0  6272  2772   8644
 0.0  6272  2772   8644
 0.0  6272  2772   8644
 0.0  6272  2772   8644
 0.0  6272  2772   8644
 0.0  6272  2772   8644
 0.0  6272  2772   8644
 0.0  6272  2772   8644
 0.0  6272  2772   8644
 0.0  6272  2772   8644
 0.0  6272  2772   8644
 0.0  6272  2772   8644
 0.0  6272  2772   8644
 0.0  6272  2772   8644
 0.0  6272  2772   8644
 0.0  6272  2772   8644
 0.0  6272  2772   8644
 0.0  6272  2772   8644
 0.0  6272  2772   8644
 0.0  6272  2772   8644
 0.0  6272  2772   8644
 0.0  6272  2772   8644
 0.0  6272  2772   8644
 0.0  6272  2772   8644
 0.0  6272  2772   8644
 0.0  6272  2772   8644
 0.0  6272  2772   8644
 0.0  6272  2772   8644
 0.0  6272  2772   8644
 0.0  6272  2772   8644
 0.0  6272  2772   8644
 0.0  6272  2772   8644
 0.0  6272  2772   8644
 0.0  6272  2772   8644
 0.0  6272  2772   8644
 0.0  6272  2772   8644
 0.0  6272  2772   8644
 0.0  6272  2772   8644
 0.0  6272  2772   8644
 0.0  6272  2772   8644
 0.0  6272  2772   8644
 0.0  6272  2772   8644
 0.0  6272  2772   8644
 0.0  6272  2772   8644
 0.0  6272  2772   8644
 0.0  6272  2772   8644
 0.0  6272  2772   8644
 0.0  6272  2772   8644
 0.0  6272  2772   8644
 0.0  6272  2772   8644
 0.0  6272  2772   8644
 0.0  6272  2772   8644
 0.0  6272  2772   8644
 0.0  6272  2772   8644
 0.0  6272  2772   8644
 0.0  6272  2772   8644
 0.0  6272  2772   8644
 0.0  6272  2772   8644
 0.0  6272  2772   8644
 0.0  6272  2772   8644
 0.0  6272  2772   8644
 0.0  6272  2772   8644
 0.0  6272  2772   8644
 0.0  6272  2772   8644
 0.0  6272  2772   8644
 0.0  6272  2772   8644
 0.0  6272  2772   8644
 0.0  6272  2772   8644
 0.0  6272  2772   8644
 0.0  6272  2772   8644
 0.0  6272  2772   8644
 0.0  6272  2772   8644
 0.0  6272  2772   8644
 0.0  6272  2772   8644
 0.0  6272  2772   8644
 0.0  6272  2772   8644
 0.0  6272  2772   8644
 0.0  6272  2772   8644
 0.0  6272  2772   8644
 0.0  6272  2772   8644
 0.0  6272  2772   8644
 0.0  6272  2772   8644
 0.0  6272  2772   8644
 0.0  6272  2772   8644
 0.0  6272  2772   8644
 0.0  6272  2772   8644
 0.0  6272  2772   8644
 0.0  6272  2772   8644
 0.0  6272  2772   8644
 0.0  6272  2772   8644
 0.0  6272  2772   8644
 0.0  6272  2772   8644
 0.0  6272  2772   8644
 0.0  6272  2772   8644
 0.0  6272  2772   8644
 0.0  6272  2772   8644
 0.0  6272  2772   8644
 0.0  6272  2772   8644
 0.0  6272  2772   8644
 0.0  6272  2772   8644
 0.0  6272  2772   8644
 0.0  6272  2772   8644
 0.0  6272  2772   8644
 0.0  6272  2772   8644
 0.0  6272  2772   8644
 0.0  6272  2772   8644
 0.0  6272  2772   8644
 0.0  6272  2772   8644
 0.0  6272  2772   8644
 0.0  6272  2772   8644
 0.0  6272  2772   8644
 0.0  6272  2772   8644
 0.0  6272  2772   8644
 0.0  6272  2772   8644
 0.0  6272  2772   8644
 0.0  6272  2772   8644
 0.0  6272  2772   8644
 0.0  6272  2772   8644
 0.0  6272  2772   8644
 0.0  6272  2772   8644
 0.0  6272  2772   8644
 0.0  6272  2772   8644
 0.0  6272  2772   8644
 0.0  6272  2772   8644
 0.0  6272  2772   8644
 0.0  6272  2772   8644
 0.0  6272  2772   8644
 0.0  6272  2772   8644
 0.0  6272  2772   8644
 0.0  6272  2772   8644
 0.0  6272  2772   8644
 0.0  6272  2772   8644
 0.0  6272  2772   8644
 0.0  6272  2772   8644
 0.0  6272  2772   8644
 0.0  6272  2772   8644
 0.0  6272  2772   8644
 0.0  6272  2772   8644
 0.0  6272  2772   8644
 0.0  6272  2772   8644
 0.0  6272  2772   8644
 0.0  6272  2772   8644
 0.0  6272  2772   8644
 0.0  6272  2772   8644
 0.0  6272  2772   8644
 0.0  6272  2772   8644
 0.0  6272  2772   8644
 0.0  6272  2772   8644
 0.0  6272  2772   8644
 0.0  6272  2772   8644
 0.0  6272  2772   8644
 0.0  6272  2772   8644
 0.0  6272  2772   8644
 0.0  6272  2772   8644
 0.0  6272  2772   8644
 0.0  6272  2904   8776
 0.0  6272  2904   8776
 0.0  6272  2904   8776
 0.0  6272  2904   8776
 0.0  6272  2904   8776
 0.0  6272  2904   8776
 0.0  6272  2904   8776
 0.0  6272  2904   8776
 0.0  6272  2904   8776
 0.0  6272  2904   8776
 0.0  6272  2904   8776
 0.0  6272  2904   8776
 0.0  6272  2904   8776
 0.0  6272  2904   8776
 0.0  6272  2904   8776
 0.0  6272  2904   8776
 0.0  6272  2904   8776
 0.0  6272  2904   8776
 0.0  6272  2904   8776
 0.0  6272  2904   8776
 0.0  6272  2904   8776
 0.0  6272  2904   8776
 0.0  6272  2904   8776
 0.0  6272  2904   8776
 0.0  6272  2904   8776
 0.0  6272  2904   8776
 0.0  6272  2904   8776
 0.0  6272  2904   8776
 0.0  6272  2904   8776
 0.0  6272  2904   8776
 0.0  6272  2904   8776
 0.0  6272  2904   8776
 0.0  6272  2904   8776
 0.0  6272  2904   8776
 0.0  6272  2904   8776
 0.0  6272  2904   8776
 0.0  6272  2904   8776
 0.0  6272  2904   8776
 0.0  6272  2904   8776
 0.0  6272  2904   8776
 0.0  6272  2904   8776
 0.0  6272  2904   8776
 0.0  6272  2904   8776
 0.0  6272  2904   8776
 0.0  6272  2904   8776
 0.0  6272  2904   8776
 0.0  6272  2904   8776
 0.0  6272  2904   8776
 0.0  6272  2904   8776
 0.0  6272  2904   8776
 0.0  6272  2904   8776
 0.0  6272  2904   8776
 0.0  6272  2904   8776
 0.0  6272  2904   8776
 0.0  6272  2904   8776
 0.0  6272  2904   8776
 0.0  6272  2904   8776
 0.0  6272  2904   8776
 0.0  6272  2904   8776
 0.0  6272  2904   8776
 0.0  6272  2904   8776
 0.0  6272  2904   8776
 0.0  6272  2904   8776
 0.0  6272  2904   8776
 0.0  6272  2904   8776
 0.0  6272  2904   8776
 0.0  6272  2904   8776
 0.0  6272  2904   8776
 0.0  6272  2904   8776
 0.0  6272  2904   8776
 0.0  6272  2904   8776
 0.0  6272  2904   8776
 0.0  6272  2904   8776
 0.0  6272  2904   8776
 0.0  6272  2904   8776
 0.0  6272  2904   8776
 0.0  6272  2904   8776
 0.0  6272  2904   8776
 0.0  6272  2904   8776
 0.0  6272  2904   8776
 0.0  6272  2904   8776
 0.0  6272  2904   8776
 0.0  6272  2904   8776
 0.0  6272  2904   8776
 0.0  6272  2904   8776
 0.0  6272  2904   8776
 0.0  6272  2904   8776
 0.0  6272  2904   8776
 0.0  6272  2904   8776
 0.0  6272  2904   8776
 0.0  6272  2904   8776
 0.0  6272  2904   8776
 0.0  6272  2904   8776
 0.0  6272  2904   8776
 0.0  6272  2904   8776
 0.0  6272  2904   8776
 0.0  6272  2904   8776
 0.0  6272  2904   8776
 0.0  6272  2904   8776
 0.0  6272  2904   8776
 0.0  6272  2904   8776
 0.0  6272  2904   8776
 0.0  6272  2904   8776
 0.0  6272  2904   8776
 0.0  6272  2904   8776
 0.0  6272  2904   8776
 0.0  6272  2904   8776
 0.0  6272  2904   8776
 0.0  6272  2904   8776
 0.0  6272  2904   8776
 0.0  6272  2904   8776
 0.0  6272  2904   8776
 0.0  6272  2904   8776
 0.0  6272  2904   8776
 0.0  6272  2904   8776
 0.0  6272  2904   8776
 0.0  6272  2904   8776
 0.0  6272  2904   8776
 0.0  6272  2904   8776
 0.0  6272  2904   8776
 0.0  6272  2904   8776
 0.0  6272  2904   8776
 0.0  6272  2904   8776
 0.0  6272  2904   8776
 0.0  6272  2904   8776
 0.0  6272  2904   8776
 0.0  6272  2904   8776
 0.0  6272  2904   8776
 0.0  6272  2904   8776
 0.0  6272  2904   8776
 0.0  6272  2904   8776
 0.0  6272  2904   8776
 0.0  6272  2904   8776
 0.0  6272  2904   8776
 0.0  6272  2904   8776
 0.0  6272  2904   8776
 0.0  6272  2904   8776
 0.0  6272  2904   8776
 0.0  6272  2904   8776
 0.0  6272  2904   8776
 0.0  6272  2904   8776
 0.0  6272  2904   8776
 0.0  6272  2904   8776
 0.0  6272  2904   8776
 0.0  6272  2904   8776
 0.0  6272  2904   8776
 0.0  6272  2904   8776
 0.0  6272  2904   8776
 0.0  6272  2904   8776
 0.0  6272  2904   8776
 0.0  6272  2904   8776
 0.0  6272  2904   8776
 0.0  6272  2904   8776
 0.0  6272  2904   8776
 0.0  6272  2904   8776
 0.0  6272  2904   8776
 0.0  6272  2904   8776
 0.0  6272  2904   8776
 0.0  6272  2904   8776
 0.0  6272  2904   8776
 0.0  6272  2904   8776
 0.0  6272  2904   8776
 0.0  6272  2904   8776
 0.0  6272  2904   8776
 0.0  6272  2904   8776
 0.0  6272  2904   8776
 0.0  6272  2904   8776
 0.0  6272  2904   8776
 0.0  6272  2904   8776
 0.0  6272  2904   8776
 0.0  6272  2904   8776
 0.0  6272  2904   8776
 0.0  6272  2904   8776
