coretemp-isa-0000
Adapter: ISA adapter
Package id 0:  +78.0°C  (high = +100.0°C, crit = +100.0°C)
Core 0:        +78.0°C  (high = +100.0°C, crit = +100.0°C)
Core 1:        +70.0°C  (high = +100.0°C, crit = +100.0°C)
Core 2:        +78.0°C  (high = +100.0°C, crit = +100.0°C)
Core 3:        +74.0°C  (high = +100.0°C, crit = +100.0°C)

pch_cannonlake-virtual-0
Adapter: Virtual device
temp1:        +61.0°C  

BAT0-acpi-0
Adapter: ACPI interface
in0:          12.60 V  
curr1:       1000.00 uA 

dell_smm-virtual-0
Adapter: Virtual device
fan1:        3937 RPM

radeon-pci-0100
Adapter: PCI adapter
temp1:            N/A  (crit = +120.0°C, hyst = +90.0°C)

acpitz-acpi-0
Adapter: ACPI interface
temp1:        +25.0°C  (crit = +107.0°C)

%CPU %MEM     ELAPSED
 1.5 126228 870792 881792
 2.2 179476 870792 881792
 2.9 232724 870792 881792
 3.5 281876 870792 881792
 4.1 333076 878984 889988
 4.2 343316 895500 971916
 4.3 349460 895500 971916
 4.3 349460 895500 971916
 4.4 355604 895500 971916
 4.4 359700 895500 971916
 4.4 359700 895500 971916
 4.5 365964 895500 971916
 4.6 368828 895500 971916
 4.6 370128 895500 971916
 4.6 372768 895500 971916
 4.6 373560 895500 971916
 4.6 373560 895500 971916
 4.6 373560 895500 971916
 4.6 373560 895500 971916
 4.6 373824 895500 971916
 4.7 376728 895500 971916
 4.7 381480 895500 971916
 4.8 384120 895500 971916
 4.8 387288 895500 971916
 4.8 389136 895500 971916
 4.9 392040 895500 971916
 4.9 397056 895500 971916
 5.0 399960 895500 971916
 5.0 400488 895500 971916
 5.0 401280 895500 971916
 5.0 403392 895500 971916
 5.0 403392 895500 971916
 5.0 403392 895500 971916
 5.0 403392 895500 971916
 5.0 403392 895500 971916
 5.0 403392 895500 971916
 5.0 403392 895500 971916
 5.0 403920 895500 971916
 5.0 404448 895500 971916
 5.0 405504 895500 971916
 5.0 406560 895500 971916
 5.1 408936 895500 971916
 5.1 411312 895500 971916
 5.1 412896 895500 971916
 5.1 415536 895500 971916
 5.2 419232 895500 971916
 5.2 421080 895500 971916
 5.3 424248 895500 971916
 5.3 426888 895500 971916
 5.3 429000 895500 971916
 5.3 431376 895500 971916
 5.4 434016 895500 971916
 5.4 435336 895500 971916
 5.4 436920 895500 971916
 5.4 439032 895500 971916
 5.5 440616 895500 971916
 5.5 442200 895500 971916
 5.5 443784 895500 971916
 5.5 444840 895500 971916
 5.5 447216 895500 971916
 5.6 448272 895500 971916
 5.6 451440 895500 971916
 5.6 452760 895500 971916
 5.6 453288 895500 971916
 5.7 455928 895500 971916
 5.7 455928 895500 971916
 5.7 456984 895500 971916
 5.7 457512 895500 971916
 5.7 458304 895500 971916
 5.7 458568 895500 971916
 5.7 459624 895500 971916
 5.7 460152 895500 971916
 5.7 461472 895500 971916
 5.7 462000 895500 971916
 5.8 464904 895500 971916
 5.8 465696 895500 971916
 5.8 470976 895500 971916
 5.9 479160 895500 971916
 6.1 488136 895500 971916
 6.2 503448 895500 971916
 6.4 518496 895500 971916
 6.6 533016 895500 971916
 6.8 546216 895500 971916
 6.9 559416 895500 971916
 7.1 572880 895500 971916
 7.3 584232 895500 971916
 7.3 590040 895500 971916
 7.4 594792 895500 971916
 7.5 602976 895500 971916
 7.5 606672 895500 971916
 7.6 610896 895632 1037452
 7.6 614856 895632 1037452
 7.6 615648 895632 1037452
 7.7 621984 895632 1037452
 7.7 622512 895632 1037452
 7.7 622512 895632 1037452
 7.8 624624 895632 1037452
 7.8 626736 895632 1037452
 7.8 628848 895632 1037452
 7.8 628848 895632 1037452
 7.9 634920 895632 1037452
 7.9 637296 895632 1037452
 7.9 637296 895632 1037452
 8.0 645480 895632 1037452
 8.0 645744 895632 1037452
 8.1 649176 895632 1037452
 8.1 654192 895632 1037452
 8.1 654192 895632 1037452
 8.2 660528 895632 1037452
 8.2 662640 895632 1037452
 8.2 663168 895632 1037452
 8.4 675312 895632 1037452
 8.4 675312 895632 1037452
 8.5 680064 895632 1037452
 8.6 687984 895632 1037452
 8.6 687984 895632 1037452
 8.6 693528 895632 1037452
 8.8 705144 895632 1037452
 8.8 710160 895632 1037452
 8.8 710160 895632 1037452
 8.9 716232 895632 1037452
 9.0 723360 895632 1037452
 9.0 723888 895632 1037452
 9.0 723888 895632 1037452
 9.1 731544 895632 1037452
 9.2 737616 895632 1037452
 9.2 737616 895632 1037452
 9.2 739992 895632 1037452
 9.3 748704 895632 1037452
 9.4 751608 895632 1037452
 9.4 751608 895632 1037452
 9.4 755832 895632 1037452
 9.4 757944 895632 1037452
 9.4 757944 895632 1037452
 9.5 760056 895632 1037452
 9.5 764280 895632 1037452
 9.5 764280 895632 1037452
 9.6 770880 895632 1037452
 9.6 771936 895632 1037452
 9.6 773784 895632 1037452
 9.7 780384 895632 1037452
 9.7 780384 895632 1037452
 9.8 783816 895632 1037452
 9.8 788832 895632 1037452
 9.8 788832 895632 1037452
 9.9 794112 895632 1037452
 9.9 797544 895632 1037452
 9.9 797544 895632 1037452
10.0 803880 895632 1037452
10.0 805992 895632 1037452
10.0 805992 895632 1037452
10.1 812592 895632 1037452
10.1 814440 895632 1037452
10.1 814440 895632 1037452
10.3 823944 895632 1037452
10.3 826848 895632 1037452
10.3 826848 895632 1037452
10.4 834240 895632 1037452
10.4 836352 895632 1037452
10.4 836352 895632 1037452
10.5 842160 895632 1037452
10.6 847968 895632 1037452
10.6 847968 895632 1037452
10.6 847968 895632 1037452
10.6 851928 895632 1037452
10.7 858528 895632 1037452
10.7 860640 895632 1037452
10.7 860640 895632 1037452
10.7 860640 895632 1037452
10.8 865920 895632 1037452
10.8 868032 895632 1037452
10.8 868032 895632 1037452
10.9 873312 895632 1037452
10.9 873312 895632 1037452
10.9 873864 895632 1037452
10.9 873864 895632 1037452
10.9 873864 895632 1037452
10.9 873864 895632 1037452
10.9 873864 895632 1037452
10.9 873864 895632 1037452
10.9 873864 895632 1037452
10.9 873864 895632 1037452
10.9 873864 895632 1037452
10.9 873864 895632 1037452
10.9 873864 895632 1037452
10.9 873864 895632 1037452
10.9 873864 895632 1037452
10.9 873864 895632 1037452
10.9 873864 895632 1037452
10.9 873864 895632 1037452
10.9 873864 895632 1037452
10.9 873864 895632 1037452
10.9 873864 895632 1037452
10.9 873864 895632 1037452
10.9 873864 895632 1037452
10.9 873864 895632 1037452
10.9 873864 895632 1037452
10.9 873864 895632 1037452
10.9 873864 895632 1037452
10.9 873864 895632 1037452
10.9 873864 895632 1037452
10.9 873864 895632 1037452
10.9 873864 895632 1037452
10.9 873864 895632 1037452
10.9 873864 895632 1037452
10.9 873864 895632 1037452
10.9 873864 895632 1037452
10.9 873864 895632 1037452
10.9 873864 895632 1037452
10.9 873864 895632 1037452
10.9 873864 895632 1037452
10.9 873864 895632 1037452
10.9 873864 895632 1037452
10.9 873864 895632 1037452
10.9 873864 895632 1037452
10.9 873864 895632 1037452
10.9 873864 895632 1037452
10.9 873864 895632 1037452
10.9 873864 895632 1037452
10.9 873864 895632 1037452
10.9 873864 895632 1037452
10.9 873864 895632 1037452
10.9 873864 895632 1037452
10.9 873864 895632 1037452
10.9 873864 895632 1037452
10.9 873864 895632 1037452
10.9 873864 895632 1037452
10.9 873864 895632 1037452
10.9 873864 895632 1037452
10.9 873864 895632 1037452
10.9 873864 895632 1037452
10.9 873864 895632 1037452
10.9 873864 895632 1037452
10.9 873864 895632 1037452
10.9 873864 895632 1037452
10.9 873864 895632 1037452
10.9 873864 895632 1037452
10.9 873864 895632 1037452
10.9 873864 895632 1037452
10.9 873864 895632 1037452
10.9 873864 895632 1037452
10.9 873864 895632 1037452
10.9 873864 895632 1037452
10.9 873864 895632 1037452
10.9 873864 895632 1037452
10.9 873864 895632 1037452
10.9 873864 895632 1037452
10.9 873864 895632 1037452
10.9 873864 895632 1037452
10.9 873864 895632 1037452
10.9 873864 895632 1037452
10.9 873864 895632 1037452
10.9 873864 895632 1037452
10.9 873864 895632 1037452
10.9 873864 895632 1037452
10.9 873864 895632 1037452
10.9 873864 895632 1037452
10.9 873864 895632 1037452
10.9 873864 895632 1037452
10.9 873864 895632 1037452
10.9 873864 895632 1037452
10.9 873864 895632 1037452
10.9 873864 895632 1037452
10.9 873864 895632 1037452
10.9 873864 895632 1037452
10.9 873864 895632 1037452
10.9 873864 895632 1037452
10.9 873864 895632 1037452
10.9 873864 895632 1037452
10.9 873864 895632 1037452
10.9 873864 895632 1037452
10.9 873864 895632 1037452
10.9 873864 895632 1037452
10.9 873864 895632 1037452
10.9 873864 895632 1037452
10.9 873864 895632 1037452
10.9 873864 895632 1037452
10.9 873864 895632 1037452
10.9 873864 895632 1037452
10.9 873864 895632 1037452
10.9 873864 895632 1037452
10.9 873864 895632 1037452
10.9 873864 895632 1037452
10.9 873864 895632 1037452
10.9 873864 895632 1037452
10.9 873864 895632 1037452
10.9 873864 895632 1037452
10.9 873864 895632 1037452
10.9 873864 895632 1037452
10.9 873864 895632 1037452
10.9 873864 895632 1037452
10.9 873864 895632 1037452
10.9 873864 895632 1037452
10.9 873864 895632 1037452
10.9 873864 895632 1037452
10.9 873864 895632 1037452
10.9 873864 895632 1037452
10.9 873864 895632 1037452
10.9 873864 895632 1037452
10.9 873864 895632 1037452
10.9 873864 895632 1037452
10.9 873864 895632 1037452
10.9 873864 895632 1037452
10.9 873864 895632 1037452
10.9 873864 895632 1037452
10.9 873864 895632 1037452
10.9 873864 895632 1037452
10.9 873864 895632 1037452
10.9 873864 895632 1037452
10.9 873864 895632 1037452
10.9 873864 895632 1037452
10.9 873864 895632 1037452
10.9 873864 895632 1037452
10.9 873864 895632 1037452
10.9 873864 895632 1037452
10.9 873864 895632 1037452
10.9 873864 895632 1037452
10.9 873864 895632 1037452
10.9 873864 895632 1037452
10.9 873864 895632 1037452
10.9 873864 895632 1037452
10.9 873864 895632 1037452
10.9 873864 895632 1037452
10.9 873864 895632 1037452
10.9 873864 895632 1037452
10.9 873864 895632 1037452
10.9 873864 895632 1037452
10.9 873864 895632 1037452
10.9 873864 895632 1037452
10.9 873864 895632 1037452
10.9 873864 895632 1037452
10.9 873864 895632 1037452
10.9 873864 895632 1037452
10.9 873864 895632 1037452
10.9 873864 895632 1037452
10.9 873864 895632 1037452
10.9 873864 895632 1037452
10.9 873864 895632 1037452
10.9 873864 895632 1037452
10.9 873864 895632 1037452
10.9 873864 895632 1037452
10.9 873864 895632 1037452
10.9 873864 895632 1037452
10.9 873864 895632 1037452
10.9 873864 895632 1037452
10.9 873864 895632 1037452
10.9 873864 895632 1037452
10.9 873864 895632 1037452
10.9 873864 895632 1037452
10.9 873864 895632 1037452
10.9 873864 895632 1037452
10.9 873864 895632 1037452
10.9 873864 895632 1037452
10.9 873864 895632 1037452
10.9 873864 895632 1037452
10.9 873864 895632 1037452
10.9 873864 895632 1037452
10.9 873864 895632 1037452
10.9 873864 895632 1037452
10.9 873864 895632 1037452
10.9 873864 895632 1037452
10.9 873864 895632 1037452
10.9 873864 895632 1037452
10.9 873864 895632 1037452
10.9 873864 895632 1037452
10.9 873864 895632 1037452
10.9 873864 895632 1037452
10.9 873864 895632 1037452
10.9 873864 895632 1037452
10.9 873864 895632 1037452
10.9 873864 895632 1037452
10.9 873864 895632 1037452
10.9 873864 895632 1037452
10.9 873864 895632 1037452
10.9 873864 895632 1037452
10.9 873864 895632 1037452
10.9 873864 895632 1037452
10.9 873864 895632 1037452
10.9 873864 895632 1037452
10.9 873864 895632 1037452
10.9 873864 895632 1037452
10.9 873864 895632 1037452
10.9 873864 895632 1037452
10.9 873864 895632 1037452
10.9 873864 895632 1037452
10.9 873864 895632 1037452
10.9 873864 895632 1037452
10.9 873864 895632 1037452
10.9 873864 895632 1037452
10.9 873864 895632 1037452
10.9 873868 895632 1037452
10.9 873868 895632 1037452
10.9 873868 895632 1037452
10.9 873868 895632 1037452
10.9 873868 895632 1037452
10.9 873868 895632 1037452
10.9 873868 895632 1037452
10.9 873868 895632 1037452
10.9 873868 895632 1037452
10.9 873868 895632 1037452
10.9 873868 895632 1037452
10.9 873868 895632 1037452
10.9 873868 895632 1037452
10.9 873868 895632 1037452
10.9 873868 895632 1037452
10.9 873868 895632 1037452
10.9 873868 895632 1037452
10.9 873868 895632 1037452
10.9 873868 895632 1037452
10.9 873868 895632 1037452
10.9 873868 895632 1037452
10.9 873868 895632 1037452
10.9 873868 895632 1037452
10.9 873868 895632 1037452
10.9 873868 895632 1037452
10.9 873868 895632 1037452
10.9 873868 895632 1037452
10.9 873868 895632 1037452
10.9 873868 895632 1037452
10.9 873868 895632 1037452
10.9 873868 895632 1037452
10.9 873868 895632 1037452
10.9 873868 895632 1037452
10.9 873868 895632 1037452
10.9 873868 895632 1037452
10.9 873868 895632 1037452
10.9 873868 895632 1037452
10.9 873868 895632 1037452
10.9 873868 895632 1037452
10.9 873868 895632 1037452
10.9 873868 895632 1037452
10.9 873868 895632 1037452
10.9 873868 895632 1037452
10.9 873868 895632 1037452
10.9 873868 895632 1037452
10.9 873868 895632 1037452
10.9 873868 895632 1037452
10.9 873868 895632 1037452
10.9 873868 895632 1037452
10.9 873868 895632 1037452
10.9 873868 895632 1037452
10.9 873868 895632 1037452
10.9 873868 895632 1037452
10.9 873868 895632 1037452
10.9 873868 895632 1037452
10.9 873868 895632 1037452
10.9 873868 895632 1037452
10.9 873868 895632 1037452
10.9 873868 895632 1037452
10.9 873868 895632 1037452
10.9 873868 895632 1037452
10.9 873868 895632 1037452
10.9 873868 895632 1037452
10.9 873868 895632 1037452
10.9 873868 895632 1037452
10.9 873868 895632 1037452
10.9 873868 895632 1037452
10.9 873868 895632 1037452
10.9 873868 895632 1037452
10.9 873868 895632 1037452
10.9 873868 895632 1037452
10.9 873868 895632 1037452
10.9 873868 895632 1037452
10.9 873868 895632 1037452
10.9 873868 895632 1037452
10.9 873868 895632 1037452
10.9 873868 895632 1037452
10.9 873868 895632 1037452
10.9 873868 895632 1037452
10.9 873868 895632 1037452
10.9 873868 895632 1037452
10.9 873868 895632 1037452
10.9 873868 895632 1037452
10.9 873868 895632 1037452
10.9 873868 895632 1037452
10.9 873868 895632 1037452
10.9 873868 895632 1037452
10.9 873868 895632 1037452
10.9 873868 895632 1037452
10.9 873868 895632 1037452
10.9 873868 895632 1037452
10.9 873868 895632 1037452
10.9 873868 895632 1037452
10.9 873868 895632 1037452
10.9 873868 895632 1037452
10.9 873868 895632 1037452
10.9 873868 895632 1037452
10.9 873868 895632 1037452
10.9 873868 895632 1037452
10.9 873868 895632 1037452
10.9 873868 895632 1037452
10.9 873868 895632 1037452
10.9 873868 895632 1037452
10.9 873868 895632 1037452
10.9 873868 895632 1037452
10.9 873868 895632 1037452
10.9 873868 895632 1037452
10.9 873868 895632 1037452
10.9 873868 895632 1037452
10.9 873868 895632 1037452
10.9 873868 895632 1037452
10.9 873868 895632 1037452
10.9 873868 895632 1037452
10.9 873868 895632 1037452
10.9 873868 895632 1037452
10.9 873868 895632 1037452
10.9 873868 895632 1037452
10.9 873868 895632 1037452
10.9 873868 895632 1037452
10.9 873868 895632 1037452
10.9 873868 895632 1037452
10.9 873868 895632 1037452
10.9 873868 895632 1037452
10.9 873868 895632 1037452
10.9 873868 895632 1037452
10.9 873868 895632 1037452
10.9 873868 895632 1037452
10.9 873868 895632 1037452
10.9 873868 895632 1037452
10.9 873868 895632 1037452
10.9 873868 895632 1037452
10.9 873868 895632 1037452
10.9 873868 895632 1037452
10.9 873868 895632 1037452
10.9 873868 895632 1037452
10.9 873868 895632 1037452
10.9 873868 895632 1037452
10.9 873868 895632 1037452
10.9 873868 895632 1037452
10.9 873868 895632 1037452
10.9 873868 895632 1037452
10.9 873868 895632 1037452
10.9 873868 895632 1037452
10.9 873868 895632 1037452
10.9 873868 895632 1037452
10.9 873868 895632 1037452
10.9 873868 895632 1037452
10.9 873868 895632 1037452
10.9 873868 895632 1037452
10.9 873868 895632 1037452
10.9 873868 895632 1037452
10.9 873868 895632 1037452
10.9 873868 895632 1037452
10.9 873868 895632 1037452
10.9 873868 895632 1037452
10.9 873868 895632 1037452
10.9 873868 895632 1037452
10.9 873868 895632 1037452
10.9 873868 895632 1037452
10.9 873868 895632 1037452
10.9 873868 895632 1037452
10.9 873868 895632 1037452
10.9 873868 895632 1037452
10.9 873868 895632 1037452
10.9 873868 895632 1037452
10.9 873868 895632 1037452
10.9 873868 895632 1037452
10.9 873868 895632 1037452
10.9 873868 895632 1037452
10.9 873868 895632 1037452
10.9 873868 895632 1037452
10.9 873868 895632 1037452
10.9 873868 895632 1037452
10.9 873868 895632 1037452
10.9 873868 895632 1037452
10.9 873868 895632 1037452
10.9 873868 895632 1037452
10.9 873868 895632 1037452
10.9 873868 895632 1037452
10.9 873868 895632 1037452
10.9 873868 895632 1037452
10.9 873868 895632 1037452
10.9 873868 895632 1037452
10.9 873868 895632 1037452
10.9 873868 895632 1037452
10.9 873868 895632 1037452
10.9 873868 895632 1037452
10.9 873868 895632 1037452
10.9 873868 895632 1037452
10.9 873868 895632 1037452
10.9 873868 895632 1037452
10.9 873868 895632 1037452
10.9 873868 895632 1037452
10.9 873868 895632 1037452
10.9 873868 895632 1037452
10.9 873868 895632 1037452
10.9 873868 895632 1037452
10.9 873868 895632 1037452
10.9 873868 895632 1037452
10.9 873868 895632 1037452
10.9 873868 895632 1037452
10.9 873868 895632 1037452
10.9 873868 895632 1037452
10.9 873868 895632 1037452
10.9 873868 895632 1037452
10.9 873868 895632 1037452
10.9 873868 895632 1037452
10.9 873868 895632 1037452
10.9 873868 895632 1037452
10.9 873868 895632 1037452
10.9 873868 895632 1037452
10.9 873868 895632 1037452
10.9 873868 895632 1037452
10.9 873868 895632 1037452
10.9 873868 895632 1037452
10.9 873868 895632 1037452
10.9 873868 895632 1037452
10.9 873868 895632 1037452
10.9 873868 895632 1037452
10.9 873868 895632 1037452
10.9 873868 895632 1037452
10.9 873868 895632 1037452
10.9 873868 895632 1037452
10.9 873868 895632 1037452
10.9 873868 895632 1037452
10.9 873868 895632 1037452
10.9 873868 895632 1037452
10.9 873868 895632 1037452
10.9 873868 895632 1037452
10.9 873868 895632 1037452
10.9 873868 895632 1037452
10.9 873868 895632 1037452
10.9 873868 895632 1037452
10.9 873868 895632 1037452
10.9 873868 895632 1037452
10.9 873868 895632 1037452
10.9 873868 895632 1037452
10.9 873868 895632 1037452
10.9 873868 895632 1037452
10.9 873868 895632 1037452
10.9 873868 895632 1037452
10.9 873868 895632 1037452
10.9 873868 895632 1037452
10.9 873868 895632 1037452
10.9 873868 895632 1037452
10.9 873868 895632 1037452
10.9 873868 895632 1037452
10.9 873868 895632 1037452
10.9 873868 895632 1037452
10.9 873868 895632 1037452
10.9 873868 895632 1037452
10.9 873868 895632 1037452
10.9 873868 895632 1037452
10.9 873868 895632 1037452
10.9 873868 895632 1037452
10.9 873868 895632 1037452
10.9 873868 895632 1037452
10.9 873868 895632 1037452
10.9 873868 895632 1037452
10.9 873868 895632 1037452
10.9 873868 895632 1037452
10.9 873868 895632 1037452
10.9 873868 895632 1037452
10.9 873868 895632 1037452
10.9 873868 895632 1037452
10.9 873868 895632 1037452
10.9 873868 895632 1037452
10.9 873868 895632 1037452
10.9 873868 895632 1037452
10.9 873868 895632 1037452
10.9 873868 895632 1037452
10.9 873868 895632 1037452
10.9 873868 895632 1037452
10.9 873868 895632 1037452
10.9 873868 895632 1037452
10.9 873868 895632 1037452
10.9 873868 895632 1037452
10.9 873868 895632 1037452
10.9 873868 895632 1037452
10.9 873868 895632 1037452
10.9 873868 895632 1037452
10.9 873868 895632 1037452
10.9 873868 895632 1037452
10.9 873868 895632 1037452
10.9 873868 895632 1037452
10.9 873868 895632 1037452
10.9 873868 895632 1037452
10.9 873868 895632 1037452
10.9 873868 895632 1037452
10.9 873868 895632 1037452
10.9 873868 895632 1037452
10.9 873868 895632 1037452
10.9 873868 895632 1037452
10.9 873868 895632 1037452
10.9 873868 895632 1037452
10.9 873868 895632 1037452
10.9 873868 895632 1037452
10.9 873868 895632 1037452
10.9 873868 895632 1037452
10.9 873868 895632 1037452
10.9 873868 895632 1037452
10.9 873868 895632 1037452
10.9 873868 895632 1037452
10.9 873868 895632 1037452
10.9 873868 895632 1037452
10.9 873868 895632 1037452
10.9 873868 895632 1037452
10.9 873868 895632 1037452
10.9 873868 895632 1037452
10.9 873868 895632 1037452
10.9 873868 895632 1037452
10.9 873868 895632 1037452
10.9 873868 895632 1037452
10.9 873868 895632 1037452
10.9 873868 895632 1037452
10.9 873868 895632 1037452
10.9 873868 895632 1037452
10.9 873868 895632 1037452
10.9 873868 895632 1037452
10.9 873868 895632 1037452
10.9 873868 895632 1037452
10.9 873868 895632 1037452
10.9 873868 895632 1037452
10.9 873868 895632 1037452
10.9 873868 895632 1037452
10.9 873868 895632 1037452
10.9 873868 895632 1037452
10.9 873868 895632 1037452
10.9 873868 895632 1037452
10.9 873868 895632 1037452
10.9 873868 895632 1037452
10.9 873868 895632 1037452
10.9 873868 895632 1037452
10.9 873868 895632 1037452
10.9 873868 895632 1037452
10.9 873868 895632 1037452
10.9 873868 895632 1037452
10.9 873868 895632 1037452
10.9 873868 895632 1037452
10.9 873868 895632 1037452
10.9 873868 895632 1037452
10.9 873868 895632 1037452
10.9 873868 895632 1037452
10.9 873868 895632 1037452
10.9 873868 895632 1037452
10.9 873868 895632 1037452
10.9 873868 895632 1037452
10.9 873868 895632 1037452
10.9 873868 895632 1037452
10.9 873868 895632 1037452
10.9 873868 895632 1037452
10.9 873868 895632 1037452
10.9 873868 895632 1037452
10.9 873868 895632 1037452
10.9 873868 895632 1037452
10.9 873868 895632 1037452
10.9 873868 895632 1037452
10.9 873868 895632 1037452
10.9 873868 895632 1037452
10.9 873868 895632 1037452
10.9 873868 895632 1037452
10.9 873868 895632 1037452
10.9 873868 895632 1037452
10.9 873868 895632 1037452
10.9 873868 895632 1037452
10.9 873868 895632 1037452
10.9 873868 895632 1037452
10.9 873868 895632 1037452
10.9 873868 895632 1037452
10.9 873868 895632 1037452
10.9 873868 895632 1037452
10.9 873868 895632 1037452
10.9 873868 895632 1037452
10.9 873868 895632 1037452
10.9 873868 895632 1037452
10.9 873868 895632 1037452
10.9 873868 895632 1037452
10.9 873868 895632 1037452
10.9 873868 895632 1037452
10.9 873868 895632 1037452
10.9 873868 895632 1037452
10.9 873868 895632 1037452
10.9 873868 895632 1037452
10.9 873868 895632 1037452
10.9 873868 895632 1037452
10.9 873868 895632 1037452
10.9 873868 895632 1037452
10.9 873868 895632 1037452
10.9 873868 895632 1037452
10.9 873868 895632 1037452
10.9 873868 895632 1037452
10.9 873868 895632 1037452
10.9 873868 895632 1037452
10.9 873868 895632 1037452
10.9 873868 895632 1037452
10.9 873868 895632 1037452
10.9 873868 895632 1037452
10.9 873868 895632 1037452
10.9 873868 895632 1037452
10.9 873868 895632 1037452
10.9 873868 895632 1037452
10.9 873868 895632 1037452
10.9 873868 895632 1037452
10.9 873868 895632 1037452
10.9 873868 895632 1037452
10.9 873868 895632 1037452
10.9 873868 895632 1037452
10.9 873868 895632 1037452
10.9 873868 895632 1037452
10.9 873868 895632 1037452
10.9 873868 895632 1037452
10.9 873868 895632 1037452
10.9 873868 895632 1037452
10.9 873868 895632 1037452
10.9 873868 895632 1037452
10.9 873868 895632 1037452
10.9 873868 895632 1037452
10.9 873868 895632 1037452
10.9 873868 895632 1037452
10.9 873868 895632 1037452
10.9 873868 895632 1037452
10.9 873868 895632 1037452
10.9 873868 895632 1037452
10.9 873868 895632 1037452
10.9 873868 895632 1037452
10.9 873868 895632 1037452
10.9 873868 895632 1037452
10.9 873868 895632 1037452
10.9 873868 895632 1037452
10.9 873868 895632 1037452
10.9 873868 895632 1037452
10.9 873868 895632 1037452
10.9 873868 895632 1037452
10.9 873868 895632 1037452
10.9 873868 895632 1037452
10.9 873868 895632 1037452
10.9 873868 895632 1037452
10.9 873868 895632 1037452
10.9 873868 895632 1037452
10.9 873868 895632 1037452
10.9 873868 895632 1037452
10.9 873868 895632 1037452
10.9 873868 895632 1037452
10.9 873868 895632 1037452
10.9 873868 895632 1037452
10.9 873868 895632 1037452
10.9 873868 895632 1037452
10.9 873868 895632 1037452
10.9 873868 895632 1037452
10.9 873868 895632 1037452
10.9 873868 895632 1037452
10.9 873868 895632 1037452
10.9 873868 895632 1037452
10.9 873868 895632 1037452
10.9 873868 895632 1037452
10.9 873868 895632 1037452
10.9 873868 895632 1037452
10.9 873868 895632 1037452
10.9 873868 895632 1037452
10.9 873868 895632 1037452
10.9 873868 895632 1037452
10.9 873868 895632 1037452
10.9 873868 895632 1037452
10.9 873868 895632 1037452
10.9 873868 895632 1037452
10.9 873868 895632 1037452
10.9 873868 895632 1037452
10.9 873868 895632 1037452
10.9 873868 895632 1037452
10.9 873868 895632 1037452
10.9 873868 895632 1037452
10.9 873868 895632 1037452
10.9 873868 895632 1037452
10.9 873868 895632 1037452
10.9 873868 895632 1037452
10.9 873868 895632 1037452
10.9 873868 895632 1037452
10.9 873868 895632 1037452
10.9 873868 895632 1037452
10.9 873868 895632 1037452
10.9 873868 895632 1037452
10.9 873868 895632 1037452
10.9 873868 895632 1037452
10.9 873868 895632 1037452
10.9 873868 895632 1037452
10.9 873868 895632 1037452
10.9 873868 895632 1037452
10.9 873868 895632 1037452
10.9 873868 895632 1037452
10.9 873868 895632 1037452
10.9 873868 895632 1037452
10.9 873868 895632 1037452
10.9 873868 895632 1037452
10.9 873868 895632 1037452
10.9 873868 895632 1037452
10.9 873868 895632 1037452
10.9 873868 895632 1037452
10.9 873868 895632 1037452
10.9 873868 895632 1037452
10.9 873868 895632 1037452
10.9 873868 895632 1037452
10.9 873868 895632 1037452
10.9 873868 895632 1037452
10.9 873868 895632 1037452
10.9 873868 895632 1037452
10.9 873868 895632 1037452
10.9 873868 895632 1037452
10.9 873868 895632 1037452
10.9 873868 895632 1037452
10.9 873868 895632 1037452
10.9 873868 895632 1037452
10.9 873868 895632 1037452
10.9 873868 895632 1037452
10.9 873868 895632 1037452
10.9 873868 895632 1037452
10.9 873868 895632 1037452
10.9 873868 895632 1037452
10.9 873868 895632 1037452
10.9 873868 895632 1037452
10.9 873868 895632 1037452
10.9 873868 895632 1037452
10.9 873868 895632 1037452
10.9 873868 895632 1037452
10.9 873868 895632 1037452
10.9 873868 895632 1037452
10.9 873868 895632 1037452
10.9 873868 895632 1037452
10.9 873868 895632 1037452
10.9 873868 895632 1037452
10.9 873868 895632 1037452
10.9 873868 895632 1037452
10.9 873868 895632 1037452
10.9 873868 895632 1037452
10.9 873868 895632 1037452
10.9 873868 895632 1037452
10.9 873868 895632 1037452
10.9 873868 895632 1037452
10.9 873868 895632 1037452
10.9 873868 895632 1037452
10.9 873868 895632 1037452
10.9 873868 895632 1037452
10.9 873868 895632 1037452
10.9 873868 895632 1037452
10.9 873868 895632 1037452
10.9 873868 895632 1037452
10.9 873868 895632 1037452
10.9 873868 895632 1037452
10.9 873868 895632 1037452
10.9 873868 895632 1037452
10.9 873868 895632 1037452
10.9 873868 895632 1037452
10.9 873868 895632 1037452
10.9 873868 895632 1037452
10.9 873868 895632 1037452
10.9 873868 895632 1037452
10.9 873868 895632 1037452
10.9 873868 895632 1037452
10.9 873868 895632 1037452
10.9 873868 895632 1037452
10.9 873868 895632 1037452
10.9 873868 895632 1037452
10.9 873868 895632 1037452
10.9 873868 895632 1037452
10.9 873868 895632 1037452
10.9 873868 895632 1037452
10.9 873868 895632 1037452
10.9 873868 895632 1037452
10.9 873868 895632 1037452
10.9 873868 895632 1037452
10.9 873868 895632 1037452
10.9 873868 895632 1037452
10.9 873868 895632 1037452
10.9 873868 895632 1037452
10.9 873868 895632 1037452
10.9 873868 895632 1037452
10.9 873868 895632 1037452
10.9 873868 895632 1037452
10.9 873868 895632 1037452
10.9 873868 895632 1037452
10.9 873868 895632 1037452
10.9 873868 895632 1037452
10.9 873868 895632 1037452
10.9 873868 895632 1037452
10.9 873868 895632 1037452
10.9 873868 895632 1037452
10.9 873868 895632 1037452
10.9 873868 895632 1037452
10.9 873868 895632 1037452
10.9 873868 895632 1037452
10.9 873868 895632 1037452
10.9 873868 895632 1037452
10.9 873868 895632 1037452
10.9 873868 895632 1037452
10.9 873868 895632 1037452
10.9 873868 895632 1037452
10.9 873868 895632 1037452
10.9 873868 895632 1037452
10.9 873868 895632 1037452
10.9 873868 895632 1037452
10.9 873868 895632 1037452
10.9 873868 895632 1037452
10.9 873868 895632 1037452
10.9 873868 895632 1037452
10.9 873868 895632 1037452
10.9 873868 895632 1037452
10.9 873868 895632 1037452
10.9 873868 895632 1037452
10.9 873868 895632 1037452
10.9 873868 895632 1037452
10.9 873868 895632 1037452
10.9 873868 895632 1037452
10.9 873868 895632 1037452
10.9 873868 895632 1037452
10.9 873868 895632 1037452
10.9 873868 895632 1037452
10.9 873868 895632 1037452
10.9 873868 895632 1037452
10.9 873868 895632 1037452
10.9 873868 895632 1037452
10.9 873868 895632 1037452
10.9 873868 895632 1037452
10.9 873868 895632 1037452
10.9 873868 895632 1037452
10.9 873868 895632 1037452
10.9 873868 895632 1037452
10.9 873868 895632 1037452
10.9 873868 895632 1037452
10.9 873868 895632 1037452
10.9 873868 895632 1037452
10.9 873868 895632 1037452
10.9 873868 895632 1037452
10.9 873868 895632 1037452
10.9 873868 895632 1037452
10.9 873868 895632 1037452
10.9 873868 895632 1037452
10.9 873868 895632 1037452
10.9 873868 895632 1037452
10.9 873868 895632 1037452
10.9 873868 895632 1037452
10.9 873868 895632 1037452
10.9 873868 895632 1037452
10.9 873868 895632 1037452
10.9 873868 895632 1037452
10.9 873868 895632 1037452
10.9 873868 895632 1037452
10.9 873868 895632 1037452
10.9 873868 895632 1037452
10.9 873868 895632 1037452
10.9 873868 895632 1037452
10.9 873868 895632 1037452
10.9 873868 895632 1037452
10.9 873868 895632 1037452
10.9 873868 895632 1037452
10.9 873868 895632 1037452
10.9 873868 895632 1037452
10.9 873868 895632 1037452
10.9 873868 895632 1037452
10.9 873868 895632 1037452
10.9 873868 895632 1037452
10.9 873868 895632 1037452
10.9 873868 895632 1037452
10.9 873868 895632 1037452
10.9 873868 895632 1037452
10.9 873868 895632 1037452
10.9 873868 895632 1037452
10.9 873868 895632 1037452
10.9 873868 895632 1037452
10.9 873868 895632 1037452
10.9 873868 895632 1037452
10.9 873868 895632 1037452
10.9 873868 895632 1037452
10.9 873868 895632 1037452
10.9 873868 895632 1037452
10.9 873868 895632 1037452
10.9 873868 895632 1037452
10.9 873868 895632 1037452
10.9 873868 895632 1037452
10.9 873868 895632 1037452
10.9 873868 895632 1037452
10.9 873868 895632 1037452
10.9 873868 895632 1037452
10.9 873868 895632 1037452
10.9 873868 895632 1037452
10.9 873868 895632 1037452
10.9 873868 895632 1037452
10.9 873868 895632 1037452
10.9 873868 895632 1037452
10.9 873868 895632 1037452
10.9 873868 895632 1037452
10.9 873868 895632 1037452
10.9 873868 895632 1037452
10.9 873868 895632 1037452
10.9 873868 895632 1037452
10.9 873868 895632 1037452
10.9 873868 895632 1037452
10.9 873868 895632 1037452
10.9 873868 895632 1037452
10.9 873868 895632 1037452
10.9 873868 895632 1037452
10.9 873868 895632 1037452
10.9 873868 895632 1037452
10.9 873868 895632 1037452
10.9 873868 895632 1037452
10.9 873868 895632 1037452
10.9 873868 895632 1037452
10.9 873868 895632 1037452
10.9 873868 895632 1037452
10.9 873868 895632 1037452
10.9 873868 895632 1037452
10.9 873868 895632 1037452
10.9 873868 895632 1037452
10.9 873868 895632 1037452
10.9 873868 895632 1037452
10.9 873868 895632 1037452
10.9 873868 895632 1037452
 7.5 605252 895632 1037452
 3.4 279728 895632 1037452
 0.0  3556 25228 167048
 0.4 35844 170296 312116
 1.1 89232 170296 312116
 1.7 140432 170296 312116
 2.3 189248 315364 457184
 3.0 242496 315364 457184
 3.6 291648 315364 457184
 4.3 344468 460432 602252
 4.8 386000 460432 602252
 5.3 431672 460432 602252
 5.9 473384 605500 747320
 6.4 513776 605500 747320
 6.9 554432 605500 747320
 7.4 595088 750568 892388
 7.9 634424 750568 892388
 8.4 674816 750568 892388
 8.9 715472 750568 892388
 9.4 756920 895636 1037456
 9.9 799424 895636 1037456
10.5 839816 895636 1037456
10.9 873872 895636 1037456
10.9 873872 895636 1037456
10.9 873872 895636 1037456
10.9 873872 895636 1037456
10.9 873872 895636 1037456
10.9 873872 895636 1037456
10.9 873872 895636 1037456
10.9 873872 895636 1037456
10.9 873872 895636 1037456
10.9 873872 895636 1037456
10.9 873872 895636 1037456
10.9 873872 895636 1037456
10.9 873872 895636 1037456
10.9 873872 895636 1037456
10.9 873872 895636 1037456
10.9 873872 895636 1037456
10.9 873872 895636 1037456
10.9 873872 895636 1037456
10.9 873872 895636 1037456
10.9 873872 895636 1037456
10.9 873872 895636 1037456
10.9 873872 895636 1037456
10.9 873872 895636 1037456
10.9 873872 895636 1037456
10.9 873872 895636 1037456
10.9 873872 895636 1037456
10.9 873872 895636 1037456
10.9 873872 895636 1037456
10.9 873872 895636 1037456
10.9 873872 895636 1037456
10.9 873872 895636 1037456
10.9 873872 895636 1037456
10.9 873872 895636 1037456
10.9 873872 895636 1037456
10.9 873872 895636 1037456
10.9 873872 895636 1037456
10.9 873872 895636 1037456
10.9 873872 895636 1037456
10.9 873872 895636 1037456
10.9 873872 895636 1037456
10.9 873872 895636 1037456
10.9 873872 895636 1037456
10.9 873872 895636 1037456
10.9 873872 895636 1037456
10.9 873872 895636 1037456
10.9 873872 895636 1037456
10.9 873872 895636 1037456
10.9 873872 895636 1037456
10.9 873872 895636 1037456
10.9 873872 895636 1037456
10.9 873872 895636 1037456
10.9 873872 895636 1037456
10.9 873872 895636 1037456
10.9 873872 895636 1037456
10.9 873872 895636 1037456
10.9 873872 895636 1037456
10.9 873872 895636 1037456
10.9 873872 895636 1037456
10.9 873872 895636 1037456
10.9 873872 895636 1037456
10.9 873872 895636 1037456
10.9 873872 895636 1037456
10.9 873872 895636 1037456
10.9 873872 895636 1037456
10.9 873872 895636 1037456
10.9 873872 895636 1037456
10.9 873872 895636 1037456
10.9 873872 895636 1037456
10.9 873872 895636 1037456
10.9 873872 895636 1037456
10.9 873872 895636 1037456
10.9 873872 895636 1037456
10.9 873872 895636 1037456
10.9 873872 895636 1037456
10.9 873872 895636 1037456
10.9 873872 895636 1037456
10.9 873872 895636 1037456
10.9 873872 895636 1037456
10.9 873872 895636 1037456
10.9 873872 895636 1037456
10.9 873872 895636 1037456
10.9 873872 895636 1037456
10.9 873872 895636 1037456
10.9 873872 895636 1037456
10.9 873872 895636 1037456
10.9 873872 895636 1037456
10.9 873872 895636 1037456
10.9 873872 895636 1037456
10.9 873872 895636 1037456
10.9 873872 895636 1037456
10.9 873872 895636 1037456
10.9 873872 895636 1037456
10.9 873872 895636 1037456
10.9 873872 895636 1037456
10.9 873872 895636 1037456
10.9 873872 895636 1037456
10.9 873872 895636 1037456
10.9 873872 895636 1037456
10.9 873872 895636 1037456
10.9 873872 895636 1037456
10.9 873872 895636 1037456
10.9 873872 895636 1037456
10.9 873872 895636 1037456
10.9 873872 895636 1037456
10.9 873872 895636 1037456
10.9 873872 895636 1037456
10.9 873872 895636 1037456
10.9 873872 895636 1037456
10.9 873872 895636 1037456
10.9 873872 895636 1037456
10.9 873872 895636 1037456
10.9 873872 895636 1037456
10.9 873872 895636 1037456
10.9 873872 895636 1037456
10.9 873872 895636 1037456
10.9 873872 895636 1037456
10.9 873872 895636 1037456
10.9 873872 895636 1037456
10.9 873872 895636 1037456
10.9 873872 895636 1037456
10.9 873872 895636 1037456
10.9 873872 895636 1037456
10.9 873872 895636 1037456
10.9 873872 895636 1037456
10.9 873872 895636 1037456
10.9 873872 895636 1037456
10.9 873872 895636 1037456
10.9 873872 895636 1037456
10.9 873872 895636 1037456
10.9 873872 895636 1037456
10.9 873872 895636 1037456
10.9 873872 895636 1037456
10.9 873872 895636 1037456
10.9 873872 895636 1037456
10.9 873872 895636 1037456
10.9 873872 895636 1037456
10.9 873872 895636 1037456
10.9 873872 895636 1037456
10.9 873872 895636 1037456
10.9 873872 895636 1037456
10.9 873872 895636 1037456
10.9 873872 895636 1037456
10.9 873872 895636 1037456
10.9 873872 895636 1037456
10.9 873872 895636 1037456
10.9 873872 895636 1037456
10.9 873872 895636 1037456
10.9 873872 895636 1037456
10.9 873872 895636 1037456
10.9 873872 895636 1037456
10.9 873872 895636 1037456
10.9 873872 895636 1037456
10.9 873872 895636 1037456
10.9 873872 895636 1037456
10.9 873872 895636 1037456
10.9 873872 895636 1037456
10.9 873872 895636 1037456
10.9 873872 895636 1037456
10.9 873872 895636 1037456
10.9 873872 895636 1037456
10.9 873872 895636 1037456
10.9 873872 895636 1037456
10.9 873872 895636 1037456
10.9 873872 895636 1037456
10.9 873872 895636 1037456
10.9 873872 895636 1037456
10.9 873872 895636 1037456
10.9 873872 895636 1037456
10.9 873872 895636 1037456
10.9 873872 895636 1037456
10.9 873872 895636 1037456
10.9 873872 895636 1037456
10.9 873872 895636 1037456
10.9 873872 895636 1037456
10.9 873872 895636 1037456
10.9 873872 895636 1037456
10.9 873872 895636 1037456
10.9 873872 895636 1037456
10.9 873872 895636 1037456
10.9 873872 895636 1037456
10.9 873872 895636 1037456
10.9 873872 895636 1037456
10.9 873872 895636 1037456
10.9 873872 895636 1037456
10.9 873872 895636 1037456
10.9 873872 895636 1037456
10.9 873872 895636 1037456
10.9 873872 895636 1037456
10.9 873872 895636 1037456
10.9 873872 895636 1037456
10.9 873872 895636 1037456
10.9 873872 895636 1037456
10.9 873872 895636 1037456
10.9 873872 895636 1037456
10.9 873872 895636 1037456
10.9 873872 895636 1037456
10.9 873872 895636 1037456
10.9 873872 895636 1037456
10.9 873872 895636 1037456
10.9 873872 895636 1037456
10.9 873872 895636 1037456
10.9 873872 895636 1037456
10.9 873872 895636 1037456
10.9 873872 895636 1037456
10.9 873872 895636 1037456
10.9 873872 895636 1037456
10.9 873872 895636 1037456
10.9 873872 895636 1037456
10.9 873872 895636 1037456
10.9 873872 895636 1037456
10.9 873872 895636 1037456
10.9 873872 895636 1037456
10.9 873872 895636 1037456
10.9 873872 895636 1037456
10.9 873872 895636 1037456
10.9 873872 895636 1037456
10.9 873872 895636 1037456
10.9 873872 895636 1037456
10.9 873872 895636 1037456
10.9 873872 895636 1037456
10.9 873872 895636 1037456
10.9 873872 895636 1037456
10.9 873872 895636 1037456
10.9 873872 895636 1037456
10.9 873872 895636 1037456
10.9 873872 895636 1037456
10.9 873872 895636 1037456
10.9 873872 895636 1037456
10.9 873872 895636 1037456
10.9 873872 895636 1037456
10.9 873872 895636 1037456
10.9 873872 895636 1037456
10.9 873872 895636 1037456
10.9 873872 895636 1037456
10.9 873872 895636 1037456
10.9 873872 895636 1037456
10.9 873872 895636 1037456
10.9 873872 895636 1037456
10.9 873872 895636 1037456
10.9 873872 895636 1037456
10.9 873872 895636 1037456
10.9 873872 895636 1037456
10.9 873872 895636 1037456
10.9 873872 895636 1037456
10.9 873872 895636 1037456
10.9 873872 895636 1037456
10.9 873872 895636 1037456
10.9 873872 895636 1037456
10.9 873872 895636 1037456
10.9 873872 895636 1037456
10.9 873872 895636 1037456
10.9 873872 895636 1037456
10.9 873872 895636 1037456
10.9 873872 895636 1037456
10.9 873872 895636 1037456
10.9 873872 895636 1037456
10.9 873872 895636 1037456
10.9 873872 895636 1037456
10.9 873872 895636 1037456
10.9 873872 895636 1037456
10.9 873872 895636 1037456
10.9 873872 895636 1037456
10.9 873872 895636 1037456
10.9 873872 895636 1037456
10.9 873872 895636 1037456
10.9 873872 895636 1037456
10.9 873872 895636 1037456
10.9 873872 895636 1037456
10.9 873872 895636 1037456
10.9 873872 895636 1037456
10.9 873872 895636 1037456
10.9 873872 895636 1037456
10.9 873872 895636 1037456
10.9 873872 895636 1037456
10.9 873872 895636 1037456
10.9 873872 895636 1037456
10.9 873872 895636 1037456
10.9 873872 895636 1037456
10.9 873872 895636 1037456
10.9 873872 895636 1037456
10.9 873872 895636 1037456
10.9 873872 895636 1037456
10.9 873872 895636 1037456
10.9 873872 895636 1037456
10.9 873872 895636 1037456
10.9 873872 895636 1037456
10.9 873872 895636 1037456
10.9 873872 895636 1037456
10.9 873872 895636 1037456
10.9 873872 895636 1037456
10.9 873872 895636 1037456
10.9 873872 895636 1037456
10.9 873872 895636 1037456
10.9 873872 895636 1037456
10.9 873872 895636 1037456
10.9 873872 895636 1037456
10.9 873872 895636 1037456
10.9 873872 895636 1037456
10.9 873872 895636 1037456
10.9 873872 895636 1037456
10.9 873872 895636 1037456
10.9 873872 895636 1037456
10.9 873872 895636 1037456
10.9 873872 895636 1037456
10.9 873872 895636 1037456
10.9 873872 895636 1037456
10.9 873872 895636 1037456
10.9 873872 895636 1037456
10.9 873872 895636 1037456
10.9 873872 895636 1037456
10.9 873872 895636 1037456
10.9 873872 895636 1037456
10.9 873872 895636 1037456
10.9 873872 895636 1037456
10.9 873872 895636 1037456
10.9 873872 895636 1037456
10.9 873872 895636 1037456
10.9 873872 895636 1037456
10.9 873872 895636 1037456
10.9 873872 895636 1037456
10.9 873872 895636 1037456
10.9 873872 895636 1037456
10.9 873872 895636 1037456
10.9 873872 895636 1037456
10.9 873872 895636 1037456
10.9 873872 895636 1037456
10.9 873872 895636 1037456
10.9 873872 895636 1037456
10.9 873872 895636 1037456
10.9 873872 895636 1037456
10.9 873872 895636 1037456
10.9 873872 895636 1037456
10.9 873872 895636 1037456
 5.4 438784 605500 747320
 3.6 293716 315364 457184
 0.8 71064 170296 312116
