67089
5529608
855507
4547812
1604582
5260519
6976865
9926883
2983868
9818261
429023
7694611
2740999
9465157
1159884
6485781
5644743
9400866
2189835
4791686
3561960
7502505
439196
4886952
1755112
9803048
6326518
9931202
4134255
9932474
5991586
8784900
87448
9925253
2870446
7518621
5683369
8926592
5279376
9128451
1724332
5130716
2005106
9570321
1778547
8803604
85461
4123634
392904
8293746
1824691
5300623
4892333
9024857
5542872
8957601
480137
8917222
246039
5114112
5872123
7261293
699729
9071282
2563378
6740193
1421021
6307833
4564475
7233629
250058
6366036
2503033
9484687
997346
9861487
1498306
9359510
3495082
5050290
4408619
9754133
690189
9990419
55818
8855398
3936531
6161659
2314175
6937106
4903148
9534941
48213
5780659
366668
1403146
1412616
8175497
2258898
9600703
1723792
7729976
6496841
9843941
166027
4927978
887534
9103507
3776036
8688057
5700422
9192591
2382582
9394899
1799547
8330894
5178294
7369323
232158
8629129
288204
2366876
6356552
8019491
5189451
9867847
3895010
9478849
1819437
7095797
682984
7570434
1155798
7728200
993549
7746968
143885
8931205
1603506
7680419
2362044
9444088
1662639
8331643
1403540
9778435
614436
8699947
3092287
9865066
2057050
9373585
342413
8025247
361483
9186803
3488261
8287272
7759126
8280595
1021608
9994069
173401
4093770
3136757
9472925
1322710
8268820
1811123
5229225
1184340
6784555
4469223
5070518
186022
9852403
1280903
9104166
2826498
9001353
573003
3426488
5575168
9324945
7422154
9259441
728823
9897199
4587265
7243893
570866
9600395
1330292
9447836
6383712
9849174
2146361
9852354
2070255
8264902
2942081
7844185
3325856
9302213
1339871
6347205
1205403
9864419
1022728
5065188
2438994
8940822
684999
3339551
3169767
7985864
2693474
6024585
2354353
9926832
109522
9826411
1452699
8883395
58990
6957778
157808
6929937
1033936
8239588
204978
4453470
3187611
9929565
53541
9851822
1225627
9041440
1455448
8929696
518540
5588205
1930753
6469670
1696814
6376731
1452267
6583407
3218928
8147733
6221543
9863582
4593131
9507899
2927642
9448676
6895360
9752094
421140
8824089
3431340
9876993
1705707
9065258
2943898
9519412
367754
7582871
3706978
6520620
4101419
9380279
2421958
7457280
4310109
9701474
592335
9115546
1700002
6217092
7161233
9827617
5944578
7834741
6437930
8561066
593990
4930099
5237922
7875492
520948
6853559
1377319
2895625
4692016
9445735
1698180
3281786
7982169
9272475
210969
6767870
5614638
9509281
64614
4979604
3106943
9900309
5902213
7735559
1835681
5601425
5352713
9882125
3138483
4907680
1694619
8613574
864231
7914077
1128266
6562068
2317172
7144375
282700
6816927
1319879
8845877
619578
3151961
7492145
9231370
115258
2495727
4625931
7970475
5124648
8235401
5387625
9210492
3672885
7921895
3200247
7457999
1099336
1945594
2026250
6501978
2938687
9373085
3011744
9193516
6308847
8975981
5448505
7358742
6075567
8876692
2635009
6786562
1569828
6585167
375656
5533040
2574333
5780048
835227
3657923
526237
8661578
1252751
7333031
1009670
8395991
360422
3774261
168330
9334910
6266136
8539508
7338689
8826527
51990
4497970
5730850
8610793
1162012
7654799
2605137
8251214
2118503
8564255
5285073
8880559
1416911
7167495
34795
6790655
327727
8755555
608686
3531289
1216283
9714584
1384628
3550514
3924297
9455839
1944873
9812986
433441
6612462
1060188
9529098
1189932
8603071
1637912
4834901
317899
8015971
2558485
7932005
6632333
9280944
851871
4751780
7534537
9671352
792004
9816386
6221542
7473001
4434732
9632726
6999505
8492636
3757286
9068431
401942
7434218
1117493
8320312
50325
8191206
97734
2315006
500746
4299014
647679
9799344
2083466
9768550
5950199
9786844
3664017
9977329
754493
5782841
1685923
7204268
519635
5475386
120030
8791994
1349374
8662402
1014816
6822091
1910182
8934953
2377465
5655714
1839811
6101050
9193648
9863034
2115714
9869798
4406744
6619995
6731652
9721780
4545799
8897728
5001648
9264282
4441771
8884431
2188507
6954112
1288514
3257353
2015575
9488607
2771946
6665059
141873
4434157
4989173
9324996
1210245
7599083
1289704
8217894
3135414
8204518
869620
3978632
1306206
4048330
835812
6941227
1915984
9254170
338352
4382661
2429053
2460911
1589588
4894177
7793679
8370871
2460205
9513994
412438
9135079
80361
4229226
144822
3134670
643174
5913454
1077037
6950741
14493
8978055
3757999
9750023
508573
8117038
1676237
6081745
937221
6684833
1228824
8669791
52823
9622497
4724371
6766516
4065107
8824740
325304
7810017
1011338
9860421
5257624
7722814
6644325
9517239
1632422
8970666
113212
8394958
4901418
9629612
183371
9583802
4795309
7634213
417089
2915620
532236
2874383
2832451
7326367
1415772
8725013
3182304
9956719
1005664
7118858
999998
4635123
2333856
5655572
7501979
9385349
2533705
6944155
202855
991311
5059491
9096191
1119918
2726719
398545
7177802
1009936
9754635
2442007
8235365
6349941
8934702
6454947
9984055
1323653
9758831
2675565
9982428
2272982
8462881
3623531
7445006
897045
9242933
2472571
7097392
644095
6492724
5738992
8845111
7442276
9786299
514848
6309545
2442388
4623767
4618555
9132308
2981844
8907343
7291663
7880403
5080842
9984653
1768720
3433423
1282690
7641627
8495469
9994469
1023898
6965101
856877
3254515
863940
5185545
3876858
6059425
1945005
7638057
546146
7686157
4334762
6282228
4308753
9831136
7635041
9298913
4453515
9759964
3376578
8643230
949917
9949405
955472
8634618
5245378
8126731
239654
1418575
2765571
6991318
463429
7310518
1247206
5136851
191370
6443716
824729
9925931
3924939
8256240
4519673
6827984
546947
9239189
1683405
7879879
386816
4287870
3188924
8433380
4365152
8891215
2174588
8595176
1045358
5603426
794376
5912681
2242766
9283629
7084347
9999232
4011254
9516508
3554121
9310907
5280847
7407804
2152548
6172996
115294
9118492
790341
1707652
7065816
9114516
3209054
4712040
912663
9753244
101076
2825650
262921
973143
25066
2075116
8983025
9954787
3747340
9994084
395388
8817316
5733129
6464882
1396810
6869368
5177004
7564976
4758681
9520708
426264
3907688
68054
7006060
8464745
8858471
2641540
9402528
5539
4208140
384707
7533576
639305
4729097
2040292
9705415
5224521
8997899
2912415
9421307
3746048
8432524
448798
3261876
543728
2008927
1320652
2992475
4581625
9928737
212755
1962341
923788
7952393
797927
9553530
4336729
9994549
2757074
9939207
1083939
7638628
1597229
6940625
1069987
8589985
605963
8271738
394851
9394861
667590
7215759
890129
8801714
2243574
7673276
3550662
9783531
1021793
1463000
1793527
8614257
69488
9395266
822477
2763817
855487
4332562
305684
2032098
124968
4818953
2864259
9738421
2710147
8371937
6310952
7602919
490665
1963416
2594630
8137906
9265790
9809360
2731681
8827944
3624487
9409896
1657366
2865142
630666
9921349
586424
6284838
1277961
3797307
1731554
9925234
2599235
5121389
3238283
7699359
5020893
7817729
2871659
8497026
1190521
6424494
437493
1247586
1801050
7759473
1162957
8612949
4248580
8411802
2302794
7707531
164120
7286221
3311183
6761060
4716117
9660355
2377009
7751029
1332429
9232393
921636
1813244
1413060
6203363
337667
7734447
145414
5592830
1227610
4943540
136195
9873025
1874357
7687411
1651769
7114256
5869558
9915527
3834171
8148023
5477176
8946425
1079826
7206370
3254431
7787266
4091630
7778363
250310
2741854
1740608
7381800
1890404
9298242
1519897
7428572
1685206
2699978
431803
8307804
1475787
6337948
600446
2444952
1606238
9771714
2368340
9326356
4662820
8663164
3256601
4693488
2169013
8857747
4930281
9989308
173422
2146480
1486661
8909357
4969273
9704415
654403
6152041
844911
6526859
4995678
9911364
2647910
7181919
1853140
9942907
336
9468404
506519
6719228
2459257
8905547
3460791
9536549
1559654
5523872
979623
9166965
522346
8905931
1784075
7434176
1130418
8322951
580813
8877135
1259256
3617323
4450495
6884922
1077342
9996560
4697753
6698372
4436505
9117847
4272043
6976700
3988910
7385929
523648
8394376
4203496
5044796
1795718
9669768
5492927
9922543
1934794
9636072
1685437
4452612
2214022
9085600
991140
8896312
336025
9866439
105708
3588522
263905
7763301
1619174
8279093
922093
3220955
27459
4251482
2747
1408214
1068948
7698655
497273
6807214
1975070
8326296
542590
9869954
464130
9273050
7338150
9496561
3707506
7910100
3697353
8042333
2957908
9512442
373924
9988492
909927
5267497
3332682
8623461
1138661
7019690
7964796
9405592
4834896
9112242
1261418
9809958
995958
4783864
3113653
6535495
35945
3059546
138555
2999289
1137620
8906078
364385
8423924
371481
6707116
7349977
9787793
112977
8148193
2057543
9858030
1420473
9042962
306756
7762450
3842130
9960616
1840306
3946370
1596002
3797938
4819526
9396959
2688570
8376054
3178126
5610780
1236886
9333211
3800723
8512959
127472
1585093
1028602
3469393
616193
9486067
1306202
9325348
4164314
8787538
111725
5324057
5518426
9866362
3315899
8381283
2070051
9940196
129923
7741687
326003
7876732
271924
8189388
1130484
6506270
2234691
8005017
2884027
7245574
2859905
8031626
3437420
9976215
4832220
5821247
1422612
4677858
263424
4794706
441913
6679813
3648369
5185912
580934
1437543
198360
8834326
114679
5623103
509751
3297585
5077509
9628465
3891581
7881884
67520
9460073
641430
4399042
3832122
9508183
213349
7432877
5310512
9110886
3963920
6916149
1620083
5317587
876406
3241813
1952464
9732180
4182732
8056545
5206375
7256643
8137828
9987330
912783
6182990
4049579
9778423
4875196
9995914
2202697
6862407
6926984
9039415
297362
2887225
1341295
4897866
3282479
4005963
791751
3855075
267164
6746264
221368
8070601
2442526
9773135
1071089
2584045
5932823
6354253
4849260
5892673
2148521
9340676
3804248
9974177
1058320
9799960
1992941
9006651
1640417
7366127
3132701
5665666
1104060
9246425
339421
9217329
4394608
8849679
4344666
7181374
1097148
8331483
3030468
7927052
2802080
8744577
4073835
8639244
660388
8868281
4704638
9798094
1288402
6533039
6624386
9364227
1760856
8722474
2724988
4623141
5354819
8477258
288943
9609635
5773493
8694879
6214683
8619809
4692000
9147436
4670220
8590231
1997573
8064653
1616867
3065441
4516341
9437013
502042
6350024
8318652
9971224
904045
7678960
5278745
7212605
4325593
6268583
7485984
9752893
3800250
9905040
101824
5385446
5300334
7670460
164157
5445089
6175830
6768135
1839290
6593246
2994996
9844409
2726502
7829004
2902037
5360734
2461612
3957017
4477776
9729384
3439476
8039626
3256970
3736433
844708
8161731
1468864
6947320
2813624
9584376
1707748
4974452
1768733
9644677
191554
2715530
384490
7373018
2275887
7463089
1555023
4823418
473492
9351637
1808515
6779430
1610384
7098658
5418682
9197759
515246
6865522
3211974
6890345
5369820
8585969
4206120
7547268
121875
8546912
181691
2925793
2932787
8017717
5931630
7501297
755344
5969146
6960468
9811998
3838639
8503352
761861
4888718
986484
9958745
1220653
5574840
290696
7788487
591564
9981468
2079451
9052386
578952
7770392
3387081
9284731
770295
4975601
6363094
9427450
6367604
9818446
2084850
4960527
1454402
8308300
1877050
2971512
662492
9722054
1125220
8118518
1176590
2640341
425326
5177195
1246862
4178535
3470214
8947608
1560488
9850595
1440906
6422552
772905
7984778
2529384
9627190
504266
5754205
3992769
9605782
1065991
6240709
907863
5528461
1488467
9544054
6929634
9952670
3025689
9800349
5384786
9797531
3659801
8708460
4093087
8784804
3846995
7974907
104085
5791373
6907828
9316541
323513
9056113
1959860
6189069
1736490
8941552
3662330
9332359
480809
8935454
4352054
9245856
1137188
2013326
163477
5204154
353199
5976440
7853201
9179878
7771664
9420624
3732396
8772604
385478
4865892
763522
7876556
2251438
9987229
1330992
8695590
430650
5880381
4828268
6066305
4948396
6870651
1644116
7262964
5530253
6357567
1042129
8864750
6578754
9935089
6104186
9895860
3481572
6553392
1163119
4393501
5194458
8990113
27763
9672350
176582
7418817
3897567
9767097
2904298
7658932
4022100
6621888
1053033
7655368
4946314
9926109
4560835
9761789
6259742
9774087
956704
9360227
1135450
9115059
6491356
7856452
2085016
9249762
1545793
9357661
4808785
9217930
1856513
7350979
3142803
9104111
934016
8475487
2724454
6169002
3641937
7848321
7005700
7975032
670578
4071569
1960958
9273351
2348789
9555519
3311393
5462610
96172
4853873
145477
8204222
1723268
2242921
3387329
9409107
830626
7548392
4770481
7676334
1368429
7100337
3508097
9225810
2858238
7841377
4506723
9245539
368017
5140498
2914534
8670974
2740477
8187827
126686
5032175
771159
9425071
686923
2756093
742353
5725507
1756094
5454259
1961563
6856682
4848959
8677425
3470638
6391497
3583492
6812680
337500
9994965
634711
9917552
5094750
9040912
3159318
9456077
4090237
9882636
1294135
8872239
1785367
2748466
587403
5931074
546983
9653153
2536366
8333145
1896149
9511210
1169244
5570842
1132629
4205274
1851547
8253968
5808224
9586853
110817
6993035
7058759
8889690
3253124
9792493
5106463
9023354
182799
7452918
2091134
5305578
3394734
8208580
6332267
8893444
3557315
8235652
1660128
4986716
200693
5838149
882103
5017893
3453898
9669169
163735
4901574
2509747
6940432
6923560
9335446
727291
2747687
7221783
9811864
2711395
8198794
133508
9505674
4796784
9955753
1919769
6506869
785219
5327483
1846074
9998187
8828455
9970034
205072
8279663
3082066
7983046
1234485
6182757
1009064
8369552
1254329
7176045
3442378
9548111
1554641
7904970
1221612
6722917
385357
1951992
1780380
8893077
3891039
8698138
4716710
9784471
3935325
9552886
5393571
8779743
1939564
7331867
4311358
8549673
1858621
8091116
428273
9991602
2505828
9497145
1119904
6280816
2841
1173889
1135486
3575013
4697133
9895891
1035466
8518051
4880404
9451734
4442378
8476334
1763341
8546964
4461077
8266381
285597
7259288
6930345
9702565
4132145
7342315
1133336
8764876
4187530
7744640
973116
8783985
79124
7012462
2025575
3650360
1606922
6035390
857123
9834343
1348753
9870804
691394
9273820
2292044
5757413
94540
7721992
2290042
9018771
1554651
7830775
6987593
9188108
6361918
9531411
1920132
7563751
571925
3503374
253214
9839697
1482633
9471246
4147221
8206478
3118484
7169943
1958749
7186693
4346185
9666548
1926320
8934345
1864834
8864396
661190
7600965
3774382
9689295
4150051
8911824
3296717
8163426
4639077
9739325
5221284
9334959
3237150
9655809
438887
8960131
1136823
6509974
4593698
7361291
6490628
9110769
5703486
8994904
44353
4595228
5161923
9462506
5265233
9566993
513311
7932311
6425365
9705143
84308
4325332
2579339
6581210
4412444
8791158
3586110
7903407
1435047
9723790
133737
9752876
445452
5934304
1964678
6393833
8702320
9875737
1911990
4014838
771991
6275815
3596443
9784174
1303305
9641313
306025
8753279
156010
8131705
2855863
7584092
3036709
8546397
714590
5722551
1355327
2711207
4315500
5732666
1542730
8689009
1524119
1927367
5122372
5805983
3926348
9795889
1626490
9877023
2518259
6823338
719914
9338049
2580875
8225044
522067
4428644
154533
5465831
2944045
9956273
984550
7211530
143540
1817951
3531000
7488665
4385795
8376729
2587772
9257557
7452822
9896173
2000148
4633449
8601388
9693707
3992972
8874245
2168170
6416403
243194
7087888
95689
1157209
1925379
9178453
3059137
4919412
188115
8487127
5488854
8960216
3620360
9712639
5439417
9376432
1873353
4207527
529705
2675988
3225322
9989886
2806110
9327022
812933
4927550
6517
138882
5694537
8799419
3556594
6972081
1113497
2877624
143755
9000652
515797
5152059
515333
1040627
4160710
9825980
179031
3474228
932147
5769240
750820
4141970
2615860
4793384
821978
4186288
3151803
6927597
2198293
7431036
1029405
8869744
3475597
6869683
282702
3940726
3230978
8232524
4806163
9690321
1833027
7423316
826292
1894582
2432003
4806729
1277892
8028838
2581522
9435839
1200015
5559565
514247
9740702
476651
1930578
7493888
9321920
8952782
9937225
27746
7532798
497459
7662565
376735
4223794
5509674
6615989
447703
7411501
690858
3081501
3783410
8638080
1864788
4751601
4081983
6991472
6547685
8321090
1260685
5686822
1277134
9097069
4871950
9566121
3194230
9942616
245783
9702314
5960066
8977196
6999043
9886400
7881539
8174793
3583608
6942352
11796
7387947
537698
5108606
3005
8186328
5615932
8039089
1973723
8050566
1500002
2207934
401723
5331077
4425773
9610949
1528622
6096860
1939909
8396921
6230896
8346269
1278760
8116056
6773122
9147319
198610
9614917
154727
6590111
2274506
9989353
3944958
9381740
1475961
9826392
353970
2173774
4897422
8461142
6339245
9104431
104626
8485039
9783731
9945089
3640170
7042261
6434346
8537900
96857
4685426
1681368
8792119
1350871
8423463
1168713
9857238
2945458
6226289
6282006
7697391
267762
9930367
3379428
9330569
2020304
6362622
125589
3449747
1296635
3902811
3912824
6502034
1216206
5916526
812
5886825
8253612
9221078
4912436
7863817
3447039
8423285
3641316
9344554
1872006
8796772
7792691
9557367
584133
9317469
3116242
8209530
655849
7648060
6594355
9103371
858554
8370636
2772918
7374726
3351327
8988538
559201
9534239
5744088
9295728
3024011
4677560
4003308
8684184
7703301
9719740
1593080
6792491
946492
9648065
3836799
6861851
6120324
8940255
2228999
8630712
2918363
7883644
1701921
9908915
2509741
4927883
3868900
8856386
1056964
7403147
109227
9763738
4257344
9022155
857347
4717447
441891
9918102
1583785
9657257
3116161
9573366
69107
2005183
3045939
9615922
1488384
8616392
441187
6805349
2767484
6637710
5214333
9744537
274899
8840509
3279607
8082614
1043945
3547705
231740
3691554
164083
5000964
513916
5441276
1868273
9996028
4648649
5231418
2911713
9553968
3459511
8619878
642403
8163868
454462
2314238
2006654
8002596
1468712
3054020
1468667
9615125
2628736
9176949
1507708
9606793
1366815
4727973
4907422
9626065
31108
7387771
4485122
8340528
506296
7741747
4941515
7785049
378969
3684604
5531847
9915835
53204
6725397
8511670
9112826
1888332
3182616
1174802
9758209
3282216
9692778
492473
7264513
93718
889777
2403143
5834950
908824
9749923
1461170
5854511
2616533
8255560
4650622
8229512
5522751
8477940
658457
1341191
4065784
4567755
1562196
7245041
4460559
9395613
1681267
9672692
1235607
8718594
4980029
9933833
7791889
8661676
2103439
7886113
4270916
7804794
478216
1959487
4811621
9555751
1514898
5476182
426249
9387345
47321
9997909
2844006
6187821
4000716
9830838
213113
9162164
5261891
8213025
1856384
6347278
7670395
9658716
881161
7383192
1323670
9873454
2998257
8593490
754938
3153718
565243
9157759
1879108
7662696
1018150
7564536
4566308
8322387
2922138
9593857
170200
9279755
353711
7829679
4386072
7435942
2592586
7742626
1633499
7721461
2403512
8481282
3692072
9456037
2837226
5726696
1627546
7286378
1424863
4442470
2942599
8217722
1577649
6444836
589096
5244555
2980331
4985963
5064191
9115493
1049282
5846874
5768130
7384350
2701893
8712023
4243959
9780570
1925295
5964360
191189
2861828
1259394
7571047
4884496
7159265
104203
8552933
2519001
7388091
3287107
7463440
2379336
9049729
1378017
9853384
6624800
9611583
5274605
7066925
2639093
7374926
4331559
9726647
4610283
8392451
3575911
7667619
8658820
9919762
2540858
6406059
147881
3749014
314984
2733908
2004246
5262771
2437921
5512252
4026104
9172955
4237917
9862173
2393643
8866622
2895901
6097412
924947
4543384
955836
6611013
1613147
6972865
2017111
9878700
542748
7473913
2854945
7575925
124094
304148
459603
7633298
400269
8425983
4061619
9824598
2694896
6732477
495707
2098505
2775621
8811463
1937168
9419822
7975963
8639083
3804711
6757749
186088
3498708
5323694
8569346
284175
5198050
2132137
9293627
78143
7780112
3732259
9476133
5099717
8296141
216149
3134836
3276258
9325223
5154529
9952394
2623257
8837423
1503065
8594796
3609185
9761256
1725528
8045574
586306
6302342
2565682
3457398
3634988
7318174
925010
8138900
2435784
9374352
1809911
3552408
3724912
5645171
732696
7810194
511827
1485184
2993104
5224792
575277
8542581
3077219
4880660
609584
9530274
746085
7161147
6267403
8550535
101872
6331699
4757380
9885744
2423525
8550453
2016859
8005307
3030165
9262959
426623
9792454
5296076
7697151
1338251
5389275
143906
4409638
1445461
5192807
1336843
9850331
7279702
9978740
3653470
7912112
3641892
9677225
2578020
8568623
1887798
9698371
2871955
9834099
732053
4845430
5605489
9625707
4262725
9751975
1773571
8091287
992035
7075383
3553908
8601155
5365865
7701025
1871773
5171805
113060
7240452
390418
8939405
352999
9404535
121015
1638547
6853108
7680489
4551448
9400970
744035
4562752
575926
9235309
1175197
7763210
2829444
6766928
159035
2909666
2829287
9303385
1010548
2788757
98921
3524083
19166
7610141
234235
3464131
5951424
7541680
706600
7378496
1587238
6209218
1590599
9205295
3444300
9941048
1025832
9274408
5360157
9451390
2689883
7609206
2911887
7935495
489520
4020701
110751
3262702
1653393
7948702
624753
9551021
5991785
9141303
52190
3022882
2144861
7354623
119152
9628132
4231813
7855374
981039
6281394
6482208
9011945
5012621
9431225
3889421
7002664
1141080
6326854
1598107
6804760
2779877
6664900
575303
8434804
2007342
8715995
237327
7242219
605689
6702312
577315
7952623
731348
8624847
862151
7038916
3234868
5701070
4422487
9485535
2370965
8711749
931497
7698782
7982309
9911179
1499827
5371491
2196098
4727238
5768065
8752314
1827232
2527682
1953327
8622017
96898
8646365
3811503
8675130
406345
1497455
1825261
3693921
2262041
8106908
354348
9738537
1723627
9657245
4606565
8762034
505049
8785442
5938399
9784949
5496449
9670327
2921946
9617954
4152178
9932439
2001772
9423321
1496312
6750625
3965457
8894317
3297398
7853159
1423453
9841817
477739
9447843
5088311
9172574
753940
5860953
3543376
8022693
1478951
9057392
624602
7826302
3934068
9908635
3411415
9822954
3828791
8764252
1557656
6320481
649176
9014442
59469
8152503
3896110
9721582
3644617
9136715
3240411
6497735
4521458
7637647
5180948
9928923
2274614
8240096
4292406
8299483
2242139
9602584
223793
8963025
564718
7159404
3021351
8605369
1002007
8297431
746585
3467905
456534
9696928
155276
5288206
1993358
6990771
1044422
5104196
2538053
9098275
982602
5939998
8515035
9193230
4819790
7749020
345576
3567351
668392
9357706
6223905
9166002
441069
5623778
4416460
9635737
5822990
9075780
5230183
9904255
5738387
9519221
6173052
9942898
208953
4870510
1466083
9214544
8151363
9712495
762513
6568733
184721
4951306
1874028
5852241
1131924
4388507
1799341
8523909
1063221
7300176
458340
7766442
890678
8360700
1335745
7018837
1467739
9586051
2714411
8279588
5145603
9272728
1748459
7548419
1498065
7615524
894402
8886097
4485818
8573474
7476127
9399720
3206992
6127756
588762
8855547
6421826
8917324
635751
8549914
2795502
9991938
3495345
8781976
1372233
6179125
2107838
3759280
2035437
6466624
819083
6998292
2931150
6916348
141260
9224141
1603971
7680791
2596023
8721685
2168225
7223249
228657
9282925
2790637
8156173
508429
8592731
254224
9170839
1251867
4856439
226039
5426976
281635
9805207
207029
8464391
4301658
6103867
2205060
9964004
6153320
9991073
4665512
8163282
247164
9242482
1733639
8334587
5068601
8135251
1109113
2810675
4521843
7718144
670148
9801687
410337
3892963
218067
9771015
404729
9538516
1729518
6934937
2050925
9892416
34864
2858881
8277431
9441474
3791542
6771723
2014509
3144178
566336
9522567
7531993
9489854
928730
2632671
1508866
9978107
973635
5715141
2216359
7182305
4239014
8589970
1602543
9341003
708561
8940910
359683
8775725
1108877
2940065
3824
6934193
5739899
9680452
1230848
8493955
6707003
7614458
823374
4882467
760133
4420393
1691718
4409441
4588668
7038835
2105788
8118673
646246
6807639
2124037
9586445
474281
7974292
365987
9808961
668613
8994351
741212
8548594
1662456
4122055
2365941
9140391
150383
9340781
979139
9736089
4936454
7016014
1672858
9754047
3268970
8948636
2800087
9034897
4776060
9809943
6443299
8986920
235871
8453551
4898481
8541289
554060
4923707
4795271
7669249
7532303
9947747
6886885
9048828
508199
9823361
1836225
8742496
1426405
8506577
953716
7262424
6139218
9206718
5126129
9221655
3676843
6491134
1628932
9858192
139812
9276440
2428045
7837960
843355
2831008
8986984
9999033
9061098
9958082
937138
7603225
2022558
7442390
6316930
9879240
6006234
8615922
5318476
9583935
4677479
9608632
1009554
9815756
2358471
6482353
3900186
9339132
23631
8893874
3403730
9419024
946626
9980572
1153062
8570054
899763
8880997
109070
7273725
235363
9085034
8306060
9113874
4702708
9013587
422949
2271419
358087
7295056
4562005
6997056
12670
7256451
96720
977726
359761
4961650
4442022
7919285
2528368
8110835
7389846
9008790
7376844
9643878
46367
4545662
2246362
9443594
5530775
9591712
723347
8756942
148305
8514261
373534
8979484
1730485
6142228
3985043
9755820
477880
8418814
5747493
9628433
3167265
7825151
1686675
7117198
5160867
9803260
4200991
9144014
4573151
8109400
252258
3129706
1158787
6357488
2872197
8677301
1866264
6132393
8273096
9248416
1139268
5288082
3794363
7098232
3319286
8093348
5325425
7894909
270316
7109638
1254087
4925990
868957
8371687
3371511
9785985
1388956
8529091
1187258
8613265
722194
2847964
835814
9074422
2111751
6400707
6272241
9579331
1783408
7894542
8330718
9521545
3710019
8700863
1891566
8106459
904429
8847149
1745600
7264284
352879
7362442
2603363
8820719
231159
9581842
312252
1025985
3936675
9538392
918279
7628743
2250281
3009360
156101
4701784
298311
5692638
570480
5211929
304934
1816203
123332
9221962
2423818
7763236
1535083
5029579
3441190
6104678
3291137
9719382
249984
4002523
3262535
8448576
1391972
7397511
1812018
8215327
1021824
6728784
4503786
9854398
3179631
4591688
4338699
5414451
2561135
6009837
1740357
8237004
1901065
8838360
320974
6299295
78062
8522618
454749
2600135
3994858
9849603
3797909
8017417
67394
5446023
274499
5073775
3797604
5331957
9782985
9952332
264740
4216588
2641455
6228882
11405
6580350
6914526
8331164
7396075
9767674
28147
6024142
27620
856672
2463958
6959281
2866403
9809651
242467
3883431
829176
6054123
2186646
7795100
3266310
9839521
2317805
6540670
596337
8202486
256607
1725506
1424617
9517606
3649343
9246169
1282957
5198489
1490419
7732611
595161
8982084
223998
3305777
2369555
9966181
3165525
4526452
73988
9856107
254647
7462530
4903994
9017932
1455869
9769332
137442
6653035
402045
4299297
575579
9070286
435383
6390367
3244932
8958117
5539245
9275783
232161
9278696
699796
1472668
3188924
8832600
208148
7636674
1215550
6278496
742225
8273117
6422978
9900170
6551587
7624771
1260813
7091844
2794366
9894537
1512635
9641173
534813
8992756
949463
5611233
833555
4157404
1052572
9638281
899244
9246022
1933042
9748027
4084214
9452760
1503889
9769360
384549
7312048
934961
3913898
1328094
3784328
5392788
7769263
2872310
9443889
151554
9063436
1304995
9589453
150407
6577454
2918373
9230945
162305
9009993
2893837
9814838
1925221
5750311
3191838
5862745
7558050
9563435
1389922
2689917
2555142
9191222
2105973
9860525
69639
7334956
1370679
8939518
297170
7120760
480863
8761313
7802777
9841678
1044235
9041009
4602123
8963177
3279101
6730447
328438
8439138
2645039
8688318
1597305
9349887
608039
9891775
2133426
6772536
559262
9369547
129988
1723709
2222352
9118082
4345445
7582985
1650499
9728104
537795
7471313
277358
9348649
1367770
8300940
1075802
3186851
1415446
8605446
74148
9528744
839936
8233247
1587009
8782856
688596
7281869
763100
9398241
3724320
5866599
60693
8878857
2491558
7354278
177659
7236408
5005064
9875488
283526
1398478
1889714
9962371
6484628
8130157
476509
9092550
7895956
9391653
1436581
8806098
4217410
8782652
163206
7793293
278793
6132031
233210
7549042
10274
9665307
283578
9885267
1238245
8003692
835289
6453325
2807164
8548835
4891184
9994755
95695
5046103
8056554
9434538
1587121
8145596
6885482
9253102
7564446
9887058
1973702
8680866
1446097
5984808
3035249
7621238
5103905
9745531
711388
8419848
7110748
9948252
4876047
9380436
168766
2298152
373059
5974537
1390647
8196556
1455153
2664685
2847695
8714807
5676912
9663043
6688742
9731073
1339814
8996378
5113691
9980531
6559339
9729175
4221876
8184035
560667
9483780
5790004
9060172
468089
9271217
7100258
9200863
5590161
9083937
552450
2657988
1988753
8913172
3126032
7150120
437897
8795284
7046124
9992558
397016
7452925
589847
9727333
173722
1818075
2257331
9577623
9300812
9945011
5696273
8504466
944498
7530196
3642664
6119781
574478
9872010
907117
9792536
3562318
8315623
943389
9791998
3653506
6181739
709586
9598084
3453447
6508218
2464949
7626565
3347800
9377841
412939
3677669
1464219
8765778
3855509
9841276
1032376
9203895
3366079
6338596
5839552
9330425
1579166
6198642
122319
5111505
965090
5333483
2594893
9442144
1063529
3628434
1582320
4817238
398218
9545596
8816628
9629988
1907487
9976921
5137110
7854713
986881
4562726
338285
5735259
1352734
5539908
2986177
9694389
2013702
8498974
6197215
8075418
458315
3264526
3088077
5812381
5714223
9585691
186614
2212077
340196
5746029
1832841
5190721
2644029
6386301
4092933
6279007
271075
2669987
7599845
9702151
4701671
6301900
4940373
9308325
96496
3069690
526801
9985029
1692294
4142212
235321
8301566
4066951
8355061
3312348
9401682
293462
7257819
2233732
7785153
5857026
7566757
6641989
9586106
6517127
9099043
1608592
8024696
108749
2957402
3822938
7215274
5360906
9402524
1530027
4218233
5067676
9852881
1575505
5520889
2686928
5001408
2008592
8829487
2320057
8341759
135907
5796461
592332
7140894
62216
733302
1133257
3684233
364064
2949184
2753120
8901309
2390659
9222374
7226480
9928353
3838002
7961305
1708419
7468015
203865
2350779
219851
3277976
1247387
2189001
261813
9989979
334207
4371699
120752
8163830
7093403
8342664
1034076
9529315
24031
6810413
1398263
9167441
3751103
9103167
4806922
7982651
4431792
9857397
354472
5925216
3359591
9474198
426208
6060266
4050641
6957291
672619
9979598
285436
7532092
4130480
8580439
111505
8203443
125798
6142693
2448493
8654082
6270301
9381383
2041404
8204402
4877822
8637312
788240
3884185
570018
3166997
4273825
6616786
1569923
8934913
26152
6314917
2790746
5061630
2854663
8531609
801895
8868301
1877105
7261220
481550
7952202
2412165
9462958
500464
2584552
2008719
5781380
3255255
9362074
6660047
8738318
2595130
7914412
1924055
5256937
3052432
9446830
3195501
9799461
1693533
8598839
5234056
9117299
417835
6340819
251471
9082188
141073
9632924
1083635
8054532
4556164
6268422
4998050
8101758
5690233
8336957
2237406
8149493
2795404
8462205
441453
9904113
751563
7359251
1762363
8410388
5151354
8483626
2100410
9112999
81533
612073
3151823
4805280
5386497
9580201
1234643
7121078
3387104
8557358
893856
4211874
7965878
9896536
276118
8605504
5989647
9000963
4482636
9464214
2413223
5970311
6662505
9533617
571290
8441723
338911
6222659
3230162
9990542
6020094
9550258
6096447
9768410
3270995
6425473
3208340
6803449
3444433
9921306
2864976
9123667
668849
2625124
7506912
9448279
373
7947095
396502
9378616
1240452
9701965
2888181
3838534
1328503
4062790
4417521
4958007
1769078
9752489
2267572
6680655
2445075
9706010
209221
2323684
6429724
9893065
171817
6227533
947741
9244906
7179669
8819683
3419
4313999
46529
3613895
2933110
9051148
1971013
9975701
1638510
8385142
727
4351597
2109788
8253772
3033113
7299534
954539
5094468
161349
4968454
7326092
8400576
6041981
6861541
935923
2579159
4176557
7500485
1629871
3344882
371184
2667235
5099494
8038833
3392279
9392076
2037653
9307649
781474
6879063
5069974
9338820
1404858
4147496
4375832
7598452
8648861
9946858
6174678
9048082
2472810
9773640
7187723
9654899
2778487
8712183
2354737
8509157
2854498
8716150
3649213
9363438
4425685
8505704
8081335
9228627
271783
9686036
1832135
3325496
42791
3498697
68046
3158812
5292918
8284195
4930695
8167375
814902
7051070
5402527
9359730
1779273
4113980
3788273
9102563
301327
7753155
1563426
6754767
7359996
9653684
1597042
5694498
4165221
5270305
61996
6944353
2958925
8441288
591016
6999509
4769717
9692924
4881842
9631075
23431
239211
1119383
6880294
6685680
8429036
3075000
9121667
1961146
6996744
1411549
6209849
3393058
8861363
7328070
9972390
1853578
9286839
1557950
7389877
232171
3745105
8104767
9924398
144455
6750849
2768959
6982149
6655451
9393614
1377417
9746075
4141228
9610922
971077
8961325
2636905
9708787
4831736
9352241
995054
6233260
