353132
2879230
2514634
8677663
5538909
1744692
7978033
6190602
8285405
3333598
6661639
4821930
2548697
7786417
8619155
7466693
9141911
4926723
8159781
8553334
2875195
5379145
7538980
2719182
6859921
5299689
7104284
5885773
2687806
3723181
7041983
3032915
5986249
2445484
6078299
1269761
3471548
3099602
2098610
3636958
8375108
2148726
4730844
5598993
5988098
6915786
2079275
1143091
6495376
8430025
2054278
7784841
257211
2277504
5873671
6720850
3668912
4917453
5244845
5505975
412837
7596562
7934654
5673100
3235850
5728789
7414198
3671384
4573515
5150533
6298905
8075133
3381571
1449429
7778277
6361384
2783509
1588817
7433650
7918753
9862425
3226764
4071902
4712626
4205657
6190516
5004473
808193
8353518
8062712
1449619
7429840
8476522
835787
5866140
3660096
4331917
8123661
5917185
6889420
4472963
4907483
5548731
2342264
4867045
7232457
1833350
4802646
4960145
4968393
7579859
6475195
5326356
5404356
6657667
2820307
5410544
7679078
3776225
8348006
2924723
2417790
4038432
6190014
5604063
7468951
5547256
8265027
8280045
7185410
4287732
4266734
8025189
6952803
6095835
8559567
2976151
6065378
3373350
4454759
8617174
6575720
7131970
2718336
6268532
1502739
1976764
5520035
1707542
8037582
2698850
5764698
486910
4333992
7633210
5225157
7168440
4552222
3706005
6173995
4442866
5328408
5203932
8574352
2480079
8556655
1951146
6267797
6718099
6036202
6932169
4303888
1421402
6376667
5915498
7883973
7883166
6056555
8335678
2986741
2550282
5379165
4841907
2676688
7392679
3024514
6087435
2783710
2167236
8286163
8356198
2692691
8444820
2312905
4090011
4265297
7201510
6438386
2482014
2822559
782762
3247205
3503615
6499305
9255014
2447841
1515574
3023806
3081378
986058
2834734
8031549
1837985
9384864
3968936
6689977
5972484
8439849
8928437
5988213
1940287
5410689
507169
2122340
6986718
2208457
6441676
8876747
4338593
4018487
5171581
694850
4428944
4808920
3735653
4009177
3203112
9569019
6977617
5110663
7325539
8679720
7789091
6571301
5442439
3073971
7597796
6040056
1468626
7777371
4007471
4515791
7232858
3894743
2426860
5246776
5890181
1697317
2431830
2494086
7916518
7632748
7742904
415125
966586
4867846
2913479
2788853
4985328
1840100
4448816
1139272
6603486
7474789
5189582
5771657
5977433
5148138
5352783
9485103
6006605
3801463
5724145
3433799
7577199
2868926
2500356
3243289
3944549
7888159
4245478
1216399
3830241
8550670
5566918
682544
8335432
1642988
6563281
3377144
3083919
6413651
7974914
1960361
6928845
6851345
4969868
1119800
5005320
5495542
6813565
8481665
5390995
3734650
7484295
8521906
7359627
8408756
3286407
2722613
9406874
5649735
2530801
1979587
4561372
3342727
5497621
4635375
5836036
8021993
5509092
3841133
8494140
6555688
7917869
492215
5610380
623551
1433904
3197873
5359557
7938196
5052691
8456855
4922236
617292
5889392
6042212
5571417
3088676
1762927
4457686
7568618
6676778
4213299
7369811
5491031
3509740
1536702
7141769
3722334
3407528
2207255
330060
1367990
9477063
8800026
4882426
5793495
2868297
5931512
7820097
1265139
4250564
8615115
7145849
1402657
585736
3551198
2875944
6763863
8451017
4530857
1581736
1509173
1973518
5415120
1746076
4492108
4028956
6589626
8047738
7047251
1910261
1120185
2105763
5476862
1294158
6710435
6334960
7257612
1426965
5069307
8798615
2574087
2912492
638318
3364770
3308879
7460269
7365812
1592624
7840908
9399312
3984721
9303339
2701723
1612430
5646774
3207402
3319224
2813579
4046016
6672000
4400330
4595835
1241122
3481447
4712153
7374060
5341888
1924246
4306706
8458865
5079529
3279864
1650260
5568506
3671235
4176898
2701285
2481607
3687341
5683625
7065699
5317765
6083678
1733423
4889248
5956989
2157004
3010135
8220834
5203156
2441884
7564003
3218274
639254
2874332
9180705
4939484
4537665
3976327
7383981
197753
7585481
8665618
2404244
877821
7043958
3573407
7154678
6164969
1392175
8530093
9008428
2175191
1090675
4253520
5410124
2137961
8873116
1923545
6864932
1933419
5343400
7573336
6241918
5616354
5220008
4573772
3203319
9654738
5487383
2414661
4718951
4775255
3155590
3162113
4808931
2280287
1317207
751252
1298233
6906740
5227530
6917548
2091959
1885032
8219030
7700031
6931676
8478321
5346536
5200244
5753960
5409040
9239381
5713390
5158582
2384583
6283670
855758
2382251
4773184
4518543
1722454
9647707
887486
8845153
8186019
3867794
4553952
2783590
3256581
6162362
5864412
5352441
6564321
4612345
1548777
2436438
1869504
1711212
4789628
1580627
6091513
6861387
6078631
1573870
4703381
1892766
2676756
3487702
3898159
4302826
5783771
5301661
4190957
1674638
786503
4904030
1113888
3757795
4827875
2545300
7497039
6817092
8087252
4117771
7544313
2130110
8162903
4782170
3467891
3190503
7700866
6384608
6831711
8988124
6060643
5086964
5681988
5928026
8074965
417220
1801691
3909711
3739975
1370105
6620722
4792765
2276361
5937307
5763580
6189710
7370996
6484463
2831829
5182400
4179576
3754280
4845475
8071898
4416062
4829254
5273008
7416082
4424706
1448619
9532018
3239041
7015995
3042858
3133452
6622711
8161023
7839354
8139258
5379486
8042283
2406962
2255168
5774105
2070022
9038467
7591178
6003369
4797815
8609280
5656733
2204985
5759786
5319664
6702148
3209343
5816319
5083391
4393241
2804162
4815723
6396767
3485566
8130095
6213740
6924441
2843221
7447204
1619155
7198459
4013403
1940438
9067355
3185507
2032895
7948252
5402351
6202641
8087029
5968045
7658690
1610768
3846454
7153340
3581240
9481979
7147736
1954475
2605203
2204178
1430935
5999430
3253209
6515708
8730990
1977167
8002240
9598948
2609261
4092871
2827336
7189393
4213935
1975614
1266661
2961574
4771988
3258355
5427919
2501546
9443200
935643
6489046
4969994
3388702
6444225
6958320
6861418
7564761
7854979
4387947
6804342
1957870
7369640
1540308
5983532
5656040
4386548
7926291
6566359
1603362
4003790
3057878
8625694
8689079
6860567
3654871
6959478
5236837
1628687
2155852
5857113
5973701
4439950
5888576
3483655
8342760
7734147
4912968
1503409
8709929
1331187
2200433
8464829
6697147
4201671
2863836
6728689
6806983
9255437
6760381
6856467
6851159
6226590
6868670
5927520
2663804
4894779
6579016
3511160
7681893
7082230
1681211
8479316
5769417
5326289
3527721
4396134
2228882
3977680
1780233
6441226
1606306
8802303
7302448
8185519
3099113
5551800
3050337
4537999
2840382
2201186
3763833
1912028
6076055
5538249
4296199
6493789
676439
2818052
6302590
5569298
8614073
4840106
1886004
1012441
989760
4684440
8267524
5462691
1417881
7386205
8897615
6521537
8651763
3713288
5319177
3766809
2616942
3840898
6657728
4810869
2938430
2514249
3382976
4703023
2357014
4797679
8054623
2396340
9716872
7156711
7794523
9716551
6361641
2909934
2962606
9375029
2758551
4476784
3188899
5959868
2760866
8086201
5539958
5066521
1330530
7498685
4220321
5625537
4996350
7421289
3822145
5628778
4602614
1346718
3562515
3740230
907183
2654917
9315587
4659145
9159743
7541603
3906947
5878667
2031331
9066010
6998717
1369797
6097116
5292560
5300813
3118016
2907095
8635178
5485030
8865167
3119014
1378474
3215748
5857101
7388739
8041619
5632247
1054321
1813466
8183295
5954549
6586924
2937998
9424034
8131853
6758515
6536816
6755643
7859159
7246757
6307783
7007290
4311908
6574927
3646915
4790456
7856271
6378898
1391896
5597189
6334082
2892727
9176642
526463
3262286
7891175
4948187
8282941
3818149
2109039
5941881
9474144
3900907
786368
6834328
6778756
4480005
490493
6732007
6202797
2557372
1523318
4852765
2465888
1884620
5714417
5195585
3107278
2564063
1936334
4986925
3650774
2940301
7056180
6853151
1371223
5121146
5126716
9049267
7927644
2287849
9669744
8732636
2980713
1158732
742474
7997145
4347611
4362095
7827097
7613865
8088992
3375199
944343
3362065
5964967
1826618
106556
7552610
6632798
1270584
4396221
3246409
812354
6465055
2019073
4943077
1257579
4378219
3418869
5248825
3486307
3158121
3983755
3372791
3474683
4877842
2598122
1576377
3969483
4222133
5430788
2610922
5438400
1852833
8342122
9258060
2145903
2079416
3572053
5543636
4149563
2993184
5085634
4191163
6370137
7031544
3397373
2414830
7868085
3911547
3709229
6051506
7840129
7890615
5782414
3138246
1536022
4983443
7316835
3023814
1617663
1548422
9097085
2556558
5874708
6926404
3737164
8014327
8677142
5718307
9594609
5559558
9263179
1635468
7685682
6715886
1344926
9818107
6884776
8433543
4663063
4161760
6507661
6585903
5407984
7555455
1763347
4882637
5524470
3269182
2516646
5730646
2139161
5632661
8611443
5001664
4511805
9082667
7781940
9422780
5613229
6722436
4035045
8209932
1195018
3496827
6533961
8827165
9143040
3201289
7756353
9547483
3916436
9201923
5281707
8164422
5609802
3172724
7290654
2531131
7171927
2875976
4938374
8615426
1706630
5444910
9360438
8626825
376787
9610816
7393721
3907772
4802399
6584379
2344188
4271733
1164556
2935888
1022885
3393442
2316558
4682752
2913815
3530840
4262898
1620532
7704304
2450599
2493458
4308782
4876715
1557530
7702830
6552910
7867922
1307644
5782708
1313644
7282181
6382117
9003592
2891006
1313561
5738422
2250276
793548
3429878
3250568
5077874
4671028
7999318
7788760
717003
4086398
2606947
8209151
4687396
6429450
5654613
7887062
3458604
7417058
636384
9319190
2072850
5794283
863567
5014549
8142410
8777127
6829895
2595944
9082831
5335587
8788317
4362752
795792
2060393
3894175
1286991
6405116
9277432
3740258
1167122
5195134
2948365
6175459
6203072
4949740
4923750
4376249
2429550
3795975
2113932
3510514
3471126
6376718
4074374
5874440
6508038
7941075
2124247
2192685
6694134
6525914
4789049
3303598
3499326
3642637
3487166
8022943
6438321
6620876
8848877
5253189
5084229
9399345
4877377
1870938
2008515
2182910
3725648
8149949
6038218
7450297
3123289
3353918
4906702
5402191
6968481
5538345
7484886
253131
7504538
5413018
4838086
3457028
1677355
3865812
7621102
8552025
5569439
2943857
6343465
4435914
9040541
5523470
8441857
6703686
337425
9307042
8782069
5417097
6551931
6209636
5228037
3874139
2571052
5136596
6273995
8152594
2086328
5296566
4990448
913256
4792619
3239974
4452306
3770399
2317196
6940971
1489615
6362442
5788026
5007767
7306205
9035420
6975243
2761544
1303830
2461052
6430432
9671739
6235583
6098988
3096857
2391738
6786433
1203032
7051655
8104748
7772795
3629957
5343764
5646484
2670028
4040300
5740132
2596040
1046441
7657458
8511208
1237983
5150218
3374899
4363888
1382038
7452469
1585125
2992096
7597798
2051051
7110189
2371262
4401877
9052952
5804178
6908927
5608280
4032453
4899877
3994121
1102316
5391975
5201033
6702066
1970516
3598780
385090
6506532
1760317
8362309
9063728
5342872
4289210
2972007
6564936
2709662
2470478
3745385
2220547
1606297
3978716
1929192
3603648
6994765
6059496
1410398
9496567
2570222
2617284
5769026
1938732
3733842
5037343
5854378
734339
1894486
6148353
9640240
6915942
7108106
7643280
9381866
5950611
4295357
7522223
7672597
4727176
5312455
4249721
3136854
5590907
6866818
767939
6278222
7334903
775972
6825695
8121739
7204149
3942151
5111149
6103133
5738216
3702765
5749949
6702405
8434612
5808400
4659485
9478303
6573645
5612456
3192819
3501182
1281176
7210534
985984
2483963
3234426
3634701
4272260
8724775
7540333
1489126
7731073
7775265
4964302
6160576
6565304
9022463
7151499
7508726
2725514
6426951
9044612
4549207
4729376
4079869
2204810
5027459
7160776
1299621
2165141
1501020
8222891
3739931
6438987
4898571
5883722
6483631
7049962
7805986
4772031
2077011
8420443
7892195
6977617
4151526
4153799
3151871
3519891
5153983
4414756
4238562
7421408
6907416
4354380
3184130
6889038
8226754
2082715
2550803
1952452
7504115
7055317
4690226
2900032
8556734
8000831
2989913
5457072
6574547
1777382
7014070
3484992
2395698
9269978
8240750
3084660
8650213
1419095
8513416
5220550
2294279
2341527
8247243
1324587
9828679
1971466
5018035
4740800
2088095
8503794
1639638
2911530
2040535
8867172
5549909
6821812
1622027
2425474
3943838
6178457
3566478
895268
5047917
3335273
9265033
3081362
4763088
1936696
2842188
9269539
1589047
6518239
9310862
6220400
4404995
5590820
7996342
2827858
8005771
715965
6708455
9670836
8877828
3199316
3986337
6152197
3545131
7426915
5570378
3967229
9364190
9160279
5416909
1547587
9897630
9216697
4045289
2738490
7892905
7577660
6244608
9500922
7575379
4979919
4589416
5738476
5490643
9869914
2512747
7382011
6816287
5222705
8336816
5519365
1542940
2265954
4842659
4302564
450138
3055940
5510904
3916935
8929378
8211647
1145062
3736948
9358153
1473913
7196848
7795037
3811460
8596093
4001153
6417335
5943756
5784268
6428499
7692678
6049986
1137894
5096862
5211483
4699945
8647118
2652976
5025769
7895255
5558089
4209351
3729786
5576079
6613427
5438691
2718477
1582071
1435327
5570471
8209895
2026113
8610140
5665692
2021112
4204973
6277717
5335830
8030380
3664822
355933
6042397
7051208
2459517
1427380
3254075
3273300
1341352
1553070
2968054
4570769
3456057
7287412
711836
6993518
4173775
7662915
5078761
8830920
3324179
4933711
2812107
3875492
8617040
5996361
1549220
2471672
8052895
5038568
2637427
4297518
4302860
9798898
3029077
5431882
6325611
7104572
8161362
1895322
840111
3404783
4307597
298773
4868715
3967468
7703867
3692881
5435859
1011344
6456182
8338781
2785216
6984710
3930338
2563996
3917982
4453913
8009666
1356861
6390583
3586088
886901
497093
1471643
1476953
8664537
8847108
2875123
1421664
3822716
1778160
3304370
3023339
8603988
7225565
1692981
9592354
7803503
6556061
2406599
1753530
1340136
2554437
5915518
6098692
1930719
5391208
3238606
3155327
7315614
6234113
2194983
3825984
184412
6322110
527090
5825461
2563011
4633885
9365358
2201685
7822685
9394267
2880859
7045501
5698280
802727
9565887
2014723
7384389
5295886
3601389
6136739
3275583
4323147
4783395
6568933
1075481
4309341
4752475
2081592
2308159
5583610
5859815
1408399
7767693
4927977
4421937
3686104
6283371
6240193
4935918
8213382
5451012
460517
9226602
1186170
4548911
7991162
6119414
8501015
5386763
8353147
7450392
4029857
2770402
9159375
5441199
6455079
4459577
3331232
8630004
2988328
8109912
1619483
7729579
8268830
6765249
5319635
5814766
5621485
849153
8787838
8414105
390521
3774482
3841344
1722332
2872392
5988443
9669337
4828835
6355407
8746318
5231864
5491396
6962402
3436704
9175162
5802358
1789314
4968691
4096684
4895054
9258897
4105208
961861
1325804
6715474
9679981
7255892
2500051
4389350
2661688
8518316
5291342
2460474
3722494
2617614
3572207
5329259
5459078
2881878
7972296
8544196
3891947
4932841
6859160
4261207
3477250
3292986
4349032
1280732
1719108
7428162
8993850
3274216
6978777
4234637
1764751
1814562
3703566
7346812
7361545
2894664
4656020
6862099
621790
981943
3810035
5267745
5211361
2184145
8464928
4839131
8246901
905960
1759912
4082670
1543279
6058837
8842110
3390120
4925058
6858473
8000953
7367449
3600208
154696
4117468
8497389
3752936
9332765
4598040
3482282
3797078
2936150
1182521
3718809
102072
3511786
1386967
3916797
4714184
8645463
5841292
5317804
465405
2794690
1654841
4350665
3128379
4320967
8180196
4426411
2446898
3502125
4566974
6186050
8239477
801119
7072817
2966555
6037881
3277978
551695
5126725
164937
5407931
3064791
8261569
4047912
7358466
1412321
2786592
5392362
6924636
5884681
3775766
7455419
6476746
7164036
2990176
5536274
1775172
4813310
4024091
8383918
3884779
3986942
8314377
7892021
5594959
6053307
2655886
8450743
8522192
3027472
5174626
5635938
7854834
2842485
7629903
5726672
1577076
7042452
7938059
5182657
316311
4282802
8282830
6686533
6486640
3630745
9546868
3543229
6417028
8752176
5689909
8901887
8159836
5185476
8280703
6476533
6129748
4195787
4139902
9169148
6929241
2194988
8769682
4896736
8904214
9607837
3502657
3088499
4422474
8682118
5094435
8044158
1881032
8389778
555735
9097167
8485501
1303383
3165595
6065835
9920177
4367184
952504
6234321
5945368
3071258
4727203
7526304
6699593
957388
5663489
3095780
2621131
5824603
9384129
4425426
2372193
7949841
4097099
4542276
9418443
6546312
6996840
8847712
4458279
4919875
3707449
5127229
8028096
8410203
4355192
2183012
2761590
1892591
7335658
6439189
1455508
5488441
2469427
6600850
4212001
3262732
9191067
4254745
4879648
4230012
5825664
5516520
7493639
9591076
125125
5547638
7100269
5321508
6167381
3023250
6997043
9510608
8553349
5775747
3645711
8608331
3033928
5539500
9167106
8506983
4665176
8197036
8384085
5179345
1285208
