coretemp-isa-0000
Adapter: ISA adapter
Package id 0:  +56.0°C  (high = +100.0°C, crit = +100.0°C)
Core 0:        +56.0°C  (high = +100.0°C, crit = +100.0°C)
Core 1:        +54.0°C  (high = +100.0°C, crit = +100.0°C)
Core 2:        +56.0°C  (high = +100.0°C, crit = +100.0°C)
Core 3:        +55.0°C  (high = +100.0°C, crit = +100.0°C)

pch_cannonlake-virtual-0
Adapter: Virtual device
temp1:        +48.0°C  

BAT0-acpi-0
Adapter: ACPI interface
in0:          12.61 V  
curr1:       1000.00 uA 

dell_smm-virtual-0
Adapter: Virtual device
fan1:           0 RPM

radeon-pci-0100
Adapter: PCI adapter
temp1:            N/A  (crit = +120.0°C, hyst = +90.0°C)

acpitz-acpi-0
Adapter: ACPI interface
temp1:        +25.0°C  (crit = +107.0°C)

%CPU %MEM     ELAPSED
 0.8 70764 102792 113792
 1.0 85100 102792 113792
 1.0 85100 102792 113792
 1.0 85100 102792 113792
 1.0 85100 102792 113792
 1.0 85100 102792 113792
 1.1 89196 102792 113792
 1.1 89196 102792 113792
 1.1 89196 102792 113792
 1.1 89196 102792 113792
 1.1 89196 102792 113792
 1.1 89196 102792 113792
 1.1 89196 102792 113792
 1.1 89196 102792 113792
 1.1 89196 102792 113792
 1.1 91408 102792 113792
 1.1 91408 102792 113792
 1.1 91408 102792 113792
 1.1 91408 102792 113792
 1.1 91408 102792 113792
 1.1 93456 102792 113792
 1.1 93456 102792 113792
 1.1 93456 102792 113792
 1.1 93456 102792 113792
 1.1 93456 102792 113792
 1.1 93456 102792 113792
 1.1 93456 102792 113792
 1.1 93456 102792 113792
 1.1 93456 102792 113792
 1.1 93456 102792 113792
 1.1 93456 102792 113792
 1.1 93456 102792 113792
 1.1 93456 102792 113792
 1.1 93456 102792 113792
 1.1 93456 102792 113792
 1.1 93456 102792 113792
 1.1 93456 102792 113792
 1.1 95504 102792 113792
 1.1 95504 102792 113792
 1.2 97552 102792 113792
 1.2 97552 102792 113792
 1.2 97552 102792 113792
 1.2 97552 102792 113792
 1.2 99600 102792 113792
 1.2 99600 102792 113792
 1.2 99600 102792 113792
 1.2 99600 102792 113792
 1.2 99600 102792 113792
 1.2 99600 102792 113792
 1.2 99600 102792 113792
 1.2 99600 102792 113792
 1.2 99600 102792 113792
 1.2 99600 102792 113792
 1.2 101648 102792 113792
 1.2 103696 102792 113792
 1.2 103696 102792 113792
 1.3 105744 102792 113792
 1.3 105744 102792 113792
 1.3 105744 102792 113792
 1.3 105744 102792 113792
 1.3 105744 102792 113792
 1.3 105744 102792 113792
 1.3 105744 102792 113792
 1.3 105744 102792 113792
 1.3 105744 102792 113792
 1.3 105744 102792 113792
 1.3 105744 102792 113792
 1.3 105744 102792 113792
 1.3 105744 102792 113792
 1.3 105744 102792 113792
 1.3 105744 102792 113792
 1.3 105744 102792 113792
 1.3 105744 102792 113792
 1.3 105744 102792 113792
 1.3 105744 102792 113792
 1.3 105744 102792 113792
 1.3 105744 102792 113792
 1.3 105744 102792 113792
 1.3 105744 102792 113792
 1.3 105744 102792 113792
 1.3 105744 102792 113792
 1.3 105744 102792 113792
 1.3 105744 102792 113792
 1.3 105744 102792 113792
 1.3 105744 102792 113792
 1.3 105744 102792 113792
 1.3 105744 102792 113792
 1.3 105744 102792 113792
 1.3 105744 102792 113792
 1.3 105744 102792 113792
 1.3 105744 102792 113792
 1.3 105744 102792 113792
 1.3 105744 102792 113792
 1.3 105744 102792 113792
 1.3 105744 102792 113792
 1.3 105744 102792 113792
 1.3 105744 102792 113792
 1.3 105744 102792 113792
 1.3 105744 102792 113792
 1.3 105744 102792 113792
 1.3 105744 102792 113792
 1.3 105744 102792 113792
 1.3 105744 102792 113792
 1.3 105744 102792 113792
 1.3 105744 102792 113792
 1.3 105744 102792 113792
 1.3 105744 102792 113792
 1.3 105744 102792 113792
 1.3 105744 102792 113792
 1.3 105744 102792 113792
 1.3 105744 102792 113792
 1.3 105744 102792 113792
 1.3 105744 102792 113792
 1.3 105744 102792 113792
 1.3 105744 102792 113792
 1.3 105744 102792 113792
 1.3 105744 102792 113792
 1.3 105744 102792 113792
 1.3 105744 102792 113792
 1.3 105744 102792 113792
 1.3 105744 102792 113792
 1.3 105744 102792 113792
 1.3 105744 102792 113792
 1.3 105744 102792 113792
 1.3 105744 102792 113792
 1.3 105744 102792 113792
 1.3 105744 102792 113792
 1.3 105744 102792 113792
 1.3 105744 102792 113792
 1.3 105744 102792 113792
 1.3 105744 102792 113792
 0.6 50452 51592  62592
 1.2 97564 102796 113796
 1.2 97564 102796 113796
 1.2 97564 102796 113796
 1.2 97564 102796 113796
 1.2 97564 102796 113796
 1.2 97564 102796 113796
 1.2 97564 102796 113796
 1.2 97564 102796 113796
 1.2 97564 102796 113796
 1.2 97564 102796 113796
 1.2 97564 102796 113796
 1.2 97564 102796 113796
 1.2 97564 102796 113796
 1.2 97564 102796 113796
 1.2 97564 102796 113796
 1.2 97564 102796 113796
 1.2 97564 102796 113796
 1.2 97564 102796 113796
 1.2 97564 102796 113796
