coretemp-isa-0000
Adapter: ISA adapter
Package id 0:  +81.0°C  (high = +100.0°C, crit = +100.0°C)
Core 0:        +81.0°C  (high = +100.0°C, crit = +100.0°C)
Core 1:        +69.0°C  (high = +100.0°C, crit = +100.0°C)
Core 2:        +75.0°C  (high = +100.0°C, crit = +100.0°C)
Core 3:        +75.0°C  (high = +100.0°C, crit = +100.0°C)

pch_cannonlake-virtual-0
Adapter: Virtual device
temp1:        +61.0°C  

BAT0-acpi-0
Adapter: ACPI interface
in0:          12.60 V  
curr1:       1000.00 uA 

dell_smm-virtual-0
Adapter: Virtual device
fan1:        3913 RPM

radeon-pci-0100
Adapter: PCI adapter
temp1:            N/A  (crit = +120.0°C, hyst = +90.0°C)

acpitz-acpi-0
Adapter: ACPI interface
temp1:        +25.0°C  (crit = +107.0°C)

%CPU %MEM     ELAPSED
 0.6 54492 119176 130184
 0.7 56540 119176 130184
 0.7 56540 119176 130184
 0.7 60636 119176 130184
 0.7 60636 119176 130184
 0.7 60636 119176 130184
 0.7 60636 119176 130184
 0.8 64732 119176 130184
 0.9 73532 119176 130184
 1.0 81716 119176 130184
 1.0 82508 119176 130184
 1.0 82508 119176 130184
 1.0 83288 119176 130184
 1.0 84080 119176 130184
 1.0 84344 119176 130184
 1.0 84344 119176 130184
 1.0 84344 119308 195720
 1.0 84344 119308 195720
 1.0 84344 119308 195720
 1.0 85136 119308 195720
 1.1 88040 119308 195720
 1.1 90152 119308 195720
 1.1 90880 119308 195720
 1.1 90880 119308 195720
 1.1 90880 119308 195720
 1.1 90880 119308 195720
 1.1 90880 119308 195720
 1.1 90880 119308 195720
 1.1 90880 119308 195720
 1.1 90880 119308 195720
 1.1 90880 119308 195720
 1.1 90880 119308 195720
 1.1 90880 119308 195720
 1.1 90880 119308 195720
 1.1 90880 119308 195720
 1.1 90880 119308 195720
 1.1 90880 119308 195720
 1.1 90880 119308 195720
 1.1 90880 119308 195720
 1.1 90880 119308 195720
 1.1 90880 119308 195720
 1.1 90880 119308 195720
 1.1 90880 119308 195720
 1.1 90880 119308 195720
 1.1 90880 119308 195720
 1.1 90880 119308 195720
 1.1 90880 119308 195720
 1.1 90880 119308 195720
 1.1 90880 119308 195720
 1.1 90880 119308 195720
 1.1 90880 119308 195720
 1.1 90880 119308 195720
 1.1 90880 119308 195720
 1.1 90880 119308 195720
 1.1 90880 119308 195720
 1.1 90880 119308 195720
 1.1 90880 119308 195720
 1.1 90880 119308 195720
 1.1 90880 119308 195720
 1.1 90880 119308 195720
 1.1 90880 119308 195720
 1.1 90880 119308 195720
 1.1 90880 119308 195720
 1.1 90880 119308 195720
 1.1 90880 119308 195720
 1.1 90880 119308 195720
 1.1 90880 119308 195720
 1.1 90880 119308 195720
 1.1 90880 119308 195720
 1.1 90880 119308 195720
 1.1 90880 119308 195720
 1.1 90880 119308 195720
 1.1 90880 119308 195720
 1.1 90880 119308 195720
 1.1 90880 119308 195720
 1.1 90880 119308 195720
 1.1 90880 119308 195720
 1.1 90880 119308 195720
 1.1 90880 119308 195720
 1.1 90880 119308 195720
 1.1 90880 119308 195720
 1.1 90880 119308 195720
 1.1 90880 119308 195720
 1.1 90880 119308 195720
 1.1 90880 119308 195720
 1.1 90880 119308 195720
 1.1 90880 119308 195720
 1.1 90880 119308 195720
 1.1 90880 119308 195720
 1.1 90880 119308 195720
 1.1 90880 119308 195720
 1.1 90880 119308 195720
 1.1 90880 119308 195720
 1.1 90880 119308 195720
 1.1 90880 119308 195720
 1.1 90880 119308 195720
 1.1 90880 119308 195720
 1.1 90880 119308 195720
 1.1 90880 119308 195720
 1.1 90880 119308 195720
 1.1 90880 119308 195720
 1.1 90880 119308 195720
 1.1 90880 119308 195720
 1.1 90880 119308 195720
 1.1 90880 119308 195720
 1.1 90880 119308 195720
 1.1 90880 119308 195720
 1.1 90880 119308 195720
 1.1 90880 119308 195720
 1.1 90880 119308 195720
 1.1 90880 119308 195720
 1.1 90880 119308 195720
 1.1 90880 119308 195720
 1.1 90880 119308 195720
 1.1 90880 119308 195720
 1.1 90880 119308 195720
 1.1 90880 119308 195720
 1.1 90880 119308 195720
 1.1 90880 119308 195720
 1.1 90880 119308 195720
 1.1 90880 119308 195720
 1.1 90880 119308 195720
 1.1 90880 119308 195720
 1.1 90880 119308 195720
 1.1 90880 119308 195720
 1.1 90880 119308 195720
 1.1 90880 119308 195720
 1.1 90880 119308 195720
 1.1 90880 119308 195720
 1.1 90880 119308 195720
 1.1 90880 119308 195720
 1.1 90880 119308 195720
 1.1 90880 119308 195720
 1.1 90880 119308 195720
 1.1 90880 119308 195720
 1.1 90880 119308 195720
 1.1 90880 119308 195720
 1.1 90880 119308 195720
 1.1 90880 119308 195720
 1.1 90880 119308 195720
 1.1 90880 119308 195720
 1.1 90880 119308 195720
 1.1 90880 119308 195720
 1.1 90880 119308 195720
 1.1 90880 119308 195720
 1.1 90880 119308 195720
 1.1 90880 119308 195720
 1.1 90880 119308 195720
 1.1 90880 119308 195720
 1.1 90880 119308 195720
 1.1 90880 119308 195720
 1.1 90880 119308 195720
 1.1 90880 119308 195720
 1.1 90880 119308 195720
 1.1 90880 119308 195720
 1.1 90880 119308 195720
 1.1 90880 119308 195720
 1.1 90880 119308 195720
 1.1 90880 119308 195720
 1.1 90880 119308 195720
 1.1 90880 119308 195720
 1.1 90880 119308 195720
 1.1 90880 119308 195720
 1.1 90880 119308 195720
 1.1 90880 119308 195720
 1.1 90880 119308 195720
 1.1 90880 119308 195720
 1.1 90880 119308 195720
 1.1 90880 119308 195720
 1.1 90880 119308 195720
 1.1 90880 119308 195720
 1.1 90880 119308 195720
 1.1 90880 119308 195720
 1.1 90880 119308 195720
 1.1 90880 119308 195720
 1.1 90880 119308 195720
 1.1 90880 119308 195720
 1.1 90880 119308 195720
 1.1 90880 119308 195720
 1.1 90880 119308 195720
 1.1 90880 119308 195720
 1.1 90880 119308 195720
 1.1 90880 119308 195720
 1.1 90880 119308 195720
 1.1 90880 119308 195720
 1.1 90880 119308 195720
 1.1 90880 119308 195720
 1.1 90880 119308 195720
 1.1 90880 119308 195720
 1.1 90880 119308 195720
 1.1 90880 119308 195720
 1.1 90880 119308 195720
 1.1 90880 119308 195720
 1.1 90880 119308 195720
 1.1 90880 119308 195720
 1.1 90880 119308 195720
 1.1 90880 119308 195720
 1.1 90880 119308 195720
 1.1 90880 119308 195720
 1.1 90880 119308 195720
 1.1 90880 119308 195720
 1.1 90880 119308 195720
 1.1 90880 119308 195720
 1.1 90880 119308 195720
 1.1 90880 119308 195720
 1.1 90880 119308 195720
 1.1 90880 119308 195720
 1.1 90880 119308 195720
 1.1 90880 119308 195720
 1.1 90880 119308 195720
 1.1 90880 119308 195720
 1.1 90880 119308 195720
 1.1 90880 119308 195720
 1.1 90880 119308 195720
 1.1 90880 119308 195720
 1.1 90880 119308 195720
 1.1 90880 119308 195720
 1.1 90880 119308 195720
 1.1 90880 119308 195720
 1.1 90880 119308 195720
 1.1 90880 119308 195720
 1.1 90880 119308 195720
 1.1 90880 119308 195720
 1.1 90880 119308 195720
 1.1 90880 119308 195720
 1.1 90880 119308 195720
 1.1 90880 119308 195720
 1.1 90880 119308 195720
 1.1 90880 119308 195720
 1.1 90880 119308 195720
 1.1 90880 119308 195720
 1.1 90880 119308 195720
 1.1 90880 119308 195720
 1.1 90880 119308 195720
 1.1 90880 119308 195720
 1.1 90880 119308 195720
 1.1 90880 119308 195720
 1.1 90880 119308 195720
 1.1 90880 119308 195720
 1.1 90880 119308 195720
 1.1 90880 119308 195720
 1.1 90880 119308 195720
 1.1 90880 119308 195720
 1.1 90880 119308 195720
 1.1 90880 119308 195720
 1.1 90880 119308 195720
 1.1 90880 119308 195720
 1.1 90880 119308 195720
 1.1 90880 119308 195720
 1.1 90880 119308 195720
 1.1 90880 119308 195720
 1.1 90880 119308 195720
 1.1 90880 119308 195720
 1.1 90880 119308 195720
 1.1 90880 119308 195720
 1.1 90880 119308 195720
 1.1 90880 119308 195720
 1.1 90880 119308 195720
 1.1 90880 119308 195720
 1.1 90880 119308 195720
 1.1 90880 119308 195720
 1.1 90880 119308 195720
 1.1 90880 119308 195720
 1.1 90880 119308 195720
 1.1 90880 119308 195720
 1.1 90880 119308 195720
 1.1 90880 119308 195720
 1.1 90880 119308 195720
 1.1 90880 119308 195720
 1.1 90880 119308 195720
 1.1 90880 119308 195720
 1.1 90880 119308 195720
 1.1 90880 119308 195720
 1.1 90880 119308 195720
 1.1 90880 119308 195720
 1.1 90880 119308 195720
 1.1 90880 119308 195720
 1.1 90880 119308 195720
 1.1 90880 119308 195720
 1.1 90880 119308 195720
 1.1 90880 119308 195720
 1.1 90880 119308 195720
 1.1 90880 119308 195720
 1.1 90880 119308 195720
 1.1 90880 119308 195720
 1.1 90880 119308 195720
 1.1 90880 119308 195720
 1.1 90880 119308 195720
 1.1 90880 119308 195720
 1.1 90880 119308 195720
 1.1 90880 119308 195720
 1.1 90880 119308 195720
 1.1 90880 119308 195720
 1.1 90880 119308 195720
 1.1 90880 119308 195720
 1.1 90880 119308 195720
 1.1 90880 119308 195720
 1.1 90880 119308 195720
 1.1 90880 119308 195720
 1.1 90880 119308 195720
 1.1 90880 119308 195720
 1.1 90880 119308 195720
 1.1 90880 119308 195720
 1.1 90880 119308 195720
 1.1 90880 119308 195720
 1.1 90880 119308 195720
 1.1 90880 119308 195720
 1.1 90880 119308 195720
 1.1 90880 119308 195720
 1.1 90880 119308 195720
 1.1 90880 119308 195720
 1.1 90880 119308 195720
 1.1 90880 119308 195720
 1.1 90880 119308 195720
 1.1 90880 119308 195720
 1.1 90880 119308 195720
 1.1 90880 119308 195720
 1.1 90880 119308 195720
 1.1 90880 119308 195720
 1.1 90880 119308 195720
 1.1 90880 119308 195720
 1.1 90880 119308 195720
 1.1 90880 119308 195720
 1.1 90880 119308 195720
 1.1 90880 119308 195720
 1.1 90880 119308 195720
 1.1 90880 119308 195720
 1.1 90880 119308 195720
 1.1 90880 119308 195720
 1.1 90880 119308 195720
 1.1 90880 119308 195720
 1.1 90880 119308 195720
 1.1 90880 119308 195720
 1.1 90880 119308 195720
 1.1 90880 119308 195720
 1.1 90880 119308 195720
 1.1 90880 119308 195720
 1.1 90880 119308 195720
 1.1 90880 119308 195720
 1.1 90880 119308 195720
 1.1 90880 119308 195720
 1.1 90880 119308 195720
 1.1 90880 119308 195720
 1.1 90880 119308 195720
 1.1 90880 119308 195720
 1.1 90880 119308 195720
 1.1 90880 119308 195720
 1.1 90880 119308 195720
 1.1 90880 119308 195720
 1.1 90880 119308 195720
 1.1 90880 119308 195720
 1.1 90880 119308 195720
 1.1 90880 119308 195720
 1.1 90880 119308 195720
 1.1 90880 119308 195720
 1.1 90880 119308 195720
 1.1 90880 119308 195720
 1.1 90880 119308 195720
 1.1 90880 119308 195720
 1.1 90880 119308 195720
 1.1 90880 119308 195720
 1.1 90880 119308 195720
 1.1 90880 119308 195720
 1.1 90880 119308 195720
 1.1 90880 119308 195720
 1.1 90880 119308 195720
 1.1 90880 119308 195720
 1.1 90880 119308 195720
 1.1 90880 119308 195720
 1.1 90880 119308 195720
 1.1 90880 119308 195720
 1.1 90880 119308 195720
 1.1 90880 119308 195720
 1.1 90880 119308 195720
 1.1 90880 119308 195720
 1.1 90880 119308 195720
 1.1 90880 119308 195720
 1.1 90880 119308 195720
 1.1 90880 119308 195720
 1.1 90880 119308 195720
 1.1 90880 119308 195720
 1.1 90880 119308 195720
 1.1 90880 119308 195720
 1.1 90880 119308 195720
 1.1 90880 119308 195720
 1.1 90880 119308 195720
 1.1 90880 119308 195720
 1.1 90880 119308 195720
 1.1 90880 119308 195720
 1.1 90880 119308 195720
 1.1 90880 119308 195720
 1.1 90880 119308 195720
 1.1 90880 119308 195720
 1.1 90880 119308 195720
 1.1 90880 119308 195720
 1.1 90880 119308 195720
 1.1 90880 119308 195720
 1.1 90880 119308 195720
 1.1 90880 119308 195720
 1.1 90880 119308 195720
 1.1 90880 119308 195720
 1.1 90880 119308 195720
 1.1 90880 119308 195720
 1.1 90880 119308 195720
 1.1 90880 119308 195720
 1.1 90880 119308 195720
 1.1 90880 119308 195720
 1.1 90880 119308 195720
 1.1 90880 119308 195720
 1.1 90880 119308 195720
 1.1 90880 119308 195720
 1.1 90880 119308 195720
 1.1 90880 119308 195720
 1.1 90880 119308 195720
 1.1 90880 119308 195720
 1.1 90880 119308 195720
 1.1 90880 119308 195720
 1.1 90880 119308 195720
 1.1 90880 119308 195720
 1.1 90880 119308 195720
 1.1 90880 119308 195720
 1.1 90880 119308 195720
 1.1 90880 119308 195720
 1.1 90880 119308 195720
 1.1 90880 119308 195720
 1.1 90880 119308 195720
 1.1 90880 119308 195720
 1.1 90880 119308 195720
 1.1 90880 119308 195720
 1.1 90880 119308 195720
 1.1 90880 119308 195720
 1.1 90880 119308 195720
 1.1 90880 119308 195720
 1.1 90880 119308 195720
 1.1 90880 119308 195720
 1.1 90880 119308 195720
 1.1 90880 119308 195720
 1.1 90880 119308 195720
 1.1 90880 119308 195720
 1.1 90880 119308 195720
 1.1 90880 119308 195720
 1.1 90880 119308 195720
 1.1 90880 119308 195720
 1.1 90880 119308 195720
 1.1 90880 119308 195720
 1.1 90880 119308 195720
 1.1 90880 119308 195720
 1.1 90880 119308 195720
 1.1 90880 119308 195720
 1.1 90880 119308 195720
 1.1 90880 119308 195720
 1.1 90880 119308 195720
 1.1 90880 119308 195720
 1.1 90880 119308 195720
 1.1 90880 119308 195720
 1.1 90880 119308 195720
 1.1 90880 119308 195720
 1.1 90880 119308 195720
 1.1 90880 119308 195720
 1.1 90880 119308 195720
 1.1 90880 119308 195720
 1.1 90880 119308 195720
 1.1 90880 119308 195720
 1.1 90880 119308 195720
 1.1 90880 119308 195720
 1.1 90880 119308 195720
 1.1 90880 119308 195720
 1.1 90880 119308 195720
 1.1 90880 119308 195720
 1.1 90880 119308 195720
 1.1 90880 119308 195720
 1.1 90880 119308 195720
 1.1 90880 119308 195720
 1.1 90880 119308 195720
 1.1 90880 119308 195720
 1.1 90880 119308 195720
 1.1 90880 119308 195720
 1.1 90880 119308 195720
 1.1 90880 119308 195720
 1.1 90880 119308 195720
 1.1 90880 119308 195720
 1.1 90880 119308 195720
 1.1 90880 119308 195720
 1.1 90880 119308 195720
 1.1 90880 119308 195720
 1.1 90880 119308 195720
 1.1 90880 119308 195720
 1.1 90880 119308 195720
 1.1 90880 119308 195720
 1.1 90880 119308 195720
 1.1 90880 119308 195720
 1.1 90880 119308 195720
 1.1 90880 119308 195720
 1.1 90880 119308 195720
 1.1 90880 119308 195720
 1.1 90880 119308 195720
 1.1 90880 119308 195720
 1.1 90880 119308 195720
 1.1 90880 119308 195720
 1.1 90880 119308 195720
 1.1 90880 119308 195720
 1.1 90880 119308 195720
 1.1 90880 119308 195720
 1.1 90880 119308 195720
 1.1 90880 119308 195720
 1.1 90880 119308 195720
 1.1 90880 119308 195720
 1.1 90880 119308 195720
 1.1 90880 119308 195720
 1.1 90880 119308 195720
 1.1 90880 119308 195720
 1.1 90880 119308 195720
 1.1 90880 119308 195720
 1.1 90880 119308 195720
 1.1 90880 119308 195720
 1.1 90880 119308 195720
 1.1 90880 119308 195720
 1.1 90880 119308 195720
 1.1 90880 119308 195720
 1.1 90880 119308 195720
 1.1 90880 119308 195720
 1.1 90880 119308 195720
 1.1 90880 119308 195720
 1.1 90880 119308 195720
 1.1 90880 119308 195720
 1.1 90880 119308 195720
 1.1 90880 119308 195720
 1.1 90880 119308 195720
 1.1 90880 119308 195720
 1.1 90880 119308 195720
 1.1 90880 119308 195720
 1.1 90880 119308 195720
 1.1 90880 119308 195720
 1.1 90880 119308 195720
 1.1 90880 119308 195720
 1.1 90880 119308 195720
 1.1 90880 119308 195720
 1.1 90880 119308 195720
 1.1 90880 119308 195720
 1.1 90880 119308 195720
 1.1 90880 119308 195720
 1.1 90880 119308 195720
 1.1 90880 119308 195720
 1.1 90880 119308 195720
 1.1 90880 119308 195720
 1.1 90880 119308 195720
 1.1 90880 119308 195720
 1.1 90880 119308 195720
 1.1 90880 119308 195720
 1.1 90880 119308 195720
 1.1 90880 119308 195720
 1.1 90880 119308 195720
 1.1 90880 119308 195720
 1.1 90880 119308 195720
 1.1 90880 119308 195720
 1.1 90880 119308 195720
 1.1 90880 119308 195720
 1.1 90880 119308 195720
 1.1 90880 119308 195720
 1.1 90880 119308 195720
 1.1 90880 119308 195720
 1.1 90880 119308 195720
 1.1 90880 119308 195720
 1.1 90880 119308 195720
 1.1 90880 119308 195720
 1.1 90880 119308 195720
 1.1 90880 119308 195720
 1.1 90880 119308 195720
 1.1 90880 119308 195720
 1.1 90880 119308 195720
 1.1 90880 119308 195720
 1.1 90880 119308 195720
 1.1 90880 119308 195720
 1.1 90880 119308 195720
 1.1 90880 119308 195720
 1.1 90880 119308 195720
 1.1 90880 119308 195720
 1.1 90880 119308 195720
 1.1 90880 119308 195720
 1.1 90880 119308 195720
 1.1 90880 119308 195720
 1.1 90880 119308 195720
 1.1 90880 119308 195720
 1.1 90880 119308 195720
 1.1 90880 119308 195720
 1.1 90880 119308 195720
 1.1 90880 119308 195720
 1.1 90880 119308 195720
 1.1 90880 119308 195720
 1.1 90880 119308 195720
 1.1 90880 119308 195720
 1.1 90880 119308 195720
 1.1 90880 119308 195720
 1.1 90880 119308 195720
 1.1 90880 119308 195720
 1.1 90880 119308 195720
 1.1 90880 119308 195720
 1.1 90880 119308 195720
 1.1 90880 119308 195720
 1.1 90880 119308 195720
 1.1 90880 119308 195720
 1.1 90880 119308 195720
 1.1 90880 119308 195720
 1.1 90880 119308 195720
 1.1 90880 119308 195720
 1.1 90880 119308 195720
 1.1 90880 119308 195720
 1.1 90880 119308 195720
 1.1 90880 119308 195720
 1.1 90880 119308 195720
 1.1 90880 119308 195720
 1.1 90880 119308 195720
 1.1 90880 119308 195720
 1.1 90880 119308 195720
 1.1 90880 119308 195720
 1.1 90880 119308 195720
 1.1 90880 119308 195720
 1.1 90880 119308 195720
 1.1 90880 119308 195720
 1.1 90880 119308 195720
 1.1 90880 119308 195720
 1.1 90880 119308 195720
 1.1 90880 119308 195720
 1.1 90880 119308 195720
 1.1 90880 119308 195720
 1.1 90880 119308 195720
 1.1 90880 119308 195720
 1.1 90880 119308 195720
 1.1 90880 119308 195720
 1.1 90880 119308 195720
 1.1 90880 119308 195720
 1.1 90880 119308 195720
 1.1 90880 119308 195720
 1.1 90880 119308 195720
 1.1 90880 119308 195720
 1.1 90880 119308 195720
 1.1 90880 119308 195720
 1.1 90880 119308 195720
 1.1 90880 119308 195720
 1.1 90880 119308 195720
 1.1 90880 119308 195720
 1.1 90880 119308 195720
 1.1 90880 119308 195720
 1.1 90880 119308 195720
 1.1 90880 119308 195720
 1.1 90880 119308 195720
 1.1 90880 119308 195720
 1.1 90880 119308 195720
 1.1 90880 119308 195720
 1.1 90880 119308 195720
 1.1 90880 119308 195720
 1.1 90880 119308 195720
 1.1 90880 119308 195720
 1.1 90880 119308 195720
 1.1 90880 119308 195720
 1.1 90880 119308 195720
 1.1 90880 119308 195720
 1.1 90880 119308 195720
 1.1 90880 119308 195720
 1.1 90880 119308 195720
 1.1 90880 119308 195720
 1.1 90880 119308 195720
 1.1 90880 119308 195720
 1.1 90880 119308 195720
 1.1 90880 119308 195720
 1.1 90880 119308 195720
 1.1 90880 119308 195720
 1.1 90880 119308 195720
 1.1 90880 119308 195720
 1.1 90880 119308 195720
 1.1 90880 119308 195720
 1.1 90880 119308 195720
 1.1 90880 119308 195720
 1.1 90880 119308 195720
 1.1 90880 119308 195720
 1.1 90880 119308 195720
 1.1 90880 119308 195720
 1.1 90880 119308 195720
 1.1 90880 119308 195720
 1.1 90880 119308 195720
 1.1 90880 119308 195720
 1.1 90880 119308 195720
 1.1 90880 119308 195720
 1.1 90880 119308 195720
 1.1 90880 119308 195720
 1.1 90880 119308 195720
 1.1 90880 119308 195720
 1.1 90880 119308 195720
 1.1 90880 119308 195720
 1.1 90880 119308 195720
 1.1 90880 119308 195720
 1.1 90880 119308 195720
 1.1 90880 119308 195720
 1.1 90880 119308 195720
 1.1 90880 119308 195720
 1.1 90880 119308 195720
 1.1 90880 119308 195720
 1.1 90880 119308 195720
 1.1 90880 119308 195720
 1.1 90880 119308 195720
 1.1 90880 119308 195720
 1.1 90880 119308 195720
 1.1 90880 119308 195720
 1.1 90880 119308 195720
 1.1 90880 119308 195720
 1.1 90880 119308 195720
 1.1 90880 119308 195720
 1.1 90880 119308 195720
 1.1 90880 119308 195720
 1.1 90880 119308 195720
 1.1 90880 119308 195720
 1.1 90880 119308 195720
 1.1 90880 119308 195720
 1.1 90880 119308 195720
 1.1 90880 119308 195720
 1.1 90880 119308 195720
 1.1 90880 119308 195720
 1.1 90880 119308 195720
 1.1 90880 119308 195720
 1.1 90880 119308 195720
 1.1 90880 119308 195720
 1.1 90880 119308 195720
 1.1 90880 119308 195720
 1.1 90880 119308 195720
 1.1 90880 119308 195720
 1.1 90880 119308 195720
 1.1 90880 119308 195720
 1.1 90880 119308 195720
 1.1 90880 119308 195720
 1.1 90880 119308 195720
 1.1 90880 119308 195720
 1.1 90880 119308 195720
 1.1 90880 119308 195720
 1.1 90880 119308 195720
 1.1 90880 119308 195720
 1.1 90880 119308 195720
 1.1 90880 119308 195720
 1.1 90880 119308 195720
 1.1 90880 119308 195720
 1.1 90880 119308 195720
 1.1 90880 119308 195720
 1.1 90880 119308 195720
 1.1 90880 119308 195720
 1.1 90880 119308 195720
 1.1 90880 119308 195720
 1.1 90880 119308 195720
 1.1 90880 119308 195720
 1.1 90880 119308 195720
 1.1 90880 119308 195720
 1.1 90880 119308 195720
 1.1 90880 119308 195720
 1.1 90880 119308 195720
 1.1 90880 119308 195720
 1.1 90880 119308 195720
 1.1 90880 119308 195720
 1.1 90880 119308 195720
 1.1 90880 119308 195720
 1.1 90880 119308 195720
 1.1 90880 119308 195720
 1.1 90880 119308 195720
 1.1 90880 119308 195720
 1.1 90880 119308 195720
 1.1 90880 119308 195720
 1.1 90880 119308 195720
 1.1 90880 119308 195720
 1.1 90880 119308 195720
 1.1 90880 119308 195720
 1.1 90880 119308 195720
 1.1 90880 119308 195720
 1.1 90880 119308 195720
 1.1 90880 119308 195720
 1.1 90880 119308 195720
 1.1 90880 119308 195720
 1.1 90880 119308 195720
 1.1 90880 119308 195720
 1.1 90880 119308 195720
 1.1 90880 119308 195720
 1.1 90880 119308 195720
 1.1 90880 119308 195720
 1.1 90880 119308 195720
 1.1 90880 119308 195720
 1.1 90880 119308 195720
 1.1 90880 119308 195720
 1.1 90880 119308 195720
 1.1 90880 119308 195720
 1.1 90880 119308 195720
 1.1 90880 119308 195720
 1.1 90880 119308 195720
 1.1 90880 119308 195720
 1.1 90880 119308 195720
 1.1 90880 119308 195720
 1.1 90880 119308 195720
 1.1 90880 119308 195720
 1.1 90880 119308 195720
 1.1 90880 119308 195720
 1.1 90880 119308 195720
 1.1 90880 119308 195720
 1.1 90880 119308 195720
 1.1 90880 119308 195720
 1.1 90880 119308 195720
 1.1 90880 119308 195720
 1.1 90880 119308 195720
 1.1 90880 119308 195720
 1.1 90880 119308 195720
 1.1 90880 119308 195720
 1.1 90880 119308 195720
 1.1 90880 119308 195720
 1.1 90880 119308 195720
 1.1 90880 119308 195720
 1.1 90880 119308 195720
 1.1 90880 119308 195720
 1.1 90880 119308 195720
 1.1 90880 119308 195720
 1.1 90880 119308 195720
 1.1 90880 119308 195720
 1.1 90880 119308 195720
 1.1 90880 119308 195720
 1.1 90880 119308 195720
 1.1 90880 119308 195720
 1.1 90880 119308 195720
 1.1 90880 119308 195720
 1.1 90880 119308 195720
 1.1 90880 119308 195720
 1.1 90880 119308 195720
 1.1 90880 119308 195720
 1.1 90880 119308 195720
 1.1 90880 119308 195720
 1.1 90880 119308 195720
 1.1 90880 119308 195720
 1.1 90880 119308 195720
 1.1 90880 119308 195720
 1.1 90880 119308 195720
 1.1 90880 119308 195720
 1.1 90880 119308 195720
 1.1 90880 119308 195720
 1.1 90880 119308 195720
 1.1 90880 119308 195720
 1.1 90880 119308 195720
 1.1 90880 119308 195720
 1.1 90880 119308 195720
 1.1 90880 119308 195720
 1.1 90880 119308 195720
 1.1 90880 119308 195720
 1.1 90880 119308 195720
 1.1 90880 119308 195720
 1.1 90880 119308 195720
 1.1 90880 119308 195720
 1.1 90880 119308 195720
 1.1 90880 119308 195720
 1.1 90880 119308 195720
 1.1 90880 119308 195720
 1.1 90880 119308 195720
 1.1 90880 119308 195720
 1.1 90880 119308 195720
 1.1 90880 119308 195720
 1.1 90880 119308 195720
 1.1 90880 119308 195720
 1.1 90880 119308 195720
 1.1 90880 119308 195720
 1.1 90880 119308 195720
 1.1 90880 119308 195720
 1.1 90880 119308 195720
 1.1 90880 119308 195720
 1.1 90880 119308 195720
 1.1 90880 119308 195720
 1.1 90880 119308 195720
 1.1 90880 119308 195720
 1.1 90880 119308 195720
 1.1 90880 119308 195720
 1.1 90880 119308 195720
 1.1 90880 119308 195720
 1.1 90880 119308 195720
 1.1 90880 119308 195720
 1.1 90880 119308 195720
 1.1 90880 119308 195720
 1.1 90880 119308 195720
 1.1 90880 119308 195720
 1.1 90880 119308 195720
 1.1 90880 119308 195720
 1.1 90880 119308 195720
 1.1 90880 119308 195720
 1.1 90880 119308 195720
 1.1 90880 119308 195720
 1.1 90880 119308 195720
 1.1 90880 119308 195720
 1.1 90880 119308 195720
 1.1 90880 119308 195720
 1.1 90880 119308 195720
 1.1 90880 119308 195720
 1.1 90880 119308 195720
 1.1 90880 119308 195720
 1.1 90880 119308 195720
 1.1 90880 119308 195720
 1.1 90880 119308 195720
 1.1 90880 119308 195720
 1.1 90880 119308 195720
 1.1 90880 119308 195720
 1.1 90880 119308 195720
 1.1 90880 119308 195720
 1.1 90880 119308 195720
 1.1 90880 119308 195720
 1.1 90880 119308 195720
 1.1 90880 119308 195720
 1.1 90880 119308 195720
 1.1 90880 119308 195720
 1.1 90880 119308 195720
 1.1 90880 119308 195720
 1.1 90880 119308 195720
 1.1 90880 119308 195720
 1.1 90880 119308 195720
 1.1 90880 119308 195720
 1.1 90880 119308 195720
 1.1 90880 119308 195720
 1.1 90880 119308 195720
 1.1 90880 119308 195720
 1.1 90880 119308 195720
 1.1 90880 119308 195720
 1.1 90880 119308 195720
 1.1 90880 119308 195720
 1.1 90880 119308 195720
 1.1 90880 119308 195720
 1.1 90880 119308 195720
 1.1 90880 119308 195720
 1.1 90880 119308 195720
 1.1 90880 119308 195720
 1.1 90880 119308 195720
 1.1 90880 119308 195720
 1.1 90880 119308 195720
 1.1 90880 119308 195720
 1.1 90880 119308 195720
 1.1 90880 119308 195720
 1.1 90880 119308 195720
 1.1 90880 119308 195720
 1.1 90880 119308 195720
 1.1 90880 119308 195720
 1.1 90880 119308 195720
 1.1 90880 119308 195720
 1.1 90880 119308 195720
 1.1 90880 119308 195720
 1.1 90880 119308 195720
 1.1 90880 119308 195720
 1.1 90880 119308 195720
 1.1 90880 119308 195720
 1.1 90880 119308 195720
 1.1 90880 119308 195720
 1.1 90880 119308 195720
 1.1 90880 119308 195720
 1.1 90880 119308 195720
 1.1 90880 119308 195720
 1.1 90880 119308 195720
 1.1 90880 119308 195720
 1.1 90880 119308 195720
 1.1 90880 119308 195720
 1.1 90880 119308 195720
 1.1 90880 119308 195720
 1.1 90880 119308 195720
 1.1 90880 119308 195720
 1.1 90880 119308 195720
 1.1 90880 119308 195720
 1.1 90880 119308 195720
 1.1 90880 119308 195720
 1.1 90880 119308 195720
 1.1 90880 119308 195720
 1.1 90880 119308 195720
 1.1 90880 119308 195720
 1.1 90880 119308 195720
 1.1 90880 119308 195720
 1.1 90880 119308 195720
 1.1 90880 119308 195720
 1.1 90880 119308 195720
 1.1 90880 119308 195720
 1.1 90880 119308 195720
 1.1 90880 119308 195720
 1.1 90880 119308 195720
 1.1 90880 119308 195720
 1.1 90880 119308 195720
 1.1 90880 119308 195720
 1.1 90880 119308 195720
 1.1 90880 119308 195720
 1.1 90880 119308 195720
 1.1 90880 119308 195720
 1.1 90880 119308 195720
 1.1 90880 119308 195720
 1.1 90880 119308 195720
 1.1 90880 119308 195720
 1.1 90880 119308 195720
 1.1 90880 119308 195720
 1.1 90880 119308 195720
 1.1 90880 119308 195720
 1.1 90880 119308 195720
 1.1 90880 119308 195720
 1.1 90880 119308 195720
 1.1 90880 119308 195720
 1.1 90880 119308 195720
 1.1 90880 119308 195720
 1.1 90880 119308 195720
 1.1 90880 119308 195720
 1.1 90880 119308 195720
 1.1 90880 119308 195720
 1.1 90880 119308 195720
 1.1 90880 119308 195720
 1.1 90880 119308 195720
 1.1 90880 119308 195720
 1.1 90880 119308 195720
 1.1 90880 119308 195720
 1.1 90880 119308 195720
 1.1 90880 119308 195720
 1.1 90880 119308 195720
 1.1 90880 119308 195720
 1.1 90880 119308 195720
 1.1 90880 119308 195720
 1.1 90880 119308 195720
 1.1 90880 119308 195720
 1.1 90880 119308 195720
 1.1 90880 119308 195720
 1.1 90880 119308 195720
 1.1 90880 119308 195720
 1.1 90880 119308 195720
 1.1 90880 119308 195720
 1.1 90880 119308 195720
 1.1 90880 119308 195720
 1.1 90880 119308 195720
 1.1 90880 119308 195720
 1.1 90880 119308 195720
 1.1 90880 119308 195720
 1.1 90880 119308 195720
 1.1 90880 119308 195720
 1.1 90880 119308 195720
 1.1 90880 119308 195720
 1.1 90880 119308 195720
 1.1 90880 119308 195720
 1.1 90880 119308 195720
 1.1 90880 119308 195720
 1.1 90880 119308 195720
 1.1 90880 119308 195720
 1.1 90880 119308 195720
 1.1 90880 119308 195720
 1.1 90880 119308 195720
 1.1 90880 119308 195720
 1.1 90880 119308 195720
 1.1 90880 119308 195720
 1.1 90880 119308 195720
 1.1 90880 119308 195720
 1.1 90880 119308 195720
 1.1 90880 119308 195720
 1.1 90880 119308 195720
 1.1 90880 119308 195720
 1.1 90880 119308 195720
 1.1 90880 119308 195720
 1.1 90880 119308 195720
 1.1 90880 119308 195720
 1.1 90880 119308 195720
 1.1 90880 119308 195720
 1.1 90880 119308 195720
 1.1 90880 119308 195720
 1.1 90880 119308 195720
 1.1 90880 119308 195720
 1.1 90880 119308 195720
 1.1 90880 119308 195720
 1.1 90880 119308 195720
 1.1 90880 119308 195720
 1.1 90880 119308 195720
 1.1 90880 119308 195720
 1.1 90880 119308 195720
 1.1 90880 119308 195720
 1.1 90880 119308 195720
 1.1 90880 119308 195720
 1.1 90880 119308 195720
 1.1 90880 119308 195720
 1.1 90880 119308 195720
 1.1 90880 119308 195720
 1.1 90880 119308 195720
 1.1 90880 119308 195720
 1.1 90880 119308 195720
 1.1 90880 119308 195720
 1.1 90880 119308 195720
 1.1 90880 119308 195720
 1.1 90880 119308 195720
 1.1 90880 119308 195720
 1.1 90880 119308 195720
 1.1 90880 119308 195720
 1.1 90880 119308 195720
 1.1 90880 119308 195720
 1.1 90880 119308 195720
 1.1 90880 119308 195720
 1.1 90880 119308 195720
 1.1 90880 119308 195720
 1.1 90880 119308 195720
 1.1 90880 119308 195720
 1.1 90880 119308 195720
 1.1 90880 119308 195720
 1.1 90880 119308 195720
 1.1 90880 119308 195720
 1.1 90880 119308 195720
 1.1 90880 119308 195720
 1.1 90880 119308 195720
 1.1 90880 119308 195720
 1.1 90880 119308 195720
 1.1 90880 119308 195720
 1.1 90880 119308 195720
 1.1 90880 119308 195720
 1.1 90880 119308 195720
 1.1 90880 119308 195720
 1.1 90880 119308 195720
 1.1 90880 119308 195720
 1.1 90880 119308 195720
 1.1 90880 119308 195720
 1.1 90880 119308 195720
 1.1 90880 119308 195720
 1.1 90880 119308 195720
 1.1 90880 119308 195720
 1.1 90880 119308 195720
 1.1 90880 119308 195720
 1.1 90880 119308 195720
 1.1 90880 119308 195720
 1.1 90880 119308 195720
 1.1 90880 119308 195720
 1.1 90880 119308 195720
 1.1 90880 119308 195720
 1.1 90880 119308 195720
 1.1 90880 119308 195720
 1.1 90880 119308 195720
 1.1 90880 119308 195720
 1.1 90880 119308 195720
 1.1 90880 119308 195720
 1.1 90880 119308 195720
 1.1 90880 119308 195720
 1.1 90880 119308 195720
 1.1 90880 119308 195720
 1.1 90880 119308 195720
 1.1 90880 119308 195720
 1.1 90880 119308 195720
 1.1 90880 119308 195720
 1.1 90880 119308 195720
 1.1 90880 119308 195720
 1.1 90880 119308 195720
 1.1 90880 119308 195720
 1.1 90880 119308 195720
 1.1 90880 119308 195720
 1.1 90880 119308 195720
 1.1 90880 119308 195720
 1.1 90880 119308 195720
 1.1 90880 119308 195720
 1.1 90880 119308 195720
 1.1 90880 119308 195720
 1.1 90880 119308 195720
 1.1 90880 119308 195720
 1.1 90880 119308 195720
 1.1 90880 119308 195720
 1.1 92196 119308 195720
 1.1 93516 119308 195720
 1.1 93516 119308 195720
 1.1 93516 119308 195720
 1.1 93516 119308 195720
 1.1 93516 119308 195720
 1.1 93516 119308 195720
 1.1 93516 119308 195720
 1.1 93516 119308 195720
 1.1 93516 119308 195720
 1.1 93516 119308 195720
 1.1 93516 119308 195720
 1.1 93516 119308 195720
 1.1 93516 119308 195720
 1.1 93516 119308 195720
 0.4 37704 55328 131740
 1.0 80772 100156 176568
 1.3 106108 119500 195912
 1.3 106108 119500 195912
 1.3 106108 119500 195912
 1.3 106108 119500 195912
 1.3 106108 119500 195912
 1.3 106108 119500 195912
 1.3 106108 119500 195912
 1.3 106108 119500 195912
 1.3 106108 119500 195912
 1.3 106108 119500 195912
 1.3 106108 119500 195912
 1.3 106108 119500 195912
 1.3 106108 119500 195912
 1.3 106108 119500 195912
 1.3 106108 119500 195912
 1.3 106108 119500 195912
 1.3 106108 119500 195912
 1.3 106108 119500 195912
 1.3 106108 119500 195912
 1.3 106108 119500 195912
 1.3 106108 119500 195912
 1.3 106108 119500 195912
 1.3 106108 119500 195912
 1.3 106108 119500 195912
 1.3 106108 119500 195912
 1.3 106108 119500 195912
 1.3 106108 119500 195912
 1.3 106108 119500 195912
 1.3 106108 119500 195912
 1.3 106108 119500 195912
 1.3 106108 119500 195912
 1.3 106108 119500 195912
 1.3 106108 119500 195912
 1.3 106108 119500 195912
 1.3 106108 119500 195912
 1.3 106108 119500 195912
 1.3 106108 119500 195912
 1.3 106108 119500 195912
 1.3 106108 119500 195912
 1.3 106108 119500 195912
 1.3 106108 119500 195912
 1.3 106108 119500 195912
 1.3 106108 119500 195912
 1.3 106108 119500 195912
 1.3 106108 119500 195912
 1.3 106108 119500 195912
 1.3 106108 119500 195912
 1.3 106108 119500 195912
 1.3 106108 119500 195912
 1.3 106108 119500 195912
 1.3 106108 119500 195912
 1.3 106108 119500 195912
 1.3 106108 119500 195912
 1.3 106108 119500 195912
 1.3 106108 119500 195912
 1.3 106108 119500 195912
 1.3 106108 119500 195912
 1.3 106108 119500 195912
 1.3 106108 119500 195912
 1.3 106108 119500 195912
 1.3 106108 119500 195912
 1.3 106108 119500 195912
 1.3 106108 119500 195912
 1.3 106108 119500 195912
 1.3 106108 119500 195912
 1.3 106108 119500 195912
 1.3 106108 119500 195912
 1.3 106108 119500 195912
 0.1 12784 29772 106184
 0.6 55124 74600 151012
 1.2 99784 113024 189436
 1.3 106044 119428 195840
 1.3 106044 119428 195840
 1.3 106044 119428 195840
 1.3 106044 119428 195840
 1.3 106044 119428 195840
 1.3 106044 119428 195840
 1.3 106044 119428 195840
 1.3 106044 119428 195840
 1.3 106044 119428 195840
 1.3 106044 119428 195840
 1.3 106044 119428 195840
 1.3 106044 119428 195840
 1.3 106044 119428 195840
 1.3 106044 119428 195840
 1.3 106044 119428 195840
 1.3 106044 119428 195840
 1.3 106044 119428 195840
 1.3 106044 119428 195840
 1.3 106044 119428 195840
 1.3 106044 119428 195840
 1.3 106044 119428 195840
 1.3 106044 119428 195840
 1.3 106044 119428 195840
 1.3 106044 119428 195840
 1.3 106044 119428 195840
 1.3 106044 119428 195840
 1.3 106044 119428 195840
 1.3 106044 119428 195840
 1.3 106044 119428 195840
 1.3 106044 119428 195840
 1.3 106044 119428 195840
 1.3 106044 119428 195840
 1.3 106044 119428 195840
 1.3 106044 119428 195840
 1.3 106044 119428 195840
 1.3 106044 119428 195840
 1.3 106044 119428 195840
 1.3 106044 119428 195840
 1.3 106044 119428 195840
 1.3 106044 119428 195840
 1.3 106044 119428 195840
 1.3 106044 119428 195840
 1.3 106044 119428 195840
 1.3 106044 119428 195840
 1.3 106044 119428 195840
 1.3 106044 119428 195840
 1.3 106044 119428 195840
 1.3 106044 119428 195840
 1.3 106044 119428 195840
 1.3 106044 119428 195840
 1.3 106044 119428 195840
 1.3 106044 119428 195840
 1.3 106044 119428 195840
 1.3 106044 119428 195840
 1.3 106044 119428 195840
 1.3 106044 119428 195840
 1.3 106044 119428 195840
 1.3 106044 119428 195840
 1.3 106044 119428 195840
 1.3 106044 119428 195840
 1.3 106044 119428 195840
 1.3 106044 119428 195840
 1.3 106044 119428 195840
 1.3 106044 119428 195840
 1.3 106044 119428 195840
 1.3 106044 119428 195840
 1.3 106044 119428 195840
 1.3 106044 119428 195840
 0.1 15940 29772 106184
 0.7 60064 74600 151012
 1.3 105984 119428 195840
 1.3 105984 119428 195840
 1.3 105984 119428 195840
 1.3 105984 119428 195840
 1.3 105984 119428 195840
 1.3 105984 119428 195840
 1.3 105984 119428 195840
 1.3 105984 119428 195840
 1.3 105984 119428 195840
 1.3 105984 119428 195840
 1.3 105984 119428 195840
 1.3 105984 119428 195840
 1.3 105984 119428 195840
 1.3 105984 119428 195840
 1.3 105984 119428 195840
 1.3 105984 119428 195840
 1.3 105984 119428 195840
 1.3 105984 119428 195840
 1.3 105984 119428 195840
 1.3 105984 119428 195840
 1.3 105984 119428 195840
 1.3 105984 119428 195840
 1.3 105984 119428 195840
 1.3 105984 119428 195840
 1.3 105984 119428 195840
 1.3 105984 119428 195840
 1.3 105984 119428 195840
 1.3 105984 119428 195840
 1.3 105984 119428 195840
 1.3 105984 119428 195840
 1.3 105984 119428 195840
 1.3 105984 119428 195840
 1.3 105984 119428 195840
 1.3 105984 119428 195840
 1.3 105984 119428 195840
 1.3 105984 119428 195840
 1.3 105984 119428 195840
 1.3 105984 119428 195840
 1.3 105984 119428 195840
 1.3 105984 119428 195840
 1.3 105984 119428 195840
 1.3 105984 119428 195840
 1.3 105984 119428 195840
 1.3 105984 119428 195840
 1.3 105984 119428 195840
 1.3 105984 119428 195840
 1.3 105984 119428 195840
 1.3 105984 119428 195840
 1.3 105984 119428 195840
 1.3 105984 119428 195840
 1.3 105984 119428 195840
 1.3 105984 119428 195840
 1.3 105984 119428 195840
 1.3 105984 119428 195840
 1.3 105984 119428 195840
 1.3 105984 119428 195840
 1.3 105984 119428 195840
 1.3 105984 119428 195840
 1.3 105984 119428 195840
 1.3 105984 119428 195840
 1.3 105984 119428 195840
 1.3 105984 119428 195840
 1.3 105984 119428 195840
 1.3 105984 119428 195840
 1.3 105984 119428 195840
 1.3 105984 119428 195840
 1.3 105984 119428 195840
 1.3 105984 119428 195840
 1.3 105984 119428 195840
 0.0  3808 16968  93380
 0.0  3808 16968  93380
 0.4 38428 68176 144588
 1.0 87624 119384 195796
 1.3 106028 119384 195796
 1.3 106028 119384 195796
 1.3 106028 119384 195796
 1.3 106028 119384 195796
 1.3 106028 119384 195796
 1.3 106028 119384 195796
 1.3 106028 119384 195796
 1.3 106028 119384 195796
 1.3 106028 119384 195796
 1.3 106028 119384 195796
 1.3 106028 119384 195796
 1.3 106028 119384 195796
 1.3 106028 119384 195796
 1.3 106028 119384 195796
 1.3 106028 119384 195796
 1.3 106028 119384 195796
 1.3 106028 119384 195796
 1.3 106028 119384 195796
 1.3 106028 119384 195796
 1.3 106028 119384 195796
 1.3 106028 119384 195796
 1.3 106028 119384 195796
 1.3 106028 119384 195796
 1.3 106028 119384 195796
 1.3 106028 119384 195796
 1.3 106028 119384 195796
 1.3 106028 119384 195796
 1.3 106028 119384 195796
 1.3 106028 119384 195796
 1.3 106028 119384 195796
 1.3 106028 119384 195796
 1.3 106028 119384 195796
 1.3 106028 119384 195796
 1.3 106028 119384 195796
 1.3 106028 119384 195796
 1.3 106028 119384 195796
 1.3 106028 119384 195796
 1.3 106028 119384 195796
 1.3 106028 119384 195796
 1.3 106028 119384 195796
 1.3 106028 119384 195796
 1.3 106028 119384 195796
 1.3 106028 119384 195796
 1.3 106028 119384 195796
 1.3 106028 119384 195796
 1.3 106028 119384 195796
 1.3 106028 119384 195796
 1.3 106028 119384 195796
 1.3 106028 119384 195796
 1.3 106028 119384 195796
 1.3 106028 119384 195796
 1.3 106028 119384 195796
 1.3 106028 119384 195796
 1.3 106028 119384 195796
 1.3 106028 119384 195796
 1.3 106028 119384 195796
 1.3 106028 119384 195796
 1.3 106028 119384 195796
 1.3 106028 119384 195796
 1.3 106028 119384 195796
 1.3 106028 119384 195796
 1.3 106028 119384 195796
 1.3 106028 119384 195796
 1.3 106028 119384 195796
 1.3 106028 119384 195796
 1.3 106028 119384 195796
 1.3 106028 119384 195796
 1.3 106028 119384 195796
 1.3 106028 119384 195796
 1.3 106028 119384 195796
 1.3 106028 119384 195796
 1.3 106028 119384 195796
 1.3 106028 119384 195796
 1.3 106028 119384 195796
 1.3 106028 119384 195796
 1.3 106028 119384 195796
 1.3 106028 119384 195796
 1.3 106028 119384 195796
 1.3 106028 119384 195796
 1.3 106028 119384 195796
 1.3 106028 119384 195796
 1.3 106028 119384 195796
 1.3 106028 119384 195796
 1.3 106028 119384 195796
 1.3 106028 119384 195796
 1.3 106028 119384 195796
 1.3 106028 119384 195796
 1.3 106028 119384 195796
 1.3 106028 119384 195796
 1.3 106028 119384 195796
 1.3 106028 119384 195796
 1.3 106028 119384 195796
 1.3 106028 119384 195796
 1.3 106028 119384 195796
 1.3 106028 119384 195796
 1.3 106028 119384 195796
 1.3 106028 119384 195796
 1.3 106028 119384 195796
 1.3 106028 119384 195796
 1.3 106028 119384 195796
 1.3 106028 119384 195796
 1.3 106028 119384 195796
 1.3 106028 119384 195796
 1.3 106028 119384 195796
 1.3 106028 119384 195796
 1.3 106028 119384 195796
 1.3 106028 119384 195796
 1.3 106028 119384 195796
 1.3 106028 119384 195796
 1.3 106028 119384 195796
 1.3 106028 119384 195796
 1.3 106028 119384 195796
 1.3 106028 119384 195796
 1.3 106028 119384 195796
 1.3 106028 119384 195796
 1.3 106028 119384 195796
 1.3 106028 119384 195796
 1.3 106028 119384 195796
 1.3 106028 119384 195796
 1.3 106028 119384 195796
 1.3 106028 119384 195796
 1.3 106028 119384 195796
 1.3 106028 119384 195796
 1.3 106028 119384 195796
 1.3 106028 119384 195796
 1.3 106028 119384 195796
 1.3 106028 119384 195796
 1.3 106028 119384 195796
 1.3 106028 119384 195796
 1.3 106028 119384 195796
 1.3 106028 119384 195796
 1.3 106028 119384 195796
 1.3 106028 119384 195796
 1.3 106028 119384 195796
 1.3 106028 119384 195796
 1.3 106028 119384 195796
 1.3 106028 119384 195796
 1.3 106028 119384 195796
 1.3 106028 119384 195796
 1.3 106028 119384 195796
 1.3 106028 119384 195796
 1.3 106028 119384 195796
 1.3 106028 119384 195796
 1.3 106028 119384 195796
 1.3 106028 119384 195796
 1.3 106028 119384 195796
 1.3 106028 119384 195796
 1.3 106028 119384 195796
 1.3 106028 119384 195796
 1.3 106028 119384 195796
 1.3 106028 119384 195796
 1.3 106028 119384 195796
 1.3 106028 119384 195796
 1.3 106028 119384 195796
 1.3 106028 119384 195796
 1.3 106028 119384 195796
 1.3 106028 119384 195796
 1.3 106028 119384 195796
 1.3 106028 119384 195796
 1.3 106028 119384 195796
 1.3 106028 119384 195796
 1.3 106028 119384 195796
 1.3 106028 119384 195796
 1.3 106028 119384 195796
 1.3 106028 119384 195796
 1.3 106028 119384 195796
 1.3 106028 119384 195796
 1.3 106028 119384 195796
 1.3 106028 119384 195796
 1.3 106028 119384 195796
 1.3 106028 119384 195796
 1.3 106028 119384 195796
 1.3 106028 119384 195796
 1.3 106028 119384 195796
 1.3 106028 119384 195796
 1.3 106028 119384 195796
 1.3 106028 119384 195796
 1.3 106028 119384 195796
 1.3 106028 119384 195796
 1.3 106028 119384 195796
 1.3 106028 119384 195796
 1.3 106028 119384 195796
 1.3 106028 119384 195796
 1.3 106028 119384 195796
 1.3 106028 119384 195796
 1.3 106028 119384 195796
 1.3 106028 119384 195796
 1.3 106028 119384 195796
 1.3 106028 119384 195796
 1.3 106028 119384 195796
 1.3 106028 119384 195796
 1.3 106028 119384 195796
 1.3 106028 119384 195796
 1.3 106028 119384 195796
 1.3 106028 119384 195796
 1.3 106028 119384 195796
 1.3 106028 119384 195796
 1.3 106028 119384 195796
 1.3 106028 119384 195796
 1.3 106028 119384 195796
 1.3 106028 119384 195796
 1.3 106028 119384 195796
 1.3 106028 119384 195796
 1.3 106028 119384 195796
 1.3 106028 119384 195796
 1.3 106028 119384 195796
 1.3 106028 119384 195796
 1.3 106028 119384 195796
 1.3 106028 119384 195796
 1.3 106028 119384 195796
 1.3 106028 119384 195796
 1.3 106028 119384 195796
 1.3 106028 119384 195796
 1.3 106028 119384 195796
 1.3 106028 119384 195796
 1.3 106028 119384 195796
 1.3 106028 119384 195796
 1.3 106028 119384 195796
 1.3 106028 119384 195796
 1.3 106028 119384 195796
 1.3 106028 119384 195796
 1.3 106028 119384 195796
 1.3 106028 119384 195796
 1.3 106028 119384 195796
 1.3 106028 119384 195796
 1.3 106028 119384 195796
 1.3 106028 119384 195796
 1.3 106028 119384 195796
 1.3 106028 119384 195796
 1.3 106028 119384 195796
 1.3 106028 119384 195796
 1.3 106028 119384 195796
 1.3 106028 119384 195796
 1.3 106028 119384 195796
 1.3 106028 119384 195796
 1.3 106028 119384 195796
 1.3 106028 119384 195796
 1.3 106028 119384 195796
 1.3 106028 119384 195796
 1.3 106028 119384 195796
 1.3 106028 119384 195796
 1.3 106028 119384 195796
 1.3 106028 119384 195796
 1.3 106028 119384 195796
 1.3 106028 119384 195796
 1.3 106028 119384 195796
 1.3 106028 119384 195796
 1.3 106028 119384 195796
 1.3 106028 119384 195796
 1.3 106028 119384 195796
 1.3 106028 119384 195796
 1.3 106028 119384 195796
 1.3 106028 119384 195796
 1.3 106028 119384 195796
 1.3 106028 119384 195796
 1.3 106028 119384 195796
 1.3 106028 119384 195796
 1.3 106028 119384 195796
 1.3 106028 119384 195796
 1.3 106028 119384 195796
 1.3 106028 119384 195796
 1.3 106028 119384 195796
 1.3 106028 119384 195796
 1.3 106028 119384 195796
 1.3 106028 119384 195796
 1.3 106028 119384 195796
 1.3 106028 119384 195796
 1.3 106028 119384 195796
 1.3 106028 119384 195796
 1.3 106028 119384 195796
 1.3 106028 119384 195796
 1.3 106028 119384 195796
 1.3 106028 119384 195796
 1.3 106028 119384 195796
 1.3 106028 119384 195796
 1.3 106028 119384 195796
 1.3 106028 119384 195796
 1.3 106028 119384 195796
 1.3 106028 119384 195796
 1.3 106028 119384 195796
 1.3 106028 119384 195796
 1.3 106028 119384 195796
 1.3 106028 119384 195796
 1.3 106028 119384 195796
 1.3 106028 119384 195796
 1.3 106028 119384 195796
 1.3 106028 119384 195796
 1.3 106028 119384 195796
 1.3 106028 119384 195796
 1.3 106028 119384 195796
 1.3 106028 119384 195796
 1.3 106028 119384 195796
 1.3 106028 119384 195796
 1.3 106028 119384 195796
 1.3 106028 119384 195796
 1.3 106028 119384 195796
 1.3 106028 119384 195796
 1.3 106028 119384 195796
 1.3 106028 119384 195796
 1.3 106028 119384 195796
 1.3 106028 119384 195796
 1.3 106028 119384 195796
 1.3 106028 119384 195796
 1.3 106028 119384 195796
 1.3 106028 119384 195796
 1.3 106028 119384 195796
 1.3 106028 119384 195796
 1.3 106028 119384 195796
 1.3 106028 119384 195796
 1.3 106028 119384 195796
 1.3 106028 119384 195796
 1.3 106028 119384 195796
 1.3 106028 119384 195796
 1.3 106028 119384 195796
 1.3 106028 119384 195796
 1.3 106028 119384 195796
 1.3 106028 119384 195796
 1.3 106028 119384 195796
 1.3 106028 119384 195796
 1.3 106028 119384 195796
 1.3 106028 119384 195796
 1.3 106028 119384 195796
 1.3 106028 119384 195796
 1.3 106028 119384 195796
 1.3 106028 119384 195796
 1.3 106028 119384 195796
 1.3 106028 119384 195796
 1.3 106028 119384 195796
 1.3 106028 119384 195796
 1.3 106028 119384 195796
 1.3 106028 119384 195796
 1.3 106028 119384 195796
 1.3 106028 119384 195796
 1.3 106028 119384 195796
 1.3 106028 119384 195796
 1.3 106028 119384 195796
 1.3 106028 119384 195796
 1.3 106028 119384 195796
 1.3 106028 119384 195796
 1.3 106028 119384 195796
 1.3 106028 119384 195796
 1.3 106028 119384 195796
 1.3 106028 119384 195796
 1.3 106028 119384 195796
 1.3 106028 119384 195796
 1.3 106028 119384 195796
 1.3 106028 119384 195796
 1.3 106028 119384 195796
 1.3 106028 119384 195796
 1.3 106028 119384 195796
 1.0 80620 93780 170192
 0.1 13028 42572 118984
