coretemp-isa-0000
Adapter: ISA adapter
Package id 0:  +81.0°C  (high = +100.0°C, crit = +100.0°C)
Core 0:        +77.0°C  (high = +100.0°C, crit = +100.0°C)
Core 1:        +81.0°C  (high = +100.0°C, crit = +100.0°C)
Core 2:        +71.0°C  (high = +100.0°C, crit = +100.0°C)
Core 3:        +74.0°C  (high = +100.0°C, crit = +100.0°C)

pch_cannonlake-virtual-0
Adapter: Virtual device
temp1:        +55.0°C  

BAT0-acpi-0
Adapter: ACPI interface
in0:          12.60 V  
curr1:            N/A  

dell_smm-virtual-0
Adapter: Virtual device
fan1:        3179 RPM

radeon-pci-0100
Adapter: PCI adapter
temp1:            N/A  (crit = +120.0°C, hyst = +90.0°C)

acpitz-acpi-0
Adapter: ACPI interface
temp1:        +25.0°C  (crit = +107.0°C)

%CPU %MEM     ELAPSED
 0.8 68720 102792 113792
 1.0 83056 102792 113792
 1.0 85104 102792 113792
 1.0 85104 102792 113792
 1.0 85104 102792 113792
 1.0 85104 102792 113792
 1.1 89200 102792 113792
 1.1 89200 102792 113792
 1.1 89200 102792 113792
 1.1 89200 102792 113792
 1.1 89200 102792 113792
 1.1 89200 102792 113792
 1.1 89200 102792 113792
 1.1 89200 102792 113792
 1.1 89200 102792 113792
 1.1 89200 102792 113792
 1.1 91248 102792 113792
 1.1 91248 102792 113792
 1.1 91248 102792 113792
 1.1 91248 102792 113792
 1.1 93296 102792 113792
 1.1 93296 102792 113792
 1.1 93296 102792 113792
 1.1 93296 102792 113792
 1.1 93296 102792 113792
 1.1 93296 102792 113792
 1.1 93296 102792 113792
 1.1 93296 102792 113792
 1.1 93296 102792 113792
 1.1 93296 102792 113792
 1.1 93296 102792 113792
 1.1 93296 102792 113792
 1.1 93296 102792 113792
 1.1 93296 102792 113792
 1.1 93296 102792 113792
 1.1 93296 102792 113792
 1.1 95496 102792 113792
 1.1 95496 102792 113792
 1.2 97544 102792 113792
 1.2 97544 102792 113792
 1.2 97544 102792 113792
 1.2 97544 102792 113792
 1.2 99592 102792 113792
 1.2 99592 102792 113792
 1.2 99592 102792 113792
 1.2 99592 102792 113792
 1.2 99592 102792 113792
 1.2 99592 102792 113792
 1.2 99592 102792 113792
 1.2 99592 102792 113792
 1.2 99592 102792 113792
 1.2 99592 102792 113792
 1.2 103688 102792 113792
 1.2 103688 102792 113792
 1.3 105736 102792 113792
 1.3 105736 102792 113792
 1.3 105736 102792 113792
 1.3 105736 102792 113792
 1.3 105736 102792 113792
 1.3 105736 102792 113792
 1.3 105736 102792 113792
 1.3 105736 102792 113792
 1.3 105736 102792 113792
 1.3 105736 102792 113792
 1.3 105736 102792 113792
 1.3 105736 102792 113792
 1.3 105736 102792 113792
 1.3 105736 102792 113792
 1.3 105736 102792 113792
 1.3 105736 102792 113792
 1.3 105736 102792 113792
 1.3 105736 102792 113792
 1.3 105736 102792 113792
 1.3 105736 102792 113792
 1.3 105736 102792 113792
 1.3 105736 102792 113792
 1.3 105736 102792 113792
 1.3 105736 102792 113792
 1.3 105736 102792 113792
 1.3 105736 102792 113792
 1.3 105736 102792 113792
 1.3 105736 102792 113792
 1.3 105736 102792 113792
 1.3 105736 102792 113792
 1.3 105736 102792 113792
 1.3 105736 102792 113792
 1.3 105736 102792 113792
 1.3 105736 102792 113792
 1.3 105736 102792 113792
 1.3 105736 102792 113792
 1.3 105736 102792 113792
 1.3 105736 102792 113792
 1.3 105736 102792 113792
 1.3 105736 102792 113792
 1.3 105736 102792 113792
 1.3 105736 102792 113792
 1.3 105736 102792 113792
 1.3 105736 102792 113792
 1.3 105736 102792 113792
 1.3 105736 102792 113792
 1.3 105736 102792 113792
 1.3 105736 102792 113792
 1.3 105736 102792 113792
 1.3 105736 102792 113792
 1.3 105736 102792 113792
 1.3 105736 102792 113792
 1.3 105736 102792 113792
 1.3 105736 102792 113792
 1.3 105736 102792 113792
 1.3 105736 102792 113792
 1.3 105736 102792 113792
 1.3 105736 102792 113792
 1.3 105736 102792 113792
 1.3 105736 102792 113792
 1.3 105736 102792 113792
 1.3 105736 102792 113792
 1.3 105736 102792 113792
 1.3 105736 102792 113792
 1.3 105736 102792 113792
 1.3 105736 102792 113792
 1.3 105736 102792 113792
 1.3 105736 102792 113792
 1.3 105736 102792 113792
 1.3 105736 102792 113792
 1.3 105736 102792 113792
 1.3 105736 102792 113792
 1.3 105736 102792 113792
 1.3 105736 102792 113792
 1.3 105736 102792 113792
 1.3 105736 102792 113792
 1.3 105736 102792 113792
 1.3 105736 102792 113792
 1.3 105736 102792 113792
 1.3 105736 102792 113792
 1.3 105736 102792 113792
 1.3 105736 102792 113792
 1.3 105736 102792 113792
 1.3 105736 102792 113792
 1.3 105736 102792 113792
 1.3 105736 102792 113792
 1.3 105736 102792 113792
 1.3 105736 102792 113792
 1.3 105736 102792 113792
 1.3 105736 102792 113792
 1.3 105736 102792 113792
 1.3 105736 102792 113792
 1.3 105736 102792 113792
 1.3 105736 102792 113792
 1.3 105736 102792 113792
 1.3 105736 102792 113792
 1.3 105736 102792 113792
 1.3 105736 102792 113792
 1.3 105736 102792 113792
 1.3 105736 102792 113792
 1.3 105736 102792 113792
 1.3 105736 102792 113792
 1.3 105736 102792 113792
 1.3 105736 102792 113792
 1.3 105736 102792 113792
 1.3 105736 102792 113792
 1.3 105736 102792 113792
 1.3 105736 102792 113792
 1.3 105736 102792 113792
 1.3 105736 102792 113792
 1.3 105736 102792 113792
 1.3 105736 102792 113792
 1.3 105736 102792 113792
 1.3 105736 102792 113792
 1.3 105736 102792 113792
 1.3 105736 102792 113792
 1.3 105736 102792 113792
 1.3 105736 102792 113792
 1.3 105736 102792 113792
 1.3 105736 102792 113792
 1.3 105736 102792 113792
 1.3 105736 102792 113792
 1.3 105736 102792 113792
 1.3 105736 102792 113792
 1.3 105736 102792 113792
 1.3 105736 102792 113792
 1.3 105736 102792 113792
 1.3 105736 102792 113792
 1.3 105736 102792 113792
 1.3 105736 102792 113792
 1.3 105736 102792 113792
 1.3 105736 102792 113792
 1.3 105736 102792 113792
 1.3 105736 102792 113792
 1.3 105736 102792 113792
 1.3 105736 102792 113792
 1.3 105736 102792 113792
 1.3 105736 102792 113792
 1.3 105736 102792 113792
 1.3 105736 102792 113792
 1.3 105736 102792 113792
 1.3 105736 102792 113792
 1.3 105736 102792 113792
 1.3 105736 102792 113792
 1.3 105736 102792 113792
 1.3 105736 102792 113792
 1.3 105736 102792 113792
 1.3 105736 102792 113792
 1.3 105736 102792 113792
 1.3 105736 102792 113792
 1.3 105736 102792 113792
 1.3 105736 102792 113792
 1.3 105736 102792 113792
 1.3 105736 102792 113792
 1.3 105736 102792 113792
 1.3 105736 102792 113792
 1.3 105736 102792 113792
 1.3 105736 102792 113792
 1.3 105736 102792 113792
 1.3 105736 102792 113792
 1.3 105736 102792 113792
 1.3 105736 102792 113792
 1.3 105736 102792 113792
 1.3 105736 102792 113792
 1.3 105736 102792 113792
 1.3 105736 102792 113792
 1.3 105736 102792 113792
 1.3 105736 102792 113792
 1.3 105736 102792 113792
 1.3 105736 102792 113792
 1.3 105736 102792 113792
 1.3 105736 102792 113792
 1.3 105736 102792 113792
 1.3 105736 102792 113792
 1.3 105736 102792 113792
 1.3 105736 102792 113792
 1.3 105736 102792 113792
 1.3 105736 102792 113792
 1.3 105736 102792 113792
 1.3 105736 102792 113792
 1.3 105736 102792 113792
 1.3 105736 102792 113792
 1.3 105736 102792 113792
 1.3 105736 102792 113792
 1.3 105736 102792 113792
 1.3 105736 102792 113792
 1.3 105736 102792 113792
 1.3 105736 102792 113792
 1.3 105736 102792 113792
 1.3 105736 102792 113792
 1.3 105736 102792 113792
 1.3 105736 102792 113792
 1.3 105736 102792 113792
 1.3 105736 102792 113792
 1.3 105736 102792 113792
 1.3 105736 102792 113792
 1.3 105736 102792 113792
 1.3 105736 102792 113792
 1.3 105736 102792 113792
 1.3 105736 102792 113792
 1.3 105736 102792 113792
 1.3 105736 102792 113792
 1.3 105736 102792 113792
 1.3 105736 102792 113792
 1.3 105736 102792 113792
 1.3 105736 102792 113792
 1.3 105736 102792 113792
 1.3 105736 102792 113792
 1.3 105736 102792 113792
 1.3 105736 102792 113792
 1.3 105736 102792 113792
 1.3 105736 102792 113792
 1.3 105736 102792 113792
 1.3 105736 102792 113792
 1.3 105736 102792 113792
 1.3 105736 102792 113792
 1.3 105736 102792 113792
 1.3 105736 102792 113792
 1.3 105736 102792 113792
 1.3 105736 102792 113792
 1.3 105736 102792 113792
 1.3 105736 102792 113792
 1.3 105736 102792 113792
 1.3 105736 102792 113792
 1.3 105736 102792 113792
 1.3 105736 102792 113792
 1.3 105736 102792 113792
 1.3 105736 102792 113792
 1.3 105736 102792 113792
 1.3 105736 102792 113792
 1.3 105736 102792 113792
 1.3 105736 102792 113792
 1.3 105736 102792 113792
 1.3 105736 102792 113792
 1.3 105736 102792 113792
 1.3 105736 102792 113792
 1.3 105736 102792 113792
 1.3 105736 102792 113792
 1.3 105736 102792 113792
 1.3 105736 102792 113792
 1.3 105736 102792 113792
 1.3 105736 102792 113792
 1.3 105736 102792 113792
 1.3 105736 102792 113792
 1.3 105736 102792 113792
 1.3 105736 102792 113792
 1.3 105736 102792 113792
 1.3 105736 102792 113792
 1.3 105736 102792 113792
 1.3 105736 102792 113792
 1.3 105736 102792 113792
 1.3 105736 102792 113792
 1.3 105736 102792 113792
 1.3 105736 102792 113792
 1.3 105736 102792 113792
 1.3 105736 102792 113792
 1.3 105736 102792 113792
 1.3 105736 102792 113792
 1.3 105736 102792 113792
 1.3 105736 102792 113792
 1.3 105736 102792 113792
 1.3 105736 102792 113792
 1.3 105736 102792 113792
 1.3 105736 102792 113792
 1.3 105736 102792 113792
 1.3 105736 102792 113792
 1.3 105736 102792 113792
 1.3 105736 102792 113792
 1.3 105736 102792 113792
 1.3 105736 102792 113792
 1.3 105736 102792 113792
 1.3 105736 102792 113792
 1.3 105736 102792 113792
 1.3 105736 102792 113792
 1.3 105736 102792 113792
 1.3 105736 102792 113792
 1.3 105736 102792 113792
 1.3 105736 102792 113792
 1.3 105736 102792 113792
 1.3 105736 102792 113792
 1.3 105736 102792 113792
 1.3 105736 102792 113792
 1.3 105736 102792 113792
 1.3 105736 102792 113792
 1.3 105736 102792 113792
 1.3 105736 102792 113792
 1.3 105736 102792 113792
 1.3 105736 102792 113792
 1.3 105736 102792 113792
 1.3 105736 102792 113792
 1.3 105736 102792 113792
 1.3 105736 102792 113792
 1.3 105736 102792 113792
 1.3 105736 102792 113792
 1.3 105736 102792 113792
 1.3 105736 102792 113792
 1.3 105736 102792 113792
 1.3 105736 102792 113792
 1.3 105736 102792 113792
 1.3 105736 102792 113792
 1.3 105736 102792 113792
 1.3 105736 102792 113792
 1.3 105736 102792 113792
 1.3 105736 102792 113792
 1.3 105736 102792 113792
 1.3 105736 102792 113792
 1.3 105736 102792 113792
 1.3 105736 102792 113792
 1.3 105736 102792 113792
 1.3 105736 102792 113792
 1.3 105736 102792 113792
 1.3 105736 102792 113792
 1.3 105736 102792 113792
 1.3 105736 102792 113792
 1.3 105736 102792 113792
 1.3 105736 102792 113792
 1.3 105736 102792 113792
 1.3 105736 102792 113792
 1.3 105736 102792 113792
 1.3 105736 102792 113792
 1.3 105736 102792 113792
 1.3 105736 102792 113792
 1.3 105736 102792 113792
 1.3 105736 102792 113792
 1.3 105736 102792 113792
 1.3 105736 102792 113792
 1.3 105736 102792 113792
 1.3 105736 102792 113792
 1.3 105736 102792 113792
 1.3 105736 102792 113792
 1.3 105736 102792 113792
 1.3 105736 102792 113792
 1.3 105736 102792 113792
 1.3 105736 102792 113792
 1.3 105736 102792 113792
 1.3 105736 102792 113792
 1.3 105736 102792 113792
 1.3 105736 102792 113792
 1.3 105736 102792 113792
 1.3 105736 102792 113792
 1.3 105736 102792 113792
 1.3 105736 102792 113792
 1.3 105736 102792 113792
 1.3 105736 102792 113792
 1.3 105736 102792 113792
 1.3 105736 102792 113792
 1.3 105736 102792 113792
 1.3 105736 102792 113792
 1.3 105736 102792 113792
 1.3 105736 102792 113792
 1.3 105736 102792 113792
 1.3 105736 102792 113792
 1.3 105736 102792 113792
 1.3 105736 102792 113792
 1.3 105736 102792 113792
 1.3 105736 102792 113792
 1.3 105736 102792 113792
 1.3 105736 102792 113792
 1.3 105736 102792 113792
 1.3 105736 102792 113792
 1.3 105736 102792 113792
 1.3 105736 102792 113792
 1.3 105736 102792 113792
 1.3 105736 102792 113792
 1.3 105736 102792 113792
 1.3 105736 102792 113792
 1.3 105736 102792 113792
 1.3 105736 102792 113792
 1.3 105736 102792 113792
 1.3 105736 102792 113792
 1.3 105736 102792 113792
 1.3 105736 102792 113792
 1.3 105736 102792 113792
 1.3 105736 102792 113792
 1.3 105736 102792 113792
 1.3 105736 102792 113792
 1.3 105736 102792 113792
 1.3 105736 102792 113792
 1.3 105736 102792 113792
 1.3 105736 102792 113792
 1.3 105736 102792 113792
 1.3 105736 102792 113792
 1.3 105736 102792 113792
 1.3 105736 102792 113792
 1.3 105736 102792 113792
 1.3 105736 102792 113792
 1.3 105736 102792 113792
 1.3 105736 102792 113792
 1.3 105736 102792 113792
 1.3 105736 102792 113792
 1.3 105736 102792 113792
 1.3 105736 102792 113792
 1.3 105736 102792 113792
 1.3 105736 102792 113792
 1.3 105736 102792 113792
 1.3 105736 102792 113792
 1.3 105736 102792 113792
 1.3 105736 102792 113792
 1.3 105736 102792 113792
 1.3 105736 102792 113792
 1.3 105736 102792 113792
 1.3 105736 102792 113792
 1.3 105736 102792 113792
 1.3 105736 102792 113792
 1.3 105736 102792 113792
 1.3 105736 102792 113792
 1.3 105736 102792 113792
 1.3 105736 102792 113792
 1.3 105736 102792 113792
 1.3 105736 102792 113792
 1.3 105736 102792 113792
 1.3 105736 102792 113792
 1.3 105736 102792 113792
 1.3 105736 102792 113792
 1.3 105736 102792 113792
 1.3 105736 102792 113792
 1.3 105736 102792 113792
 1.3 105736 102792 113792
 1.3 105736 102792 113792
 1.3 105736 102792 113792
 1.3 105736 102792 113792
 1.3 105736 102792 113792
 1.3 105736 102792 113792
 1.3 105736 102792 113792
 1.3 105736 102792 113792
 1.3 105736 102792 113792
 1.3 105736 102792 113792
 1.3 105736 102792 113792
 1.3 105736 102792 113792
 1.3 105736 102792 113792
 1.3 105736 102792 113792
 1.3 105736 102792 113792
 1.3 105736 102792 113792
 1.3 105736 102792 113792
 1.3 105736 102792 113792
 1.3 105736 102792 113792
 1.3 105736 102792 113792
 1.3 105736 102792 113792
 1.3 105736 102792 113792
 1.3 105736 102792 113792
 1.3 105736 102792 113792
 1.3 105736 102792 113792
 1.3 105736 102792 113792
 1.3 105736 102792 113792
 1.3 105736 102792 113792
 1.3 105736 102792 113792
 1.3 105736 102792 113792
 1.3 105736 102792 113792
 1.3 105736 102792 113792
 1.3 105736 102792 113792
 1.3 105736 102792 113792
 1.3 105736 102792 113792
 1.3 105736 102792 113792
 1.3 105736 102792 113792
 1.3 105736 102792 113792
 1.3 105736 102792 113792
 1.3 105736 102792 113792
 1.3 105736 102792 113792
 1.3 105736 102792 113792
 1.3 105736 102792 113792
 1.3 105736 102792 113792
 1.3 105736 102792 113792
 1.3 105736 102792 113792
 1.3 105736 102792 113792
 1.3 105736 102792 113792
 1.3 105736 102792 113792
 1.3 105736 102792 113792
 1.3 105736 102792 113792
 1.3 105736 102792 113792
 1.3 105736 102792 113792
 1.3 105736 102792 113792
 1.3 105736 102792 113792
 1.3 105736 102792 113792
 1.3 105736 102792 113792
 1.3 105736 102792 113792
 1.3 105736 102792 113792
 1.3 105736 102792 113792
 1.3 105736 102792 113792
 1.3 105736 102792 113792
 1.3 105736 102792 113792
 1.3 105736 102792 113792
 1.3 105736 102792 113792
 1.3 105736 102792 113792
 1.3 105736 102792 113792
 1.3 105736 102792 113792
 1.3 105736 102792 113792
 1.3 105736 102792 113792
 1.3 105736 102792 113792
 1.3 105736 102792 113792
 1.3 105736 102792 113792
 1.3 105736 102792 113792
 1.3 105736 102792 113792
 1.3 105736 102792 113792
 1.3 105736 102792 113792
 1.3 105736 102792 113792
 1.3 105736 102792 113792
 1.3 105736 102792 113792
 1.3 105736 102792 113792
 1.3 105736 102792 113792
 1.3 105736 102792 113792
 1.3 105736 102792 113792
 1.3 105736 102792 113792
 1.3 105736 102792 113792
 1.3 105736 102792 113792
 1.3 105736 102792 113792
 1.3 105736 102792 113792
 1.3 105736 102792 113792
 1.3 105736 102792 113792
 1.3 105736 102792 113792
 1.3 105736 102792 113792
 1.3 105736 102792 113792
 1.3 105736 102792 113792
 1.3 105736 102792 113792
 1.3 105736 102792 113792
 1.3 105736 102792 113792
 1.3 105736 102792 113792
 1.3 105736 102792 113792
 1.3 105736 102792 113792
 1.3 105736 102792 113792
 1.3 105736 102792 113792
 1.3 105736 102792 113792
 1.3 105736 102792 113792
 1.3 105736 102792 113792
 1.3 105736 102792 113792
 1.3 105736 102792 113792
 1.3 105736 102792 113792
 1.3 105736 102792 113792
 1.3 105736 102792 113792
 1.3 105736 102792 113792
 1.3 105736 102792 113792
 1.3 105736 102792 113792
 1.3 105736 102792 113792
 1.3 105736 102792 113792
 1.3 105736 102792 113792
 1.3 105736 102792 113792
 1.3 105736 102792 113792
 1.3 105736 102792 113792
 1.3 105736 102792 113792
 1.3 105736 102792 113792
 1.3 105736 102792 113792
 1.3 105736 102792 113792
 1.3 105736 102792 113792
 1.3 105736 102792 113792
 1.3 105736 102792 113792
 1.3 105736 102792 113792
 1.3 105736 102792 113792
 1.3 105736 102792 113792
 1.3 105736 102792 113792
 1.3 105736 102792 113792
 1.3 105736 102792 113792
 1.3 105736 102792 113792
 1.3 105736 102792 113792
 1.3 105736 102792 113792
 1.3 105736 102792 113792
 1.3 105736 102792 113792
 1.3 105736 102792 113792
 1.3 105736 102792 113792
 1.3 105736 102792 113792
 1.3 105736 102792 113792
 1.3 105736 102792 113792
 1.3 105736 102792 113792
 1.3 105736 102792 113792
 1.3 105736 102792 113792
 1.3 105736 102792 113792
 1.3 105736 102792 113792
 1.3 105736 102792 113792
 1.3 105736 102792 113792
 1.3 105736 102792 113792
 1.3 105736 102792 113792
 1.3 105736 102792 113792
 1.3 105736 102792 113792
 1.3 105736 102792 113792
 1.3 105736 102792 113792
 1.3 105736 102792 113792
 1.3 105736 102792 113792
 1.3 105736 102792 113792
 1.3 105736 102792 113792
 1.3 105736 102792 113792
 1.3 105736 102792 113792
 1.3 105736 102792 113792
 1.3 105736 102792 113792
 1.3 105736 102792 113792
 1.3 105736 102792 113792
 1.3 105736 102792 113792
 1.3 105736 102792 113792
 1.3 105736 102792 113792
 1.3 105736 102792 113792
 1.3 105736 102792 113792
 1.3 105736 102792 113792
 1.3 105736 102792 113792
 1.3 105736 102792 113792
 1.3 105736 102792 113792
 1.3 105736 102792 113792
 1.3 105736 102792 113792
 1.3 105736 102792 113792
 1.3 105736 102792 113792
 1.3 105736 102792 113792
 1.3 105736 102792 113792
 1.3 105736 102792 113792
 1.3 105736 102792 113792
 1.3 105736 102792 113792
 1.3 105736 102792 113792
 1.3 105736 102792 113792
 1.3 105736 102792 113792
 1.3 105736 102792 113792
 1.3 105736 102792 113792
 1.3 105736 102792 113792
 1.3 105736 102792 113792
 1.3 105736 102792 113792
 1.3 105736 102792 113792
 1.3 105736 102792 113792
 1.3 105736 102792 113792
 1.3 105736 102792 113792
 1.3 105736 102792 113792
 1.3 105736 102792 113792
 1.3 105736 102792 113792
 1.3 105736 102792 113792
 1.3 105736 102792 113792
 1.3 105736 102792 113792
 1.3 105736 102792 113792
 1.3 105736 102792 113792
 1.3 105736 102792 113792
 1.3 105736 102792 113792
 1.3 105736 102792 113792
 1.3 105736 102792 113792
 1.3 105736 102792 113792
 1.3 105736 102792 113792
 1.3 105736 102792 113792
 1.3 105736 102792 113792
 1.3 105736 102792 113792
 1.3 105736 102792 113792
 1.3 105736 102792 113792
 1.3 105736 102792 113792
 1.3 105736 102792 113792
 1.3 105736 102792 113792
 1.3 105736 102792 113792
 1.3 105736 102792 113792
 1.3 105736 102792 113792
 1.3 105736 102792 113792
 1.3 105736 102792 113792
 1.3 105736 102792 113792
 1.3 105736 102792 113792
 1.3 105736 102792 113792
 1.3 105736 102792 113792
 1.3 105736 102792 113792
 1.3 105736 102792 113792
 1.3 105736 102792 113792
 1.3 105736 102792 113792
 1.3 105736 102792 113792
 1.3 105736 102792 113792
 1.3 105736 102792 113792
 1.3 105736 102792 113792
 1.3 105736 102792 113792
 1.3 105736 102792 113792
 1.3 105736 102792 113792
 1.3 105736 102792 113792
 1.3 105736 102792 113792
 1.3 105736 102792 113792
 1.3 105736 102792 113792
 1.3 105736 102792 113792
 1.3 105736 102792 113792
 1.3 105736 102792 113792
 1.3 105736 102792 113792
 1.3 105736 102792 113792
 1.3 105736 102792 113792
 1.3 105736 102792 113792
 1.3 105736 102792 113792
 1.3 105736 102792 113792
 1.3 105736 102792 113792
 1.3 105736 102792 113792
 1.3 105736 102792 113792
 1.3 105736 102792 113792
 1.3 105736 102792 113792
 1.3 105736 102792 113792
 1.3 105736 102792 113792
 1.3 105736 102792 113792
 1.3 105736 102792 113792
 1.3 105736 102792 113792
 1.3 105736 102792 113792
 1.3 105736 102792 113792
 1.3 105736 102792 113792
 1.3 105736 102792 113792
 1.3 105736 102792 113792
 1.3 105736 102792 113792
 1.3 105736 102792 113792
 1.3 105736 102792 113792
 1.3 105736 102792 113792
 1.3 105736 102792 113792
 1.3 105736 102792 113792
 1.3 105736 102792 113792
 1.3 105736 102792 113792
 1.3 105736 102792 113792
 1.3 105736 102792 113792
 1.3 105736 102792 113792
 1.3 105736 102792 113792
 1.3 105736 102792 113792
 1.3 105736 102792 113792
 1.3 105736 102792 113792
 1.3 105736 102792 113792
 1.3 105736 102792 113792
 1.3 105736 102792 113792
 1.3 105736 102792 113792
 1.3 105736 102792 113792
 1.3 105736 102792 113792
 1.3 105736 102792 113792
 1.3 105736 102792 113792
 1.3 105736 102792 113792
 1.3 105736 102792 113792
 1.3 105736 102792 113792
 1.3 105736 102792 113792
 1.3 105736 102792 113792
 1.3 105736 102792 113792
 1.3 105736 102792 113792
 1.3 105736 102792 113792
 1.3 105736 102792 113792
 1.3 105736 102792 113792
 1.3 105736 102792 113792
 1.3 105736 102792 113792
 1.3 105736 102792 113792
 1.3 105736 102792 113792
 1.3 105736 102792 113792
 1.3 105736 102792 113792
 1.3 105736 102792 113792
 1.3 105736 102792 113792
 1.3 105736 102792 113792
 1.3 105736 102792 113792
 1.3 105736 102792 113792
 1.3 105736 102792 113792
 1.3 105736 102792 113792
 1.3 105736 102792 113792
 1.3 105736 102792 113792
 1.3 105736 102792 113792
 1.3 105736 102792 113792
 1.3 105736 102792 113792
 1.3 105736 102792 113792
 1.3 105736 102792 113792
 1.3 105736 102792 113792
 1.3 105736 102792 113792
 1.3 105736 102792 113792
 1.3 105736 102792 113792
 1.3 105736 102792 113792
 1.3 105736 102792 113792
 1.3 105736 102792 113792
 1.3 105736 102792 113792
 1.3 105736 102792 113792
 1.3 105736 102792 113792
 1.3 105736 102792 113792
 1.3 105736 102792 113792
 1.3 105736 102792 113792
 1.3 105736 102792 113792
 1.3 105736 102792 113792
 1.3 105736 102792 113792
 1.3 105736 102792 113792
 1.3 105736 102792 113792
 1.3 105736 102792 113792
 1.3 105736 102792 113792
 1.3 105736 102792 113792
 1.3 105736 102792 113792
 1.3 105736 102792 113792
 1.3 105736 102792 113792
 1.3 105736 102792 113792
 1.3 105736 102792 113792
 1.3 105736 102792 113792
 1.3 105736 102792 113792
 1.3 105736 102792 113792
 1.3 105736 102792 113792
 1.3 105736 102792 113792
 1.3 105736 102792 113792
 1.3 105736 102792 113792
 1.3 105736 102792 113792
 1.3 105736 102792 113792
 1.3 105736 102792 113792
 1.3 105736 102792 113792
 1.3 105736 102792 113792
 1.3 105736 102792 113792
 1.3 105736 102792 113792
 1.3 105736 102792 113792
 1.3 105736 102792 113792
 1.3 105736 102792 113792
 1.3 105736 102792 113792
 1.3 105736 102792 113792
 1.3 105736 102792 113792
 1.3 105736 102792 113792
 1.3 105736 102792 113792
 1.3 105736 102792 113792
 1.3 105736 102792 113792
 1.3 105736 102792 113792
 1.3 105736 102792 113792
 1.3 105736 102792 113792
 1.3 105736 102792 113792
 1.3 105736 102792 113792
 1.3 105736 102792 113792
 1.3 105736 102792 113792
 1.3 105736 102792 113792
 1.3 105736 102792 113792
 1.3 105736 102792 113792
 1.3 105736 102792 113792
 1.3 105736 102792 113792
 1.3 105736 102792 113792
 1.3 105736 102792 113792
 1.3 105736 102792 113792
 1.3 105736 102792 113792
 0.0  3340   388  11388
 0.3 26288 28324  39324
 0.9 73380 74884  85884
 1.3 105768 102820 113820
 1.3 105768 102820 113820
 1.3 105768 102820 113820
 1.3 105768 102820 113820
 1.3 105768 102820 113820
 1.3 105768 102820 113820
 1.3 105768 102820 113820
 1.3 105768 102820 113820
 1.3 105768 102820 113820
 1.3 105768 102820 113820
 1.3 105768 102820 113820
 1.3 105768 102820 113820
 1.3 105768 102820 113820
 1.3 105768 102820 113820
 1.3 105768 102820 113820
 1.3 105768 102820 113820
 1.3 105768 102820 113820
 1.3 105768 102820 113820
 1.3 105768 102820 113820
 1.3 105768 102820 113820
 1.3 105768 102820 113820
 1.3 105768 102820 113820
 1.3 105768 102820 113820
 1.3 105768 102820 113820
 1.3 105768 102820 113820
 1.3 105768 102820 113820
 1.3 105768 102820 113820
 1.3 105768 102820 113820
 1.3 105768 102820 113820
 1.3 105768 102820 113820
 1.3 105768 102820 113820
 1.3 105768 102820 113820
 1.3 105768 102820 113820
 1.3 105768 102820 113820
 1.3 105768 102820 113820
 1.3 105768 102820 113820
 1.3 105768 102820 113820
 1.3 105768 102820 113820
 1.3 105768 102820 113820
 1.3 105768 102820 113820
 1.3 105768 102820 113820
 1.3 105768 102820 113820
 1.3 105768 102820 113820
 1.3 105768 102820 113820
 1.3 105768 102820 113820
 1.3 105768 102820 113820
 1.3 105768 102820 113820
 1.3 105768 102820 113820
 1.3 105768 102820 113820
 1.3 105768 102820 113820
 1.3 105768 102820 113820
 1.3 105768 102820 113820
 1.3 105768 102820 113820
 1.3 105768 102820 113820
 1.3 105768 102820 113820
 1.3 105768 102820 113820
 1.3 105768 102820 113820
 1.3 105768 102820 113820
 1.3 105768 102820 113820
 1.3 105768 102820 113820
 1.3 105768 102820 113820
 1.3 105768 102820 113820
 1.3 105768 102820 113820
 1.3 105768 102820 113820
 1.3 105768 102820 113820
 1.3 105768 102820 113820
 1.3 105768 102820 113820
 1.3 105768 102820 113820
 1.3 105768 102820 113820
 1.3 105768 102820 113820
 1.3 105768 102820 113820
 1.3 105768 102820 113820
 1.3 105768 102820 113820
 1.3 105768 102820 113820
 1.3 105768 102820 113820
 1.3 105768 102820 113820
 1.3 105768 102820 113820
 1.3 105768 102820 113820
 1.3 105768 102820 113820
 1.3 105768 102820 113820
 1.3 105768 102820 113820
 1.3 105768 102820 113820
 1.3 105768 102820 113820
 1.3 105768 102820 113820
 1.3 105768 102820 113820
 1.3 105768 102820 113820
 1.3 105768 102820 113820
 1.3 105768 102820 113820
 1.3 105768 102820 113820
 1.3 105768 102820 113820
 1.3 105768 102820 113820
 1.3 105768 102820 113820
 1.3 105768 102820 113820
 1.3 105768 102820 113820
 1.3 105768 102820 113820
 1.3 105768 102820 113820
 1.3 105768 102820 113820
 1.3 105768 102820 113820
 1.3 105768 102820 113820
 1.3 105768 102820 113820
 1.3 105768 102820 113820
 1.3 105768 102820 113820
 1.3 105768 102820 113820
 1.3 105768 102820 113820
 1.3 105768 102820 113820
 1.3 105768 102820 113820
 1.3 105768 102820 113820
 1.3 105768 102820 113820
 1.3 105768 102820 113820
 1.3 105768 102820 113820
 1.3 105768 102820 113820
 1.3 105768 102820 113820
 1.3 105768 102820 113820
 1.3 105768 102820 113820
 1.3 105768 102820 113820
 1.3 105768 102820 113820
 1.3 105768 102820 113820
 1.3 105768 102820 113820
 1.3 105768 102820 113820
 1.3 105768 102820 113820
 1.3 105768 102820 113820
 1.3 105768 102820 113820
 1.3 105768 102820 113820
 1.3 105768 102820 113820
 1.3 105768 102820 113820
 1.3 105768 102820 113820
 1.3 105768 102820 113820
 1.3 105768 102820 113820
 1.3 105768 102820 113820
 1.3 105768 102820 113820
 1.3 105768 102820 113820
 1.3 105768 102820 113820
 1.3 105768 102820 113820
 1.3 105768 102820 113820
 1.3 105768 102820 113820
 1.3 105768 102820 113820
 0.9 77884 74884  85884
