coretemp-isa-0000
Adapter: ISA adapter
Package id 0:  +75.0°C  (high = +100.0°C, crit = +100.0°C)
Core 0:        +75.0°C  (high = +100.0°C, crit = +100.0°C)
Core 1:        +72.0°C  (high = +100.0°C, crit = +100.0°C)
Core 2:        +72.0°C  (high = +100.0°C, crit = +100.0°C)
Core 3:        +74.0°C  (high = +100.0°C, crit = +100.0°C)

pch_cannonlake-virtual-0
Adapter: Virtual device
temp1:        +58.0°C  

BAT0-acpi-0
Adapter: ACPI interface
in0:          12.61 V  
curr1:       1000.00 uA 

dell_smm-virtual-0
Adapter: Virtual device
fan1:        3243 RPM

radeon-pci-0100
Adapter: PCI adapter
temp1:            N/A  (crit = +120.0°C, hyst = +90.0°C)

acpitz-acpi-0
Adapter: ACPI interface
temp1:        +25.0°C  (crit = +107.0°C)

%CPU %MEM     ELAPSED
 0.8 64956 102792 113792
 0.9 79004 102792 113792
 0.9 79532 102792 113792
 0.9 79532 102792 113792
 1.0 80060 102792 113792
 1.0 80852 102792 113792
 1.0 81908 102792 113792
 1.0 82436 102792 113792
 1.0 83228 102792 113792
 1.0 83228 102792 113792
 1.0 83228 102792 113792
 1.0 83228 102792 113792
 1.0 83228 102792 113792
 1.0 83756 102792 113792
 1.0 84548 102792 113792
 1.0 85604 102792 113792
 1.0 86132 102792 113792
 1.0 87452 102792 113792
 1.1 87980 102792 113792
 1.1 88772 102792 113792
 1.1 88772 102792 113792
 1.1 90620 102792 113792
 1.1 90620 102792 113792
 1.1 90620 102792 113792
 1.1 90620 102792 113792
 1.1 90620 102792 113792
 1.1 90620 102792 113792
 1.1 90620 102792 113792
 1.1 90620 102792 113792
 1.1 90620 102792 113792
 1.1 90620 102792 113792
 1.1 90620 102792 113792
 1.1 90620 102792 113792
 1.1 90620 102792 113792
 1.1 91412 102792 113792
 1.1 91940 102792 113792
 1.1 92732 102792 113792
 1.1 92996 102792 113792
 1.1 93788 102792 113792
 1.1 94580 102792 113792
 1.1 94580 102792 113792
 1.1 94580 102792 113792
 1.1 95636 102792 113792
 1.2 96428 102792 113792
 1.2 97220 102792 113792
 1.2 98276 102792 113792
 1.2 98276 102792 113792
 1.2 98276 102792 113792
 1.2 98276 102792 113792
 1.2 98276 102792 113792
 1.2 98276 102792 113792
 1.2 99332 102792 113792
 1.2 100388 102792 113792
 1.2 100916 102792 113792
 1.2 101972 102792 113792
 1.2 103028 102792 113792
 1.2 103556 102792 113792
 1.2 103820 102792 113792
 1.3 105668 102792 113792
 1.3 105668 102792 113792
 1.3 105668 102792 113792
 1.3 105668 102792 113792
 1.3 105668 102792 113792
 1.3 105668 102792 113792
 1.3 105668 102792 113792
 1.3 105668 102792 113792
 1.3 105668 102792 113792
 1.3 105668 102792 113792
 1.3 105668 102792 113792
 1.3 105668 102792 113792
 1.3 105668 102792 113792
 1.3 105668 102792 113792
 1.3 105668 102792 113792
 1.3 105668 102792 113792
 1.3 105668 102792 113792
 1.3 105668 102792 113792
 1.3 105668 102792 113792
 1.3 105668 102792 113792
 1.3 105668 102792 113792
 1.3 105668 102792 113792
 1.3 105668 102792 113792
 1.3 105668 102792 113792
 1.3 105668 102792 113792
 1.3 105668 102792 113792
 1.3 105668 102792 113792
 1.3 105668 102792 113792
 1.3 105668 102792 113792
 1.3 105668 102792 113792
 1.3 105668 102792 113792
 1.3 105668 102792 113792
 1.3 105668 102792 113792
 1.3 105668 102792 113792
 1.3 105668 102792 113792
 1.3 105668 102792 113792
 1.3 105668 102792 113792
 1.3 105668 102792 113792
 1.3 105668 102792 113792
 1.3 105668 102792 113792
 1.3 105668 102792 113792
 1.3 105668 102792 113792
 1.3 105668 102792 113792
 1.3 105668 102792 113792
 1.3 105668 102792 113792
 1.3 105668 102792 113792
 1.3 105668 102792 113792
 1.3 105668 102792 113792
 1.3 105668 102792 113792
 1.3 105668 102792 113792
 1.3 105668 102792 113792
 1.3 105668 102792 113792
 1.3 105668 102792 113792
 1.3 105668 102792 113792
 1.3 105668 102792 113792
 1.3 105668 102792 113792
 1.3 105668 102792 113792
 1.3 105668 102792 113792
 1.3 105668 102792 113792
 1.3 105668 102792 113792
 1.3 105668 102792 113792
 1.3 105668 102792 113792
 1.3 105668 102792 113792
 1.3 105668 102792 113792
 1.3 105668 102792 113792
 1.3 105668 102792 113792
 1.3 105668 102792 113792
 1.3 105668 102792 113792
 1.3 105668 102792 113792
 1.3 105668 102792 113792
 1.3 105668 102792 113792
 1.3 105668 102792 113792
 1.3 105668 102792 113792
 1.3 105668 102792 113792
 1.3 105668 102792 113792
 1.3 105668 102792 113792
 1.3 105668 102792 113792
 1.3 105668 102792 113792
 1.3 105668 102792 113792
 1.3 105668 102792 113792
 1.3 105668 102792 113792
 1.3 105668 102792 113792
 1.3 105668 102792 113792
 1.3 105668 102792 113792
 1.3 105668 102792 113792
 1.3 105668 102792 113792
 1.3 105668 102792 113792
 1.3 105668 102792 113792
 1.3 105668 102792 113792
 1.3 105668 102792 113792
 1.3 105668 102792 113792
 1.3 105668 102792 113792
 1.3 105668 102792 113792
 1.3 105668 102792 113792
 1.3 105668 102792 113792
 1.3 105668 102792 113792
 1.3 105668 102792 113792
 1.3 105668 102792 113792
 1.3 105668 102792 113792
 1.3 105668 102792 113792
 1.3 105668 102792 113792
 1.3 105668 102792 113792
 1.3 105668 102792 113792
 1.3 105668 102792 113792
 1.3 105668 102792 113792
 1.3 105668 102792 113792
 1.3 105668 102792 113792
 1.3 105668 102792 113792
 1.3 105668 102792 113792
 1.3 105668 102792 113792
 1.3 105668 102792 113792
 1.3 105668 102792 113792
 1.3 105668 102792 113792
 1.3 105668 102792 113792
 1.3 105668 102792 113792
 1.3 105668 102792 113792
 1.3 105668 102792 113792
 1.3 105668 102792 113792
 1.3 105668 102792 113792
 1.3 105668 102792 113792
 1.3 105668 102792 113792
 1.3 105668 102792 113792
 1.3 105668 102792 113792
 1.3 105668 102792 113792
 1.3 105668 102792 113792
 1.3 105668 102792 113792
 1.3 105668 102792 113792
 1.3 105668 102792 113792
 1.3 105668 102792 113792
 1.3 105668 102792 113792
 1.3 105668 102792 113792
 1.3 105668 102792 113792
 1.3 105668 102792 113792
 1.3 105668 102792 113792
 1.3 105668 102792 113792
 1.3 105668 102792 113792
 1.3 105668 102792 113792
 1.3 105668 102792 113792
 1.3 105668 102792 113792
 1.3 105668 102792 113792
 1.3 105668 102792 113792
 1.3 105668 102792 113792
 1.3 105668 102792 113792
 1.3 105668 102792 113792
 1.3 105668 102792 113792
 1.3 105668 102792 113792
 1.3 105668 102792 113792
 1.3 105668 102792 113792
 1.3 105668 102792 113792
 1.3 105668 102792 113792
 1.3 105668 102792 113792
 1.3 105668 102792 113792
 1.3 105668 102792 113792
 1.3 105668 102792 113792
 1.3 105668 102792 113792
 1.3 105668 102792 113792
 1.3 105668 102792 113792
 1.3 105668 102792 113792
 1.3 105668 102792 113792
 1.3 105668 102792 113792
 1.3 105668 102792 113792
 1.3 105668 102792 113792
 1.3 105668 102792 113792
 1.3 105668 102792 113792
 1.3 105668 102792 113792
 1.3 105668 102792 113792
 1.3 105668 102792 113792
 1.3 105668 102792 113792
 1.3 105668 102792 113792
 1.3 105668 102792 113792
 1.3 105668 102792 113792
 1.3 105668 102792 113792
 1.3 105668 102792 113792
 1.3 105668 102792 113792
 1.3 105668 102792 113792
 1.3 105668 102792 113792
 1.3 105668 102792 113792
 1.3 105668 102792 113792
 1.3 105668 102792 113792
 1.3 105668 102792 113792
 1.3 105668 102792 113792
 1.3 105668 102792 113792
 1.3 105668 102792 113792
 1.3 105668 102792 113792
 1.3 105668 102792 113792
 1.3 105668 102792 113792
 1.3 105668 102792 113792
 1.3 105668 102792 113792
 1.3 105668 102792 113792
 1.3 105668 102792 113792
 1.3 105668 102792 113792
 1.3 105668 102792 113792
 1.3 105668 102792 113792
 1.3 105668 102792 113792
 1.3 105668 102792 113792
 1.3 105668 102792 113792
 1.3 105668 102792 113792
 1.3 105668 102792 113792
 1.3 105668 102792 113792
 1.3 105668 102792 113792
 1.3 105668 102792 113792
 1.3 105668 102792 113792
 1.3 105668 102792 113792
 1.3 105668 102792 113792
 1.3 105668 102792 113792
 1.3 105668 102792 113792
 1.3 105668 102792 113792
 1.3 105668 102792 113792
 1.3 105668 102792 113792
 1.3 105668 102792 113792
 1.3 105668 102792 113792
 1.3 105668 102792 113792
 1.3 105668 102792 113792
 1.3 105668 102792 113792
 1.3 105668 102792 113792
 1.3 105668 102792 113792
 1.3 105668 102792 113792
 1.3 105668 102792 113792
 1.3 105668 102792 113792
 1.3 105668 102792 113792
 1.3 105668 102792 113792
 1.3 105668 102792 113792
 1.3 105668 102792 113792
 1.3 105668 102792 113792
 1.3 105668 102792 113792
 1.3 105668 102792 113792
 1.3 105668 102792 113792
 1.3 105668 102792 113792
 1.3 105668 102792 113792
 1.3 105668 102792 113792
 1.3 105668 102792 113792
 1.3 105668 102792 113792
 1.3 105668 102792 113792
 1.3 105668 102792 113792
 1.3 105668 102792 113792
 1.3 105668 102792 113792
 1.3 105668 102792 113792
 1.3 105668 102792 113792
 1.3 105668 102792 113792
 1.3 105668 102792 113792
 1.3 105668 102792 113792
 1.3 105668 102792 113792
 1.3 105668 102792 113792
 1.3 105668 102792 113792
 1.3 105668 102792 113792
 1.3 105668 102792 113792
 1.3 105668 102792 113792
 1.3 105668 102792 113792
 1.3 105668 102792 113792
 1.3 105668 102792 113792
 1.3 105668 102792 113792
 1.3 105668 102792 113792
 1.3 105668 102792 113792
 1.3 105668 102792 113792
 1.3 105668 102792 113792
 1.3 105668 102792 113792
 1.3 105668 102792 113792
 1.3 105668 102792 113792
 1.3 105668 102792 113792
 1.3 105668 102792 113792
 1.3 105668 102792 113792
 1.3 105668 102792 113792
 1.3 105668 102792 113792
 1.3 105668 102792 113792
 1.3 105668 102792 113792
 1.3 105668 102792 113792
 1.3 105668 102792 113792
 1.3 105668 102792 113792
 1.3 105668 102792 113792
 1.3 105668 102792 113792
 1.3 105668 102792 113792
 1.3 105668 102792 113792
 1.3 105668 102792 113792
 1.3 105668 102792 113792
 1.3 105668 102792 113792
 1.3 105668 102792 113792
 1.3 105668 102792 113792
 1.3 105668 102792 113792
 1.3 105668 102792 113792
 1.3 105668 102792 113792
 1.3 105668 102792 113792
 1.3 105668 102792 113792
 1.3 105668 102792 113792
 1.3 105668 102792 113792
 1.3 105668 102792 113792
 1.3 105668 102792 113792
 1.3 105668 102792 113792
 1.3 105668 102792 113792
 1.3 105668 102792 113792
 1.3 105668 102792 113792
 1.3 105668 102792 113792
 1.3 105668 102792 113792
 1.3 105668 102792 113792
 1.3 105668 102792 113792
 1.3 105668 102792 113792
 1.3 105668 102792 113792
 1.3 105668 102792 113792
 1.3 105668 102792 113792
 1.3 105668 102792 113792
 1.3 105668 102792 113792
 1.3 105668 102792 113792
 1.3 105668 102792 113792
 1.3 105668 102792 113792
 1.3 105668 102792 113792
 1.3 105668 102792 113792
 1.3 105668 102792 113792
 1.3 105668 102792 113792
 1.3 105668 102792 113792
 1.3 105668 102792 113792
 1.3 105668 102792 113792
 1.3 105668 102792 113792
 1.3 105668 102792 113792
 1.3 105668 102792 113792
 1.3 105668 102792 113792
 1.3 105668 102792 113792
 1.3 105668 102792 113792
 1.3 105668 102792 113792
 1.3 105668 102792 113792
 1.3 105668 102792 113792
 1.3 105668 102792 113792
 1.3 105668 102792 113792
 1.3 105668 102792 113792
 1.3 105668 102792 113792
 1.3 105668 102792 113792
 1.3 105668 102792 113792
 1.3 105668 102792 113792
 1.3 105668 102792 113792
 1.3 105668 102792 113792
 1.3 105668 102792 113792
 1.3 105668 102792 113792
 1.3 105668 102792 113792
 1.3 105668 102792 113792
 1.3 105668 102792 113792
 1.3 105668 102792 113792
 1.3 105668 102792 113792
 1.3 105668 102792 113792
 1.3 105668 102792 113792
 1.3 105668 102792 113792
 1.3 105668 102792 113792
 1.3 105668 102792 113792
 1.3 105668 102792 113792
 1.3 105668 102792 113792
 1.3 105668 102792 113792
 1.3 105668 102792 113792
 1.3 105668 102792 113792
 1.3 105668 102792 113792
 1.3 105668 102792 113792
 1.3 105668 102792 113792
 1.3 105668 102792 113792
 1.3 105668 102792 113792
 1.3 105668 102792 113792
 1.3 105668 102792 113792
 1.3 105668 102792 113792
 1.3 105668 102792 113792
 1.3 105668 102792 113792
 1.3 105668 102792 113792
 1.3 105668 102792 113792
 1.3 105668 102792 113792
 1.3 105668 102792 113792
 1.3 105668 102792 113792
 1.3 105668 102792 113792
 1.3 105668 102792 113792
 1.3 105668 102792 113792
 1.3 105668 102792 113792
 1.3 105668 102792 113792
 1.3 105668 102792 113792
 1.3 105668 102792 113792
 1.3 105668 102792 113792
 1.3 105668 102792 113792
 1.3 105668 102792 113792
 1.3 105668 102792 113792
 1.3 105668 102792 113792
 1.3 105668 102792 113792
 1.3 105668 102792 113792
 1.3 105668 102792 113792
 1.3 105668 102792 113792
 1.3 105668 102792 113792
 1.3 105668 102792 113792
 1.3 105668 102792 113792
 1.3 105668 102792 113792
 1.3 105668 102792 113792
 1.3 105668 102792 113792
 1.3 105668 102792 113792
 1.3 105668 102792 113792
 1.3 105668 102792 113792
 1.3 105668 102792 113792
 1.3 105668 102792 113792
 1.3 105668 102792 113792
 1.3 105668 102792 113792
 1.3 105668 102792 113792
 1.3 105668 102792 113792
 1.3 105668 102792 113792
 1.3 105668 102792 113792
 1.3 105668 102792 113792
 1.3 105668 102792 113792
 1.3 105668 102792 113792
 1.3 105668 102792 113792
 1.3 105668 102792 113792
 1.3 105668 102792 113792
 1.3 105668 102792 113792
 1.3 105668 102792 113792
 1.3 105668 102792 113792
 1.3 105668 102792 113792
 1.3 105668 102792 113792
 1.3 105668 102792 113792
 1.3 105668 102792 113792
 1.3 105668 102792 113792
 1.3 105668 102792 113792
 1.3 105668 102792 113792
 1.3 105668 102792 113792
 1.3 105668 102792 113792
 1.3 105668 102792 113792
 1.3 105668 102792 113792
 1.3 105668 102792 113792
 1.3 105668 102792 113792
 1.3 105668 102792 113792
 1.3 105668 102792 113792
 1.3 105668 102792 113792
 1.3 105668 102792 113792
 1.3 105668 102792 113792
 1.3 105668 102792 113792
 1.3 105668 102792 113792
 1.3 105668 102792 113792
 1.3 105668 102792 113792
 1.3 105668 102792 113792
 1.3 105668 102792 113792
 1.3 105668 102792 113792
 1.3 105668 102792 113792
 1.3 105668 102792 113792
 1.3 105668 102792 113792
 1.3 105668 102792 113792
 1.3 105668 102792 113792
 1.3 105668 102792 113792
 1.3 105668 102792 113792
 1.3 105668 102792 113792
 1.3 105668 102792 113792
 1.3 105668 102792 113792
 1.3 105668 102792 113792
 1.3 105668 102792 113792
 1.3 105668 102792 113792
 1.3 105668 102792 113792
 1.3 105668 102792 113792
 1.3 105668 102792 113792
 1.3 105668 102792 113792
 1.3 105668 102792 113792
 1.3 105668 102792 113792
 1.3 105668 102792 113792
 1.3 105668 102792 113792
 1.3 105668 102792 113792
 1.3 105668 102792 113792
 1.3 105668 102792 113792
 1.3 105668 102792 113792
 1.3 105668 102792 113792
 1.3 105668 102792 113792
 1.3 105668 102792 113792
 1.3 105668 102792 113792
 1.3 105668 102792 113792
 1.3 105668 102792 113792
 1.3 105668 102792 113792
 1.3 105668 102792 113792
 1.3 105668 102792 113792
 1.3 105668 102792 113792
 1.3 105668 102792 113792
 1.3 105668 102792 113792
 1.3 105668 102792 113792
 1.3 105668 102792 113792
 1.3 105668 102792 113792
 1.3 105668 102792 113792
 1.3 105668 102792 113792
 1.3 105668 102792 113792
 1.3 105668 102792 113792
 1.3 105668 102792 113792
 1.3 105668 102792 113792
 1.3 105668 102792 113792
 1.3 105668 102792 113792
 1.3 105668 102792 113792
 1.3 105668 102792 113792
 1.3 105668 102792 113792
 1.3 105668 102792 113792
 1.3 105668 102792 113792
 1.3 105668 102792 113792
 1.3 105668 102792 113792
 1.3 105668 102792 113792
 1.3 105668 102792 113792
 1.3 105668 102792 113792
 1.3 105668 102792 113792
 1.3 105668 102792 113792
 1.3 105668 102792 113792
 1.3 105668 102792 113792
 1.3 105668 102792 113792
 1.3 105668 102792 113792
 1.3 105668 102792 113792
 1.3 105668 102792 113792
 1.3 105668 102792 113792
 1.3 105668 102792 113792
 1.3 105668 102792 113792
 1.3 105668 102792 113792
 1.3 105668 102792 113792
 1.3 105668 102792 113792
 1.3 105668 102792 113792
 1.3 105668 102792 113792
 1.3 105668 102792 113792
 1.3 105668 102792 113792
 1.3 105668 102792 113792
 1.3 105668 102792 113792
 1.3 105668 102792 113792
 1.3 105668 102792 113792
 1.3 105668 102792 113792
 1.3 105668 102792 113792
 1.3 105668 102792 113792
 1.3 105668 102792 113792
 1.3 105668 102792 113792
 1.3 105668 102792 113792
 1.3 105668 102792 113792
 1.3 105668 102792 113792
 1.3 105668 102792 113792
 1.3 105668 102792 113792
 1.3 105668 102792 113792
 1.3 105668 102792 113792
 1.3 105668 102792 113792
 1.3 105668 102792 113792
 1.3 105668 102792 113792
 1.3 105668 102792 113792
 1.3 105668 102792 113792
 1.3 105668 102792 113792
 1.3 105668 102792 113792
 1.3 105668 102792 113792
 1.3 105668 102792 113792
 1.3 105668 102792 113792
 1.3 105668 102792 113792
 1.3 105668 102792 113792
 1.3 105668 102792 113792
 1.3 105668 102792 113792
 1.3 105668 102792 113792
 1.3 105668 102792 113792
 1.3 105668 102792 113792
 1.3 105668 102792 113792
 1.3 105668 102792 113792
 1.3 105668 102792 113792
 1.3 105668 102792 113792
 1.3 105668 102792 113792
 1.3 105668 102792 113792
 1.3 105668 102792 113792
 1.3 105668 102792 113792
 1.3 105668 102792 113792
 1.3 105668 102792 113792
 1.3 105668 102792 113792
 1.3 105668 102792 113792
 1.3 105668 102792 113792
 1.3 105668 102792 113792
 1.3 105668 102792 113792
 1.3 105668 102792 113792
 1.3 105668 102792 113792
 1.3 105668 102792 113792
 1.3 105668 102792 113792
 1.3 105668 102792 113792
 1.3 105668 102792 113792
 1.3 105668 102792 113792
 1.3 105668 102792 113792
 1.3 105668 102792 113792
 1.3 105668 102792 113792
 1.3 105668 102792 113792
 1.3 105668 102792 113792
 1.3 105668 102792 113792
 1.3 105668 102792 113792
 1.3 105668 102792 113792
 1.3 105668 102792 113792
 1.3 105668 102792 113792
 1.3 105668 102792 113792
 1.3 105668 102792 113792
 1.3 105668 102792 113792
 1.3 105668 102792 113792
 1.3 105668 102792 113792
 1.3 105668 102792 113792
 1.3 105668 102792 113792
 1.3 105668 102792 113792
 1.3 105668 102792 113792
 1.3 105668 102792 113792
 1.3 105668 102792 113792
 1.3 105668 102792 113792
 1.3 105668 102792 113792
 1.3 105668 102792 113792
 1.3 105668 102792 113792
 1.3 105668 102792 113792
 1.3 105668 102792 113792
 1.3 105668 102792 113792
 1.3 105668 102792 113792
 1.3 105668 102792 113792
 1.3 105668 102792 113792
 1.3 105668 102792 113792
 1.3 105668 102792 113792
 1.3 105668 102792 113792
 1.3 105668 102792 113792
 1.3 105668 102792 113792
 1.3 105668 102792 113792
 1.3 105668 102792 113792
 1.3 105668 102792 113792
 1.3 105668 102792 113792
 1.3 105668 102792 113792
 1.3 105668 102792 113792
 1.3 105668 102792 113792
 1.3 105668 102792 113792
 1.3 105668 102792 113792
 1.3 105668 102792 113792
 1.3 105668 102792 113792
 1.3 105668 102792 113792
 1.3 105668 102792 113792
 1.3 105668 102792 113792
 1.3 105668 102792 113792
 1.3 105668 102792 113792
 1.3 105668 102792 113792
 1.3 105668 102792 113792
 1.3 105668 102792 113792
 1.3 105668 102792 113792
 1.3 105668 102792 113792
 1.3 105668 102792 113792
 1.3 105668 102792 113792
 1.3 105668 102792 113792
 1.3 105668 102792 113792
 1.3 105668 102792 113792
 1.3 105668 102792 113792
 1.3 105668 102792 113792
 1.3 105668 102792 113792
 1.3 105668 102792 113792
 1.3 105668 102792 113792
 1.3 105668 102792 113792
 1.3 105668 102792 113792
 1.3 105668 102792 113792
 1.3 105668 102792 113792
 1.3 105668 102792 113792
 1.3 105668 102792 113792
 1.3 105668 102792 113792
 1.3 105668 102792 113792
 1.3 105668 102792 113792
 1.3 105668 102792 113792
 1.3 105668 102792 113792
 1.3 105668 102792 113792
 1.3 105668 102792 113792
 1.3 105668 102792 113792
 1.3 105668 102792 113792
 1.3 105668 102792 113792
 1.3 105668 102792 113792
 1.3 105668 102792 113792
 1.3 105668 102792 113792
 1.3 105668 102792 113792
 1.3 105668 102792 113792
 1.3 105668 102792 113792
 1.3 105668 102792 113792
 1.3 105668 102792 113792
 1.3 105668 102792 113792
 1.3 105668 102792 113792
 1.3 105668 102792 113792
 1.3 105668 102792 113792
 1.3 105668 102792 113792
 1.3 105668 102792 113792
 1.3 105668 102792 113792
 1.3 105668 102792 113792
 1.3 105668 102792 113792
 1.3 105668 102792 113792
 1.3 105668 102792 113792
 1.3 105668 102792 113792
 1.3 105668 102792 113792
 1.3 105668 102792 113792
 1.3 105668 102792 113792
 1.3 105668 102792 113792
 1.3 105668 102792 113792
 1.3 105668 102792 113792
 1.3 105668 102792 113792
 1.3 105668 102792 113792
 1.3 105668 102792 113792
 1.3 105668 102792 113792
 1.3 105668 102792 113792
 1.3 105668 102792 113792
 1.3 105668 102792 113792
 1.3 105668 102792 113792
 1.3 105668 102792 113792
 1.3 105668 102792 113792
 1.3 105668 102792 113792
 1.3 105668 102792 113792
 1.3 105668 102792 113792
 1.3 105668 102792 113792
 1.3 105668 102792 113792
 1.3 105668 102792 113792
 1.3 105668 102792 113792
 1.3 105668 102792 113792
 1.3 105668 102792 113792
 1.3 105668 102792 113792
 1.3 105668 102792 113792
 1.3 105668 102792 113792
 1.3 105668 102792 113792
 1.3 105668 102792 113792
 1.3 105668 102792 113792
 1.3 105668 102792 113792
 1.3 105668 102792 113792
 1.3 105668 102792 113792
 1.3 105668 102792 113792
 1.3 105668 102792 113792
 1.3 105668 102792 113792
 1.3 105668 102792 113792
 1.3 105668 102792 113792
 1.3 105668 102792 113792
 1.3 105668 102792 113792
 1.3 105668 102792 113792
 1.3 105668 102792 113792
 1.3 105668 102792 113792
 1.3 105668 102792 113792
 1.3 105668 102792 113792
 1.3 105668 102792 113792
 1.3 105668 102792 113792
 1.3 105668 102792 113792
 1.3 105668 102792 113792
 1.3 105668 102792 113792
 1.3 105668 102792 113792
 1.3 105668 102792 113792
 1.3 105668 102792 113792
 1.3 105668 102792 113792
 1.3 105668 102792 113792
 1.3 105668 102792 113792
 1.3 105668 102792 113792
 1.3 105668 102792 113792
 1.3 105668 102792 113792
 1.3 105668 102792 113792
 1.3 105668 102792 113792
 1.3 105668 102792 113792
 1.3 105668 102792 113792
 1.3 105668 102792 113792
 1.3 105668 102792 113792
 1.3 105668 102792 113792
 1.3 105668 102792 113792
 1.3 105668 102792 113792
 1.3 105668 102792 113792
 1.3 105668 102792 113792
 1.3 105668 102792 113792
 1.3 105668 102792 113792
 1.3 105668 102792 113792
 1.3 105668 102792 113792
 1.3 105668 102792 113792
 1.3 105668 102792 113792
 1.3 105668 102792 113792
 1.3 105668 102792 113792
 1.3 105668 102792 113792
 1.3 105668 102792 113792
 1.3 105668 102792 113792
 1.3 105668 102792 113792
 1.3 105668 102792 113792
 1.3 105668 102792 113792
 1.3 105668 102792 113792
 1.3 105668 102792 113792
 1.3 105668 102792 113792
 1.3 105668 102792 113792
 1.3 105668 102792 113792
 1.3 105668 102792 113792
 1.3 105668 102792 113792
 1.3 105668 102792 113792
 1.3 105668 102792 113792
 1.3 105668 102792 113792
 1.3 105668 102792 113792
 1.3 105668 102792 113792
 1.3 105668 102792 113792
 1.3 105668 102792 113792
 1.3 105668 102792 113792
 1.3 105668 102792 113792
 1.3 105668 102792 113792
 1.3 105668 102792 113792
 1.3 105668 102792 113792
 1.3 105668 102792 113792
 1.3 105668 102792 113792
 1.3 105668 102792 113792
 1.3 105668 102792 113792
 1.3 105668 102792 113792
 1.3 105668 102792 113792
 1.3 105668 102792 113792
 1.3 105668 102792 113792
 1.3 105668 102792 113792
 1.3 105668 102792 113792
 1.3 105668 102792 113792
 1.3 105668 102792 113792
 1.3 105668 102792 113792
 1.3 105668 102792 113792
 1.3 105668 102792 113792
 1.3 105668 102792 113792
 1.3 105668 102792 113792
 1.3 105668 102792 113792
 1.3 105668 102792 113792
 1.3 105668 102792 113792
 1.3 105668 102792 113792
 1.3 105668 102792 113792
 1.3 105668 102792 113792
 1.3 105668 102792 113792
 1.3 105668 102792 113792
 1.3 105668 102792 113792
 1.3 105668 102792 113792
 1.3 105668 102792 113792
 1.3 105668 102792 113792
 1.3 105668 102792 113792
 1.3 105668 102792 113792
 1.3 105668 102792 113792
 1.3 105668 102792 113792
 1.3 105668 102792 113792
 1.3 105668 102792 113792
 1.3 105668 102792 113792
 1.3 105668 102792 113792
 1.3 105668 102792 113792
 1.3 105668 102792 113792
 1.3 105668 102792 113792
 1.3 105668 102792 113792
 1.3 105668 102792 113792
 1.3 105668 102792 113792
 1.3 105668 102792 113792
 1.3 105668 102792 113792
 1.3 105668 102792 113792
 1.3 105668 102792 113792
 1.3 105668 102792 113792
 1.3 105668 102792 113792
 1.3 105668 102792 113792
 1.3 105668 102792 113792
 1.3 105668 102792 113792
 1.3 105668 102792 113792
 1.3 105668 102792 113792
 1.3 105668 102792 113792
 1.3 105668 102792 113792
 1.3 105668 102792 113792
 1.3 105668 102792 113792
 1.3 105668 102792 113792
 1.3 105668 102792 113792
 1.3 105668 102792 113792
 1.3 105668 102792 113792
 1.3 105668 102792 113792
 1.3 105668 102792 113792
 1.3 105668 102792 113792
 1.3 105668 102792 113792
 1.3 105668 102792 113792
 1.3 105668 102792 113792
 1.3 105668 102792 113792
 1.3 105668 102792 113792
 1.3 105668 102792 113792
 1.3 105668 102792 113792
 1.3 105668 102792 113792
 1.3 105668 102792 113792
 1.3 105668 102792 113792
 1.3 105668 102792 113792
 1.3 105668 102792 113792
 1.3 105668 102792 113792
 1.3 105668 102792 113792
 1.3 105668 102792 113792
 1.3 105668 102792 113792
 1.3 105668 102792 113792
 1.3 105668 102792 113792
 1.3 105668 102792 113792
 1.3 105668 102792 113792
 1.3 105668 102792 113792
 1.3 105668 102792 113792
 1.3 105668 102792 113792
 1.3 105668 102792 113792
 1.3 105668 102792 113792
 1.3 105668 102792 113792
 1.3 105668 102792 113792
 1.3 105668 102792 113792
 1.3 105668 102792 113792
 1.3 105668 102792 113792
 1.3 105668 102792 113792
 1.3 105668 102792 113792
 1.3 105668 102792 113792
 1.3 105668 102792 113792
 1.3 105668 102792 113792
 1.3 105668 102792 113792
 1.3 105668 102792 113792
 1.3 105668 102792 113792
 1.3 105668 102792 113792
 1.3 105668 102792 113792
 1.3 105668 102792 113792
 1.3 105668 102792 113792
 1.3 105668 102792 113792
 1.3 105668 102792 113792
 1.3 105668 102792 113792
 1.3 105668 102792 113792
 1.3 105668 102792 113792
 1.3 105668 102792 113792
 1.3 105668 102792 113792
 1.3 105668 102792 113792
 1.3 105668 102792 113792
 1.3 105668 102792 113792
 1.3 105668 102792 113792
 1.3 105668 102792 113792
 1.3 105668 102792 113792
 1.3 105668 102792 113792
 1.3 105668 102792 113792
 1.3 105668 102792 113792
 1.3 105668 102792 113792
 1.3 105668 102792 113792
 1.3 105668 102792 113792
 1.3 105668 102792 113792
 1.3 105668 102792 113792
 1.3 105668 102792 113792
 1.3 105668 102792 113792
 1.3 105668 102792 113792
 1.3 105668 102792 113792
 1.3 105668 102792 113792
 1.3 105668 102792 113792
 1.3 105668 102792 113792
 1.3 105668 102792 113792
 1.3 105668 102792 113792
 1.3 105668 102792 113792
 1.3 105668 102792 113792
 1.3 105668 102792 113792
 1.3 105668 102792 113792
 1.3 105668 102792 113792
 1.3 105668 102792 113792
 1.3 105668 102792 113792
 1.3 105668 102792 113792
 1.3 105668 102792 113792
 1.3 105668 102792 113792
 1.3 105668 102792 113792
 1.3 105668 102792 113792
 1.3 105668 102792 113792
 1.3 105668 102792 113792
 1.3 105668 102792 113792
 1.3 105668 102792 113792
 1.3 105668 102792 113792
 1.3 105668 102792 113792
 1.3 105668 102792 113792
 1.3 105668 102792 113792
 1.3 105668 102792 113792
 1.3 105668 102792 113792
 1.3 105668 102792 113792
 1.3 105668 102792 113792
 1.3 105668 102792 113792
 1.3 105668 102792 113792
 1.3 105668 102792 113792
 1.3 105668 102792 113792
 1.3 105668 102792 113792
 1.3 105668 102792 113792
 1.3 105668 102792 113792
 1.3 105668 102792 113792
 1.3 105668 102792 113792
 1.3 105668 102792 113792
 1.3 105668 102792 113792
 1.3 105668 102792 113792
 1.3 105668 102792 113792
 1.3 105668 102792 113792
 1.3 105668 102792 113792
 1.3 105668 102792 113792
 1.3 105668 102792 113792
 1.3 105668 102792 113792
 1.3 105668 102792 113792
 1.3 105668 102792 113792
 1.3 105668 102792 113792
 1.3 105668 102792 113792
 1.3 105668 102792 113792
 1.3 105668 102792 113792
 1.3 105668 102792 113792
 1.3 105668 102792 113792
 1.3 105668 102792 113792
 1.3 105668 102792 113792
 1.3 105668 102792 113792
 1.3 105668 102792 113792
 1.3 105668 102792 113792
 1.3 105668 102792 113792
 1.3 105668 102792 113792
 1.3 105668 102792 113792
 1.3 105668 102792 113792
 1.3 105668 102792 113792
 1.3 105668 102792 113792
 1.3 105668 102792 113792
 1.3 105668 102792 113792
 1.3 105668 102792 113792
 1.3 105668 102792 113792
 1.3 105668 102792 113792
 1.3 105668 102792 113792
 1.3 105668 102792 113792
 1.3 105668 102792 113792
 1.3 105668 102792 113792
 1.3 105668 102792 113792
 1.3 105668 102792 113792
 1.3 105668 102792 113792
 1.3 105668 102792 113792
 1.3 105668 102792 113792
 1.3 105668 102792 113792
 1.3 105668 102792 113792
 1.3 105668 102792 113792
 1.3 105668 102792 113792
 1.3 105668 102792 113792
 1.3 105668 102792 113792
 1.3 105668 102792 113792
 1.3 105668 102792 113792
 1.3 105668 102792 113792
 1.3 105668 102792 113792
 1.3 105668 102792 113792
 1.3 105668 102792 113792
 1.3 105668 102792 113792
 1.3 105668 102792 113792
 1.3 105668 102792 113792
 1.3 105668 102792 113792
 1.3 105668 102792 113792
 1.3 105668 102792 113792
 1.3 105668 102792 113792
 1.3 105668 102792 113792
 1.3 105668 102792 113792
 1.3 105668 102792 113792
 1.3 105668 102792 113792
 1.3 105668 102792 113792
 1.3 105668 102792 113792
 1.3 105668 102792 113792
 1.3 105668 102792 113792
 1.3 105668 102792 113792
 1.3 105668 102792 113792
 1.3 105668 102792 113792
 1.3 105668 102792 113792
 1.3 105668 102792 113792
 1.3 105668 102792 113792
 1.3 105668 102792 113792
 1.3 105668 102792 113792
 1.3 105668 102792 113792
 1.3 105668 102792 113792
 1.3 105668 102792 113792
 1.3 105668 102792 113792
 1.3 105668 102792 113792
 1.3 105668 102792 113792
 1.3 105668 102792 113792
 1.3 105668 102792 113792
 1.3 105668 102792 113792
 1.3 105668 102792 113792
 1.3 105668 102792 113792
 1.3 105668 102792 113792
 1.3 105668 102792 113792
 1.3 105668 102792 113792
 1.3 105668 102792 113792
 1.3 105668 102792 113792
 1.3 105668 102792 113792
 1.3 105668 102792 113792
 1.3 105668 102792 113792
 1.3 105668 102792 113792
 1.3 105668 102792 113792
 1.3 105668 102792 113792
 1.3 105668 102792 113792
 1.3 105668 102792 113792
 1.3 105668 102792 113792
 1.3 105668 102792 113792
 1.3 105668 102792 113792
 1.3 105668 102792 113792
 1.3 105668 102792 113792
 1.3 105668 102792 113792
 1.3 105668 102792 113792
 1.3 105668 102792 113792
 1.3 105668 102792 113792
 1.3 105668 102792 113792
 1.3 105668 102792 113792
 1.3 105668 102792 113792
 1.3 105668 102792 113792
 1.3 105668 102792 113792
 1.3 105668 102792 113792
 1.3 105668 102792 113792
 1.3 105668 102792 113792
 1.3 105668 102792 113792
 1.3 105668 102792 113792
 1.3 105668 102792 113792
 1.3 105668 102792 113792
 1.3 105668 102792 113792
 1.3 105668 102792 113792
 1.3 105668 102792 113792
 1.3 105668 102792 113792
 1.3 105668 102792 113792
 1.3 105668 102792 113792
 1.3 105668 102792 113792
 1.3 105668 102792 113792
 1.3 105668 102792 113792
 1.3 105668 102792 113792
 1.3 105668 102792 113792
 1.3 105668 102792 113792
 1.3 105668 102792 113792
 1.3 105668 102792 113792
 1.3 105668 102792 113792
 1.3 105668 102792 113792
 1.3 105668 102792 113792
 1.3 105668 102792 113792
 1.3 105668 102792 113792
 1.3 105668 102792 113792
 1.3 105668 102792 113792
 1.3 105668 102792 113792
 1.3 105668 102792 113792
 1.3 105668 102792 113792
 1.3 105668 102792 113792
 1.3 105668 102792 113792
 1.3 105668 102792 113792
 1.3 105668 102792 113792
 1.3 105668 102792 113792
 1.3 105668 102792 113792
 1.3 105668 102792 113792
 1.3 105668 102792 113792
 1.3 105668 102792 113792
 1.3 105668 102792 113792
 1.3 105668 102792 113792
 1.3 105668 102792 113792
 1.3 105668 102792 113792
 1.3 105668 102792 113792
 1.3 105668 102792 113792
 1.3 105668 102792 113792
 1.3 105668 102792 113792
 1.3 105668 102792 113792
 1.3 105668 102792 113792
 1.3 105668 102792 113792
 1.3 105668 102792 113792
 1.3 105668 102792 113792
 1.3 105668 102792 113792
 1.3 105668 102792 113792
 1.3 105668 102792 113792
 1.3 105668 102792 113792
 1.3 105668 102792 113792
 1.3 105668 102792 113792
 1.3 105668 102792 113792
 1.3 105668 102792 113792
 1.3 105668 102792 113792
 1.3 105668 102792 113792
 1.3 105668 102792 113792
 1.3 105668 102792 113792
 1.3 105668 102792 113792
 1.3 105668 102792 113792
 1.3 105668 102792 113792
 1.3 105668 102792 113792
 1.3 105668 102792 113792
 1.3 105668 102792 113792
 1.3 105668 102792 113792
 1.3 105668 102792 113792
 1.3 105668 102792 113792
 1.3 105668 102792 113792
 1.3 105668 102792 113792
 1.3 105668 102792 113792
 1.3 105668 102792 113792
 1.3 105668 102792 113792
 1.3 105668 102792 113792
 1.3 105668 102792 113792
 1.3 105668 102792 113792
 1.3 105668 102792 113792
 1.3 105668 102792 113792
 1.3 105668 102792 113792
 1.3 105668 102792 113792
 1.3 105668 102792 113792
 1.3 105668 102792 113792
 1.3 105668 102792 113792
 1.3 105668 102792 113792
 1.3 105668 102792 113792
 1.3 105668 102792 113792
 1.3 105668 102792 113792
 1.3 105668 102792 113792
 1.3 105668 102792 113792
 1.3 105668 102792 113792
 1.3 105668 102792 113792
 1.3 105668 102792 113792
 1.3 105668 102792 113792
 1.3 105668 102792 113792
 1.3 105668 102792 113792
 1.3 105668 102792 113792
 1.3 105668 102792 113792
 1.3 105668 102792 113792
 1.3 105668 102792 113792
 1.3 105668 102792 113792
 1.3 105668 102792 113792
 1.3 105668 102792 113792
 1.3 105668 102792 113792
 1.3 105668 102792 113792
 1.3 105668 102792 113792
 1.3 105668 102792 113792
 1.3 105668 102792 113792
 1.3 105668 102792 113792
 1.3 105668 102792 113792
 1.3 105668 102792 113792
 1.3 105668 102792 113792
 1.3 105668 102792 113792
 1.3 105668 102792 113792
 1.3 105668 102792 113792
 1.3 105668 102792 113792
 1.3 105668 102792 113792
 1.3 105668 102792 113792
 1.3 105668 102792 113792
 1.3 105668 102792 113792
 1.3 105668 102792 113792
 1.3 105668 102792 113792
 1.3 105668 102792 113792
 1.3 105668 102792 113792
 1.3 105668 102792 113792
 1.3 105668 102792 113792
 1.3 105668 102792 113792
 1.3 105668 102792 113792
 1.3 105668 102792 113792
 1.3 105668 102792 113792
 1.3 105668 102792 113792
 1.3 105668 102792 113792
 1.3 105668 102792 113792
 1.3 105668 102792 113792
 1.3 105668 102792 113792
 1.3 105668 102792 113792
 1.3 105668 102792 113792
 1.3 105668 102792 113792
 1.3 105668 102792 113792
 1.3 105668 102792 113792
 1.3 105668 102792 113792
 1.3 105668 102792 113792
 1.3 105668 102792 113792
 1.3 105668 102792 113792
 1.3 105668 102792 113792
 1.3 105668 102792 113792
 1.3 105668 102792 113792
 1.3 105668 102792 113792
 1.3 105668 102792 113792
 1.3 105668 102792 113792
 1.3 105668 102792 113792
 1.3 105668 102792 113792
 1.3 105668 102792 113792
 1.3 105668 102792 113792
 1.3 105668 102792 113792
 1.3 105668 102792 113792
 1.3 105668 102792 113792
 1.3 105668 102792 113792
 1.3 105668 102792 113792
 1.3 105668 102792 113792
 1.3 105668 102792 113792
 1.3 105668 102792 113792
 1.3 105668 102792 113792
 1.3 105668 102792 113792
 1.3 105668 102792 113792
 1.3 105668 102792 113792
 1.3 105668 102792 113792
 1.3 105668 102792 113792
 1.3 105668 102792 113792
 1.3 105668 102792 113792
 1.3 105668 102792 113792
 1.3 105668 102792 113792
 1.3 105668 102792 113792
 1.3 105668 102792 113792
 1.3 105668 102792 113792
 1.3 105668 102792 113792
 1.3 105668 102792 113792
 1.3 105668 102792 113792
 1.3 105668 102792 113792
 1.3 105668 102792 113792
 1.3 105668 102792 113792
 1.3 105668 102792 113792
 1.3 105668 102792 113792
 1.3 105668 102792 113792
 1.3 105668 102792 113792
 1.3 105668 102792 113792
 1.3 105668 102792 113792
 1.3 105668 102792 113792
 1.3 105668 102792 113792
 1.3 105668 102792 113792
 1.3 105668 102792 113792
 1.3 105668 102792 113792
 1.3 105668 102792 113792
 1.3 105668 102792 113792
 1.3 105668 102792 113792
 1.3 105668 102792 113792
 1.3 105668 102792 113792
 1.3 105668 102792 113792
 1.3 105668 102792 113792
 1.3 105668 102792 113792
 1.3 105668 102792 113792
 1.3 105668 102792 113792
 1.3 105668 102792 113792
 1.3 105668 102792 113792
 1.3 105668 102792 113792
 1.3 105668 102792 113792
 1.3 105668 102792 113792
 1.3 105668 102792 113792
 1.3 105668 102792 113792
 1.3 105668 102792 113792
 1.3 105668 102792 113792
 1.3 105668 102792 113792
 1.3 105668 102792 113792
 1.3 105668 102792 113792
 1.3 105668 102792 113792
 1.3 105668 102792 113792
 1.3 105668 102792 113792
 1.3 105668 102792 113792
 1.3 105668 102792 113792
 1.3 105668 102792 113792
 1.3 105668 102792 113792
 1.3 105668 102792 113792
 1.3 105668 102792 113792
 1.3 105668 102792 113792
 1.3 105668 102792 113792
 1.3 105668 102792 113792
 1.3 105668 102792 113792
 1.3 105668 102792 113792
 1.3 105668 102792 113792
 1.3 105668 102792 113792
 1.3 105668 102792 113792
 1.3 105668 102792 113792
 1.3 105668 102792 113792
 1.3 105668 102792 113792
 1.3 105668 102792 113792
 1.3 105668 102792 113792
 1.3 105668 102792 113792
 1.3 105668 102792 113792
 1.3 105668 102792 113792
 1.3 105668 102792 113792
 1.3 105668 102792 113792
 1.3 105668 102792 113792
 1.3 105668 102792 113792
 1.3 105668 102792 113792
 1.3 105668 102792 113792
 1.3 105668 102792 113792
 1.3 105668 102792 113792
 1.3 105668 102792 113792
 1.3 105668 102792 113792
 1.3 105668 102792 113792
 1.3 105668 102792 113792
 1.3 105668 102792 113792
 1.3 105668 102792 113792
 1.3 105668 102792 113792
 1.3 105668 102792 113792
 1.3 105668 102792 113792
 1.3 105668 102792 113792
 1.3 105668 102792 113792
 1.3 105668 102792 113792
 1.3 105668 102792 113792
 1.3 105668 102792 113792
 1.3 105668 102792 113792
 1.3 105668 102792 113792
 1.3 105668 102792 113792
 1.3 105668 102792 113792
 1.3 105668 102792 113792
 1.3 105668 102792 113792
 1.3 105668 102792 113792
 1.3 105668 102792 113792
 1.3 105668 102792 113792
 1.3 105668 102792 113792
 1.3 105668 102792 113792
 1.3 105668 102792 113792
 1.3 105668 102792 113792
 1.3 105668 102792 113792
 1.3 105668 102792 113792
 1.3 105668 102792 113792
 1.3 105668 102792 113792
 1.3 105668 102792 113792
 1.3 105668 102792 113792
 1.3 105668 102792 113792
 1.3 105668 102792 113792
 1.3 105668 102792 113792
 1.3 105668 102792 113792
 1.3 105668 102792 113792
 1.3 105668 102792 113792
 1.3 105668 102792 113792
 1.3 105668 102792 113792
 1.3 105668 102792 113792
 1.3 105668 102792 113792
 1.3 105668 102792 113792
 1.3 105668 102792 113792
 1.3 105668 102792 113792
 1.3 105668 102792 113792
 1.3 105668 102792 113792
 1.3 105668 102792 113792
 1.3 105668 102792 113792
 1.3 105668 102792 113792
 1.3 105668 102792 113792
 1.3 105668 102792 113792
 1.3 105668 102792 113792
 1.3 105668 102792 113792
 1.3 105668 102792 113792
 1.3 105668 102792 113792
 1.3 105668 102792 113792
 1.3 105668 102792 113792
 1.3 105668 102792 113792
 1.3 105668 102792 113792
 1.3 105668 102792 113792
 1.3 105668 102792 113792
 1.3 105668 102792 113792
 1.3 105668 102792 113792
 1.3 105668 102792 113792
 1.3 105668 102792 113792
 1.3 105668 102792 113792
 1.3 105668 102792 113792
 1.3 105668 102792 113792
 1.3 105668 102792 113792
 1.3 105668 102792 113792
 1.3 105668 102792 113792
 1.3 105668 102792 113792
 1.3 105668 102792 113792
 1.3 105668 102792 113792
 1.3 105668 102792 113792
 1.3 105668 102792 113792
 1.3 105668 102792 113792
 1.3 105668 102792 113792
 1.3 105668 102792 113792
 1.3 105668 102792 113792
 1.3 105668 102792 113792
 1.3 105668 102792 113792
 1.3 105668 102792 113792
 1.3 105668 102792 113792
 1.3 105668 102792 113792
 1.3 105668 102792 113792
 1.3 105668 102792 113792
 1.3 105668 102792 113792
 1.3 105668 102792 113792
 1.3 105668 102792 113792
 1.3 105668 102792 113792
 1.3 105668 102792 113792
 1.3 105668 102792 113792
 1.3 105668 102792 113792
 1.3 105668 102792 113792
 1.3 105668 102792 113792
 1.3 105668 102792 113792
 1.3 105668 102792 113792
 1.3 105668 102792 113792
 1.3 105668 102792 113792
 1.3 105668 102792 113792
 1.3 105668 102792 113792
 1.3 105668 102792 113792
 1.3 105668 102792 113792
 1.3 105668 102792 113792
 1.3 105668 102792 113792
 1.3 105668 102792 113792
 1.3 105668 102792 113792
 1.3 105668 102792 113792
 1.3 105668 102792 113792
 1.3 105668 102792 113792
 1.3 105668 102792 113792
 1.3 105668 102792 113792
 1.3 105668 102792 113792
 1.3 105668 102792 113792
 1.3 105668 102792 113792
 1.3 105668 102792 113792
 1.3 105668 102792 113792
 1.3 105668 102792 113792
 1.3 105668 102792 113792
 1.3 105668 102792 113792
 1.3 105668 102792 113792
 1.3 105668 102792 113792
 1.3 105668 102792 113792
 1.3 105668 102792 113792
 1.3 105668 102792 113792
 1.3 105668 102792 113792
 1.3 105668 102792 113792
 1.3 105668 102792 113792
 1.3 105668 102792 113792
 1.3 105668 102792 113792
 1.3 105668 102792 113792
 1.3 105668 102792 113792
 1.3 105668 102792 113792
 1.3 105668 102792 113792
 1.3 105668 102792 113792
 1.3 105668 102792 113792
 1.3 105668 102792 113792
 1.3 105668 102792 113792
 1.3 105668 102792 113792
 1.3 105668 102792 113792
 1.3 105668 102792 113792
 1.3 105668 102792 113792
 1.3 105668 102792 113792
 1.3 105668 102792 113792
 1.3 105668 102792 113792
 1.3 105668 102792 113792
 1.3 105668 102792 113792
 1.3 105668 102792 113792
 1.3 105668 102792 113792
 1.3 105668 102792 113792
 1.3 105668 102792 113792
 1.3 105668 102792 113792
 1.3 105668 102792 113792
 1.3 105668 102792 113792
 1.3 105668 102792 113792
 1.3 105668 102792 113792
 1.3 105668 102792 113792
 1.3 105668 102792 113792
 1.3 105668 102792 113792
 1.3 105668 102792 113792
 1.3 105668 102792 113792
 1.3 105668 102792 113792
 1.3 105668 102792 113792
 1.3 105668 102792 113792
 1.3 105668 102792 113792
 1.3 105668 102792 113792
 1.3 105668 102792 113792
 1.3 105668 102792 113792
 1.3 105668 102792 113792
 1.3 105668 102792 113792
 1.3 105668 102792 113792
 1.3 105668 102792 113792
 1.3 105668 102792 113792
 1.3 105668 102792 113792
 1.3 105668 102792 113792
 1.3 105668 102792 113792
 1.3 105668 102792 113792
 1.3 105668 102792 113792
 1.3 105668 102792 113792
 1.3 105668 102792 113792
 1.3 105668 102792 113792
 1.3 105668 102792 113792
 1.3 105668 102792 113792
 1.3 105668 102792 113792
 1.3 105668 102792 113792
 1.3 105668 102792 113792
 1.3 105668 102792 113792
 1.3 105668 102792 113792
 1.3 105668 102792 113792
 1.3 105668 102792 113792
 1.3 105668 102792 113792
 1.3 105668 102792 113792
 1.3 105668 102792 113792
 1.3 105668 102792 113792
 1.3 105668 102792 113792
 1.3 105668 102792 113792
 1.3 105668 102792 113792
 1.3 105668 102792 113792
 1.3 105668 102792 113792
 1.3 105668 102792 113792
 1.3 105668 102792 113792
 1.3 105668 102792 113792
 1.3 105668 102792 113792
 1.3 105668 102792 113792
 1.3 105668 102792 113792
 1.3 105668 102792 113792
 1.3 105668 102792 113792
 1.3 105668 102792 113792
 1.3 105668 102792 113792
 1.3 105668 102792 113792
 1.3 105668 102792 113792
 1.3 105668 102792 113792
 1.3 105668 102792 113792
 1.3 105668 102792 113792
 1.3 105668 102792 113792
 1.3 105668 102792 113792
 1.3 105668 102792 113792
 1.3 105668 102792 113792
 1.3 105668 102792 113792
 1.3 105668 102792 113792
 1.3 105668 102792 113792
 1.3 105668 102792 113792
 1.3 105668 102792 113792
 1.3 105668 102792 113792
 1.3 105668 102792 113792
 1.3 105668 102792 113792
 1.3 105668 102792 113792
 1.3 105668 102792 113792
 1.3 105668 102792 113792
 1.3 105668 102792 113792
 1.3 105668 102792 113792
 1.3 105668 102792 113792
 1.3 105668 102792 113792
 1.3 105668 102792 113792
 1.3 105668 102792 113792
 1.3 105668 102792 113792
 1.3 105668 102792 113792
 1.3 105668 102792 113792
 1.3 105668 102792 113792
 1.3 105668 102792 113792
 1.3 105668 102792 113792
 1.3 105668 102792 113792
 1.3 105668 102792 113792
 1.3 105668 102792 113792
 1.3 105668 102792 113792
 1.3 105668 102792 113792
 1.3 105668 102792 113792
 1.3 105668 102792 113792
 1.3 105668 102792 113792
 1.3 105668 102792 113792
 1.3 105668 102792 113792
 1.3 105668 102792 113792
 1.3 105668 102792 113792
 1.3 105668 102792 113792
 1.3 105668 102792 113792
 1.3 105668 102792 113792
 1.3 105668 102792 113792
 1.3 105668 102792 113792
 1.3 105668 102792 113792
 1.3 105668 102792 113792
 1.3 105668 102792 113792
 1.3 105668 102792 113792
 1.3 105668 102792 113792
 1.3 105668 102792 113792
 1.3 105668 102792 113792
 1.3 105668 102792 113792
 1.3 105668 102792 113792
 1.3 105668 102792 113792
 1.3 105668 102792 113792
 1.3 105668 102792 113792
 1.3 105668 102792 113792
 1.3 105668 102792 113792
 1.3 105668 102792 113792
 1.3 105668 102792 113792
 1.3 105668 102792 113792
 1.3 105668 102792 113792
 1.3 105668 102792 113792
 1.3 105668 102792 113792
 1.3 105668 102792 113792
 1.3 105668 102792 113792
 1.3 105668 102792 113792
 1.3 105668 102792 113792
 1.3 105668 102792 113792
 1.3 105668 102792 113792
 1.3 105668 102792 113792
 1.3 105668 102792 113792
 1.3 105668 102792 113792
 1.3 105668 102792 113792
 1.3 105668 102792 113792
 1.3 105668 102792 113792
 1.3 105668 102792 113792
 1.3 105668 102792 113792
 1.3 105668 102792 113792
 1.3 105668 102792 113792
 1.3 105668 102792 113792
 1.3 105668 102792 113792
 1.3 105668 102792 113792
 1.3 105668 102792 113792
 1.3 105668 102792 113792
 1.3 105668 102792 113792
 1.3 105668 102792 113792
 1.3 105668 102792 113792
 1.3 105668 102792 113792
 1.3 105668 102792 113792
 1.3 105668 102792 113792
 1.3 105668 102792 113792
 1.3 105668 102792 113792
 1.3 105668 102792 113792
 1.3 105668 102792 113792
 1.3 105668 102792 113792
 1.3 105668 102792 113792
 1.3 105668 102792 113792
 1.3 105668 102792 113792
 1.3 105668 102792 113792
 1.3 105668 102792 113792
 1.3 105668 102792 113792
 1.3 105668 102792 113792
 1.3 105668 102792 113792
 1.3 105668 102792 113792
 1.3 105668 102792 113792
 1.3 105668 102792 113792
 1.3 105668 102792 113792
 1.3 105668 102792 113792
 1.3 105668 102792 113792
 1.3 105668 102792 113792
 1.3 105668 102792 113792
 1.3 105668 102792 113792
 1.3 105668 102792 113792
 1.3 105668 102792 113792
 1.3 105668 102792 113792
 1.3 105668 102792 113792
 1.3 105668 102792 113792
 1.3 105668 102792 113792
 1.3 105668 102792 113792
 1.3 105668 102792 113792
 1.3 105668 102792 113792
 1.3 105668 102792 113792
 1.3 105668 102792 113792
 1.3 105668 102792 113792
 1.3 105668 102792 113792
 1.3 105668 102792 113792
 1.3 105668 102792 113792
 1.3 105668 102792 113792
 1.3 105668 102792 113792
 1.3 105668 102792 113792
 1.3 105668 102792 113792
 1.3 105668 102792 113792
 1.3 105668 102792 113792
 1.3 105668 102792 113792
 1.3 105668 102792 113792
 1.3 105668 102792 113792
 1.3 105668 102792 113792
 1.3 105668 102792 113792
 1.3 105668 102792 113792
 1.3 105668 102792 113792
 1.3 105668 102792 113792
 1.3 105668 102792 113792
 1.3 105668 102792 113792
 1.3 105668 102792 113792
 1.3 105668 102792 113792
 1.3 105668 102792 113792
 1.3 105668 102792 113792
 1.3 105668 102792 113792
 1.3 105668 102792 113792
 1.3 105668 102792 113792
 1.3 105668 102792 113792
 1.3 105668 102792 113792
 1.3 105668 102792 113792
 1.3 105668 102792 113792
 1.3 105668 102792 113792
 1.3 105668 102792 113792
 1.3 105668 102792 113792
 1.3 105668 102792 113792
 1.3 105668 102792 113792
 1.3 105668 102792 113792
 1.3 105668 102792 113792
 1.3 105668 102792 113792
 1.3 105668 102792 113792
 1.3 105668 102792 113792
 1.3 105668 102792 113792
 1.3 105668 102792 113792
 1.3 105668 102792 113792
 1.3 105668 102792 113792
 1.3 105668 102792 113792
 1.3 105668 102792 113792
 1.3 105668 102792 113792
 1.3 105668 102792 113792
 1.3 105668 102792 113792
 1.3 105668 102792 113792
 1.3 105668 102792 113792
 1.3 105668 102792 113792
 1.3 105668 102792 113792
 1.3 105668 102792 113792
 1.3 105668 102792 113792
 1.3 105668 102792 113792
 1.3 105668 102792 113792
 1.3 105668 102792 113792
 1.3 105668 102792 113792
 1.3 105668 102792 113792
 1.3 105668 102792 113792
 1.3 105668 102792 113792
 1.3 105668 102792 113792
 1.3 105668 102792 113792
 1.3 105668 102792 113792
 1.3 105668 102792 113792
 1.3 105668 102792 113792
 1.3 105668 102792 113792
 1.3 105668 102792 113792
 1.3 105668 102792 113792
 1.3 105668 102792 113792
 1.3 105668 102792 113792
 1.3 105668 102792 113792
 1.3 105668 102792 113792
 1.3 105668 102792 113792
 1.3 105668 102792 113792
 1.3 105668 102792 113792
 1.3 105668 102792 113792
 1.3 105668 102792 113792
 1.3 105668 102792 113792
 1.3 105668 102792 113792
 1.3 105668 102792 113792
 1.3 105668 102792 113792
 1.3 105668 102792 113792
 1.3 105668 102792 113792
 1.3 105668 102792 113792
 0.1  8872  6792  17792
 0.6 51740 51620  62620
 1.1 94612 96448 107448
 1.3 105956 102852 113852
 1.3 105956 102852 113852
 1.3 105956 102852 113852
 1.3 105956 102852 113852
 1.3 105956 102852 113852
 1.3 105956 102852 113852
 1.3 105956 102852 113852
 1.3 105956 102852 113852
 1.3 105956 102852 113852
 1.3 105956 102852 113852
 1.3 105956 102852 113852
 1.3 105956 102852 113852
 1.3 105956 102852 113852
 1.3 105956 102852 113852
 1.3 105956 102852 113852
 1.3 105956 102852 113852
 1.3 105956 102852 113852
 1.3 105956 102852 113852
 1.3 105956 102852 113852
 1.3 105956 102852 113852
 1.3 105956 102852 113852
 1.3 105956 102852 113852
 1.3 105956 102852 113852
 1.3 105956 102852 113852
 1.3 105956 102852 113852
 1.3 105956 102852 113852
 1.3 105956 102852 113852
 1.3 105956 102852 113852
 1.3 105956 102852 113852
 1.3 105956 102852 113852
 1.3 105956 102852 113852
 1.3 105956 102852 113852
 1.3 105956 102852 113852
 1.3 105956 102852 113852
 1.3 105956 102852 113852
 1.3 105956 102852 113852
 1.3 105956 102852 113852
 1.3 105956 102852 113852
 1.3 105956 102852 113852
 1.3 105956 102852 113852
 1.3 105956 102852 113852
 1.3 105956 102852 113852
 1.3 105956 102852 113852
 1.3 105956 102852 113852
 1.3 105956 102852 113852
 1.3 105956 102852 113852
 1.3 105956 102852 113852
 1.3 105956 102852 113852
 1.3 105956 102852 113852
 1.3 105956 102852 113852
 1.3 105956 102852 113852
 1.3 105956 102852 113852
 1.3 105956 102852 113852
 1.3 105956 102852 113852
 1.3 105956 102852 113852
 1.3 105956 102852 113852
 1.3 105956 102852 113852
 1.3 105956 102852 113852
 1.3 105956 102852 113852
 1.3 105956 102852 113852
 1.3 105956 102852 113852
 1.3 105956 102852 113852
 1.3 105956 102852 113852
 1.3 105956 102852 113852
 1.3 105956 102852 113852
 1.3 105956 102852 113852
 1.3 105956 102852 113852
 1.3 105956 102852 113852
 1.3 105956 102852 113852
 1.3 105956 102852 113852
 1.3 105956 102852 113852
 1.3 105956 102852 113852
 1.3 105956 102852 113852
 1.3 105956 102852 113852
 1.3 105956 102852 113852
 1.3 105956 102852 113852
 1.3 105956 102852 113852
 1.3 105956 102852 113852
 1.3 105956 102852 113852
 1.3 105956 102852 113852
 1.3 105956 102852 113852
 1.3 105956 102852 113852
 1.3 105956 102852 113852
 1.3 105956 102852 113852
 1.3 105956 102852 113852
 1.3 105956 102852 113852
 1.3 105956 102852 113852
 1.3 105956 102852 113852
 1.3 105956 102852 113852
 1.3 105956 102852 113852
 1.3 105956 102852 113852
 1.3 105956 102852 113852
 1.3 105956 102852 113852
 1.3 105956 102852 113852
 1.3 105956 102852 113852
 1.3 105956 102852 113852
 1.3 105956 102852 113852
 1.3 105956 102852 113852
 1.3 105956 102852 113852
 1.3 105956 102852 113852
 1.3 105956 102852 113852
 1.3 105956 102852 113852
 1.3 105956 102852 113852
 1.3 105956 102852 113852
 1.3 105956 102852 113852
 1.3 105956 102852 113852
 1.3 105956 102852 113852
 1.3 105956 102852 113852
 1.3 105956 102852 113852
 1.3 105956 102852 113852
 1.3 105956 102852 113852
 1.3 105956 102852 113852
 1.3 105956 102852 113852
 1.3 105956 102852 113852
 1.3 105956 102852 113852
 1.3 105956 102852 113852
 1.3 105956 102852 113852
 1.3 105956 102852 113852
 1.3 105956 102852 113852
 1.3 105956 102852 113852
 1.3 105956 102852 113852
 1.3 105956 102852 113852
 1.3 105956 102852 113852
 1.3 105956 102852 113852
 1.3 105956 102852 113852
 1.3 105956 102852 113852
 1.3 105956 102852 113852
 0.6 48364 45216  56216
 0.0  3536   388  11388
 0.2 18436 17456  28456
 0.8 65388 68660  79660
 1.3 105824 102796 113796
 1.3 105824 102796 113796
 1.3 105824 102796 113796
 1.3 105824 102796 113796
 1.3 105824 102796 113796
 1.3 105824 102796 113796
 1.3 105824 102796 113796
 1.3 105824 102796 113796
 1.3 105824 102796 113796
 1.3 105824 102796 113796
 1.3 105824 102796 113796
 1.3 105824 102796 113796
 1.3 105824 102796 113796
 1.3 105824 102796 113796
 1.3 105824 102796 113796
 1.3 105824 102796 113796
 1.3 105824 102796 113796
 1.3 105824 102796 113796
 1.3 105824 102796 113796
 1.3 105824 102796 113796
 1.3 105824 102796 113796
 1.3 105824 102796 113796
 1.3 105824 102796 113796
 1.3 105824 102796 113796
 1.3 105824 102796 113796
 1.3 105824 102796 113796
 1.3 105824 102796 113796
 1.3 105824 102796 113796
 1.3 105824 102796 113796
 1.3 105824 102796 113796
 1.3 105824 102796 113796
 1.3 105824 102796 113796
 1.3 105824 102796 113796
 1.3 105824 102796 113796
 1.3 105824 102796 113796
 1.3 105824 102796 113796
 1.3 105824 102796 113796
 1.3 105824 102796 113796
 1.3 105824 102796 113796
 1.3 105824 102796 113796
 1.3 105824 102796 113796
 1.3 105824 102796 113796
 1.3 105824 102796 113796
 1.3 105824 102796 113796
 1.3 105824 102796 113796
 1.3 105824 102796 113796
 1.3 105824 102796 113796
 1.3 105824 102796 113796
 1.3 105824 102796 113796
 1.3 105824 102796 113796
 1.3 105824 102796 113796
 1.3 105824 102796 113796
 1.3 105824 102796 113796
 1.3 105824 102796 113796
 1.3 105824 102796 113796
 1.3 105824 102796 113796
 1.3 105824 102796 113796
 1.3 105824 102796 113796
 1.3 105824 102796 113796
 1.3 105824 102796 113796
 1.3 105824 102796 113796
 1.3 105824 102796 113796
 1.3 105824 102796 113796
 1.3 105824 102796 113796
 1.3 105824 102796 113796
 1.3 105824 102796 113796
 1.3 105824 102796 113796
 1.3 105824 102796 113796
 1.3 105824 102796 113796
 1.3 105824 102796 113796
 1.3 105824 102796 113796
 1.3 105824 102796 113796
 1.3 105824 102796 113796
 1.3 105824 102796 113796
 1.3 105824 102796 113796
 1.3 105824 102796 113796
 1.3 105824 102796 113796
 1.3 105824 102796 113796
 1.3 105824 102796 113796
 1.3 105824 102796 113796
 1.3 105824 102796 113796
 1.3 105824 102796 113796
 1.3 105824 102796 113796
 1.3 105824 102796 113796
 1.3 105824 102796 113796
 1.3 105824 102796 113796
 1.3 105824 102796 113796
 1.3 105824 102796 113796
 1.3 105824 102796 113796
 1.3 105824 102796 113796
 1.3 105824 102796 113796
 1.3 105824 102796 113796
 1.3 105824 102796 113796
 1.3 105824 102796 113796
 1.3 105824 102796 113796
 1.3 105824 102796 113796
 1.3 105824 102796 113796
 1.3 105824 102796 113796
 1.3 105824 102796 113796
 1.3 105824 102796 113796
 1.3 105824 102796 113796
 1.3 105824 102796 113796
 1.3 105824 102796 113796
 1.3 105824 102796 113796
 1.3 105824 102796 113796
 1.3 105824 102796 113796
 1.3 105824 102796 113796
 1.3 105824 102796 113796
 1.3 105824 102796 113796
 1.3 105824 102796 113796
 1.3 105824 102796 113796
 1.3 105824 102796 113796
 1.3 105824 102796 113796
 1.3 105824 102796 113796
 1.3 105824 102796 113796
 1.3 105824 102796 113796
 1.3 105824 102796 113796
 1.3 105824 102796 113796
 1.3 105824 102796 113796
 1.3 105824 102796 113796
 1.3 105824 102796 113796
 1.3 105824 102796 113796
 1.3 105824 102796 113796
 1.3 105824 102796 113796
 1.3 105824 102796 113796
 1.3 105824 102796 113796
 1.3 105824 102796 113796
 1.3 105824 102796 113796
 1.3 105824 102796 113796
 1.3 105824 102796 113796
 1.3 105824 102796 113796
 1.3 105824 102796 113796
 1.3 105824 102796 113796
 1.3 105824 102796 113796
 1.3 105824 102796 113796
 1.3 105824 102796 113796
 1.3 105824 102796 113796
 1.3 105824 102796 113796
 1.3 105824 102796 113796
 1.3 105824 102796 113796
 1.3 105824 102796 113796
 1.3 105824 102796 113796
 1.3 105824 102796 113796
 1.3 105824 102796 113796
 1.3 105824 102796 113796
 1.3 105824 102796 113796
 1.3 105824 102796 113796
 1.3 105824 102796 113796
 1.3 105824 102796 113796
 1.3 105824 102796 113796
 1.3 105824 102796 113796
 1.3 105824 102796 113796
 1.3 105824 102796 113796
 1.3 105824 102796 113796
 1.3 105824 102796 113796
 1.3 105824 102796 113796
 1.3 105824 102796 113796
 1.3 105824 102796 113796
 1.3 105824 102796 113796
 1.3 105824 102796 113796
 1.3 105824 102796 113796
 1.3 105824 102796 113796
 1.3 105824 102796 113796
 1.3 105824 102796 113796
 1.3 105824 102796 113796
 1.3 105824 102796 113796
 1.3 105824 102796 113796
 1.3 105824 102796 113796
 1.3 105824 102796 113796
 1.3 105824 102796 113796
 1.3 105824 102796 113796
 1.3 105824 102796 113796
 1.3 105824 102796 113796
 1.3 105824 102796 113796
 1.3 105824 102796 113796
 1.3 105824 102796 113796
 1.3 105824 102796 113796
 1.3 105824 102796 113796
 1.3 105824 102796 113796
 1.3 105824 102796 113796
 1.3 105824 102796 113796
 1.3 105824 102796 113796
 1.3 105824 102796 113796
 1.3 105824 102796 113796
 1.3 105824 102796 113796
 1.3 105824 102796 113796
 1.3 105824 102796 113796
 1.3 105824 102796 113796
 1.3 105824 102796 113796
 1.3 105824 102796 113796
 1.3 105824 102796 113796
 1.3 105824 102796 113796
 1.3 105824 102796 113796
 1.3 105824 102796 113796
 1.3 105824 102796 113796
 1.3 105824 102796 113796
 1.3 105824 102796 113796
 1.3 105824 102796 113796
 1.3 105824 102796 113796
 1.3 105824 102796 113796
 1.3 105824 102796 113796
 1.3 105824 102796 113796
 1.3 105824 102796 113796
 1.3 105824 102796 113796
 1.3 105824 102796 113796
 1.3 105824 102796 113796
 1.3 105824 102796 113796
 1.3 105824 102796 113796
 1.3 105824 102796 113796
 1.3 105824 102796 113796
 1.3 105824 102796 113796
 1.3 105824 102796 113796
 1.3 105824 102796 113796
 1.3 105824 102796 113796
 1.3 105824 102796 113796
 1.3 105824 102796 113796
 1.3 105824 102796 113796
 1.3 105824 102796 113796
 1.3 105824 102796 113796
 1.3 105824 102796 113796
 1.3 105824 102796 113796
 1.3 105824 102796 113796
 1.3 105824 102796 113796
 1.3 105824 102796 113796
 1.3 105824 102796 113796
 1.3 105824 102796 113796
 1.3 105824 102796 113796
 1.3 105824 102796 113796
 1.3 105824 102796 113796
 1.3 105824 102796 113796
 1.3 105824 102796 113796
 1.3 105824 102796 113796
 1.3 105824 102796 113796
 1.3 105824 102796 113796
 1.3 105824 102796 113796
 1.3 105824 102796 113796
 1.3 105824 102796 113796
 1.3 105824 102796 113796
 1.3 105824 102796 113796
 1.3 105824 102796 113796
 1.3 105824 102796 113796
 1.3 105824 102796 113796
 1.3 105824 102796 113796
 1.3 105824 102796 113796
 1.3 105824 102796 113796
 1.3 105824 102796 113796
 1.3 105824 102796 113796
 1.3 105824 102796 113796
 1.3 105824 102796 113796
 1.3 105824 102796 113796
 1.3 105824 102796 113796
 1.3 105824 102796 113796
 1.3 105824 102796 113796
 1.3 105824 102796 113796
 1.3 105824 102796 113796
 1.3 105824 102796 113796
 1.3 105824 102796 113796
 1.3 105824 102796 113796
 1.3 105824 102796 113796
 1.3 105824 102796 113796
 1.3 105824 102796 113796
 1.3 105824 102796 113796
 1.3 105824 102796 113796
 1.3 105824 102796 113796
 1.3 105824 102796 113796
 1.3 105824 102796 113796
 1.3 105824 102796 113796
 1.3 105824 102796 113796
 1.3 105824 102796 113796
 1.3 105824 102796 113796
 1.3 105824 102796 113796
 1.3 105824 102796 113796
 1.3 105824 102796 113796
 1.3 105824 102796 113796
 1.3 105824 102796 113796
 1.3 105824 102796 113796
 1.3 105824 102796 113796
 1.3 105824 102796 113796
 1.3 105824 102796 113796
 1.3 105824 102796 113796
 1.3 105824 102796 113796
