coretemp-isa-0000
Adapter: ISA adapter
Package id 0:  +63.0°C  (high = +100.0°C, crit = +100.0°C)
Core 0:        +63.0°C  (high = +100.0°C, crit = +100.0°C)
Core 1:        +59.0°C  (high = +100.0°C, crit = +100.0°C)
Core 2:        +61.0°C  (high = +100.0°C, crit = +100.0°C)
Core 3:        +61.0°C  (high = +100.0°C, crit = +100.0°C)

pch_cannonlake-virtual-0
Adapter: Virtual device
temp1:        +53.0°C  

BAT0-acpi-0
Adapter: ACPI interface
in0:          12.61 V  
curr1:       1000.00 uA 

dell_smm-virtual-0
Adapter: Virtual device
fan1:        3171 RPM

radeon-pci-0100
Adapter: PCI adapter
temp1:            N/A  (crit = +120.0°C, hyst = +90.0°C)

acpitz-acpi-0
Adapter: ACPI interface
temp1:        +25.0°C  (crit = +107.0°C)

%MEM   RSS  SIZE    VSZ
 0.8 68824 102792 113792
 1.0 83160 102792 113792
 1.0 83160 102792 113792
 1.0 83160 102792 113792
 1.0 87256 102792 113792
 1.0 87256 102792 113792
 1.0 87256 102792 113792
 1.0 87256 102792 113792
 1.0 87256 102792 113792
 1.0 87256 102792 113792
 1.0 87256 102792 113792
 1.0 87256 102792 113792
 1.0 87256 102792 113792
 1.1 89468 102792 113792
 1.1 89468 102792 113792
 1.1 91516 102792 113792
 1.1 91516 102792 113792
 1.1 91516 102792 113792
 1.1 93564 102792 113792
 1.1 93564 102792 113792
 1.1 93564 102792 113792
 1.1 93564 102792 113792
 1.1 93564 102792 113792
 1.1 93564 102792 113792
 1.1 93564 102792 113792
 1.1 93564 102792 113792
 1.1 93564 102792 113792
 1.1 93564 102792 113792
 1.1 93564 102792 113792
 1.1 93564 102792 113792
 1.1 93564 102792 113792
 1.1 93564 102792 113792
 1.1 93564 102792 113792
 1.1 93564 102792 113792
 1.1 93564 102792 113792
 1.1 95612 102792 113792
 1.1 95612 102792 113792
 1.2 97660 102792 113792
 1.2 97660 102792 113792
 1.2 97660 102792 113792
 1.2 97660 102792 113792
 1.2 97660 102792 113792
 1.2 101756 102792 113792
 1.2 101756 102792 113792
 1.2 101756 102792 113792
 1.2 101756 102792 113792
 1.2 101756 102792 113792
 1.2 101756 102792 113792
 1.2 101756 102792 113792
 1.2 101756 102792 113792
 1.2 101756 102792 113792
 1.2 101756 102792 113792
 1.2 103804 102792 113792
 1.3 105852 102792 113792
 1.3 105852 102792 113792
 1.3 105852 102792 113792
 1.3 105852 102792 113792
 1.3 105852 102792 113792
 1.3 105852 102792 113792
 1.3 105852 102792 113792
 1.3 105852 102792 113792
 1.3 105852 102792 113792
 1.3 105852 102792 113792
 1.3 105852 102792 113792
 1.3 105852 102792 113792
 1.3 105852 102792 113792
 1.3 105852 102792 113792
 1.3 105852 102792 113792
 1.3 105852 102792 113792
 1.3 105852 102792 113792
 1.3 105852 102792 113792
 1.3 105852 102792 113792
 1.3 105852 102792 113792
 1.3 105852 102792 113792
 1.3 105852 102792 113792
 1.3 105852 102792 113792
 1.3 105852 102792 113792
 1.3 105852 102792 113792
 1.3 105852 102792 113792
 1.3 105852 102792 113792
 1.3 105852 102792 113792
 1.3 105852 102792 113792
 1.3 105852 102792 113792
 1.3 105852 102792 113792
 1.3 105852 102792 113792
 1.3 105852 102792 113792
 1.3 105852 102792 113792
 1.3 105852 102792 113792
 1.3 105852 102792 113792
 1.3 105852 102792 113792
 1.3 105852 102792 113792
 1.3 105852 102792 113792
 1.3 105852 102792 113792
 1.3 105852 102792 113792
 1.3 105852 102792 113792
 1.3 105852 102792 113792
 1.3 105852 102792 113792
 1.3 105852 102792 113792
 1.3 105852 102792 113792
 1.3 105852 102792 113792
 1.3 105852 102792 113792
 1.3 105852 102792 113792
 1.3 105852 102792 113792
 1.3 105852 102792 113792
 1.3 105852 102792 113792
 1.3 105852 102792 113792
 1.3 105852 102792 113792
 1.3 105852 102792 113792
 1.3 105852 102792 113792
 1.3 105852 102792 113792
 1.3 105852 102792 113792
 1.3 105852 102792 113792
 1.3 105852 102792 113792
 1.3 105852 102792 113792
 1.3 105852 102792 113792
 1.3 105852 102792 113792
 1.3 105852 102792 113792
 1.3 105852 102792 113792
 1.3 105852 102792 113792
 1.3 105852 102792 113792
 1.3 105852 102792 113792
 1.3 105852 102792 113792
 1.3 105852 102792 113792
 1.3 105852 102792 113792
 1.3 105852 102792 113792
 1.3 105852 102792 113792
 1.3 105852 102792 113792
 1.3 105852 102792 113792
 1.3 105852 102792 113792
 1.3 105852 102792 113792
 1.3 105852 102792 113792
 1.3 105852 102792 113792
 1.3 105852 102792 113792
 1.3 105852 102792 113792
 1.3 105852 102792 113792
 1.3 105852 102792 113792
 1.3 105852 102792 113792
 1.3 105852 102792 113792
 1.3 105852 102792 113792
 1.3 105852 102792 113792
 1.3 105852 102792 113792
 1.3 105852 102792 113792
 1.3 105852 102792 113792
 1.3 105852 102792 113792
 1.3 105852 102792 113792
 1.3 105852 102792 113792
 1.3 105852 102792 113792
 1.3 105852 102792 113792
 1.3 105852 102792 113792
 1.3 105852 102792 113792
 1.3 105852 102792 113792
 1.3 105852 102792 113792
 1.3 105852 102792 113792
 1.3 105852 102792 113792
 1.3 105852 102792 113792
 1.3 105852 102792 113792
 1.3 105852 102792 113792
 1.3 105852 102792 113792
 1.3 105852 102792 113792
 1.3 105852 102792 113792
 1.3 105852 102792 113792
 1.3 105852 102792 113792
 1.3 105852 102792 113792
 1.3 105852 102792 113792
 1.3 105852 102792 113792
 1.3 105852 102792 113792
 1.3 105852 102792 113792
 1.3 105852 102792 113792
 1.3 105852 102792 113792
 1.3 105852 102792 113792
 1.3 105852 102792 113792
 1.3 105852 102792 113792
 1.3 105852 102792 113792
 1.3 105852 102792 113792
 1.3 105852 102792 113792
 1.3 105852 102792 113792
 1.3 105852 102792 113792
 1.3 105852 102792 113792
 1.3 105852 102792 113792
 1.3 105852 102792 113792
 1.3 105852 102792 113792
 1.3 105852 102792 113792
 1.3 105852 102792 113792
 1.3 105852 102792 113792
 1.3 105852 102792 113792
 1.3 105852 102792 113792
 1.3 105852 102792 113792
 1.3 105852 102792 113792
 1.3 105852 102792 113792
 1.3 105852 102792 113792
 1.3 105852 102792 113792
 1.3 105852 102792 113792
 1.3 105852 102792 113792
 1.3 105852 102792 113792
 1.3 105852 102792 113792
 1.3 105852 102792 113792
 1.3 105852 102792 113792
 1.3 105852 102792 113792
 1.3 105852 102792 113792
 1.3 105852 102792 113792
 1.3 105852 102792 113792
 1.3 105852 102792 113792
 1.3 105852 102792 113792
 1.3 105852 102792 113792
 1.3 105852 102792 113792
 1.3 105852 102792 113792
 1.3 105852 102792 113792
 1.3 105852 102792 113792
 1.3 105852 102792 113792
 1.3 105852 102792 113792
 1.3 105852 102792 113792
 1.3 105852 102792 113792
 1.3 105852 102792 113792
 1.3 105852 102792 113792
 1.3 105852 102792 113792
 1.3 105852 102792 113792
 1.3 105852 102792 113792
 1.3 105852 102792 113792
 1.3 105852 102792 113792
 1.3 105852 102792 113792
 1.3 105852 102792 113792
 1.3 105852 102792 113792
 1.3 105852 102792 113792
 1.3 105852 102792 113792
 1.3 105852 102792 113792
 1.3 105852 102792 113792
 1.3 105852 102792 113792
 1.3 105852 102792 113792
 1.3 105852 102792 113792
 1.3 105852 102792 113792
 1.3 105852 102792 113792
 1.3 105852 102792 113792
 1.3 105852 102792 113792
 1.3 105852 102792 113792
 1.3 105852 102792 113792
 1.3 105852 102792 113792
 1.3 105852 102792 113792
 1.3 105852 102792 113792
 1.3 105852 102792 113792
 1.3 105852 102792 113792
 1.3 105852 102792 113792
 1.3 105852 102792 113792
 1.3 105852 102792 113792
 1.3 105852 102792 113792
 1.3 105852 102792 113792
 1.3 105852 102792 113792
 1.3 105852 102792 113792
 1.3 105852 102792 113792
 1.3 105852 102792 113792
 1.3 105852 102792 113792
 1.3 105852 102792 113792
 1.3 105852 102792 113792
 1.3 105852 102792 113792
 1.3 105852 102792 113792
 1.3 105852 102792 113792
 1.3 105852 102792 113792
 1.3 105852 102792 113792
 1.3 105852 102792 113792
 1.3 105852 102792 113792
 1.3 105852 102792 113792
 1.3 105852 102792 113792
 1.3 105852 102792 113792
 1.3 105852 102792 113792
 1.3 105852 102792 113792
 1.3 105852 102792 113792
 1.3 105852 102792 113792
 1.3 105852 102792 113792
 1.3 105852 102792 113792
 1.3 105852 102792 113792
 1.3 105852 102792 113792
 1.3 105852 102792 113792
 1.3 105852 102792 113792
 1.3 105852 102792 113792
 1.3 105852 102792 113792
 1.3 105852 102792 113792
 1.3 105852 102792 113792
 1.3 105852 102792 113792
 1.3 105852 102792 113792
 1.3 105852 102792 113792
 1.3 105852 102792 113792
 1.3 105852 102792 113792
 1.3 105852 102792 113792
 1.3 105852 102792 113792
 1.3 105852 102792 113792
 1.3 105852 102792 113792
 1.3 105852 102792 113792
 1.3 105852 102792 113792
 1.3 105852 102792 113792
 1.3 105852 102792 113792
 1.3 105852 102792 113792
 1.3 105852 102792 113792
 1.3 105852 102792 113792
 1.3 105852 102792 113792
 1.3 105852 102792 113792
 1.3 105852 102792 113792
 1.3 105852 102792 113792
 1.3 105852 102792 113792
 1.3 105852 102792 113792
 1.3 105852 102792 113792
 1.3 105852 102792 113792
 1.3 105852 102792 113792
 1.3 105852 102792 113792
 1.3 105852 102792 113792
 1.3 105852 102792 113792
 1.3 105852 102792 113792
 1.3 105852 102792 113792
 1.3 105852 102792 113792
 1.3 105852 102792 113792
 1.3 105852 102792 113792
 1.3 105852 102792 113792
 1.3 105852 102792 113792
 1.3 105852 102792 113792
 1.3 105852 102792 113792
 1.3 105852 102792 113792
 1.3 105852 102792 113792
 1.3 105852 102792 113792
 1.3 105852 102792 113792
 1.3 105852 102792 113792
 1.3 105852 102792 113792
 1.3 105852 102792 113792
 1.3 105852 102792 113792
 1.3 105852 102792 113792
 1.3 105852 102792 113792
 1.3 105852 102792 113792
 1.3 105852 102792 113792
 1.3 105852 102792 113792
 1.3 105852 102792 113792
 1.3 105852 102792 113792
 1.3 105852 102792 113792
 1.3 105852 102792 113792
 1.3 105852 102792 113792
 1.3 105852 102792 113792
 1.3 105852 102792 113792
 1.3 105852 102792 113792
 1.3 105852 102792 113792
 1.3 105852 102792 113792
 1.3 105852 102792 113792
 1.3 105852 102792 113792
 1.3 105852 102792 113792
 1.3 105852 102792 113792
 1.3 105852 102792 113792
 1.3 105852 102792 113792
 1.3 105852 102792 113792
 1.3 105852 102792 113792
 1.3 105852 102792 113792
 1.3 105852 102792 113792
 1.3 105852 102792 113792
 1.3 105852 102792 113792
 1.3 105852 102792 113792
 1.3 105852 102792 113792
 1.3 105852 102792 113792
 1.3 105852 102792 113792
 1.3 105852 102792 113792
 1.3 105852 102792 113792
 1.3 105852 102792 113792
 1.3 105852 102792 113792
 1.3 105852 102792 113792
 1.3 105852 102792 113792
 1.3 105852 102792 113792
 1.3 105852 102792 113792
 1.3 105852 102792 113792
 1.3 105852 102792 113792
 1.3 105852 102792 113792
 1.3 105852 102792 113792
 1.3 105852 102792 113792
 1.3 105852 102792 113792
 1.3 105852 102792 113792
 1.3 105852 102792 113792
 1.3 105852 102792 113792
 1.3 105852 102792 113792
 1.3 105852 102792 113792
 1.3 105852 102792 113792
 1.3 105852 102792 113792
 1.3 105852 102792 113792
 1.3 105852 102792 113792
 1.3 105852 102792 113792
 1.3 105852 102792 113792
 1.3 105852 102792 113792
 1.3 105852 102792 113792
 1.3 105852 102792 113792
 1.3 105852 102792 113792
 1.3 105852 102792 113792
 1.3 105852 102792 113792
 1.3 105852 102792 113792
 1.3 105852 102792 113792
 1.3 105852 102792 113792
 1.3 105852 102792 113792
 1.3 105852 102792 113792
 1.3 105852 102792 113792
 1.3 105852 102792 113792
 1.3 105852 102792 113792
 1.3 105852 102792 113792
 1.3 105852 102792 113792
 1.3 105852 102792 113792
 1.3 105852 102792 113792
 1.3 105852 102792 113792
 1.3 105852 102792 113792
 1.3 105852 102792 113792
 1.3 105852 102792 113792
 1.3 105852 102792 113792
 1.3 105852 102792 113792
 1.3 105852 102792 113792
 1.3 105852 102792 113792
 1.3 105852 102792 113792
 1.3 105852 102792 113792
 1.3 105852 102792 113792
 1.3 105852 102792 113792
 1.3 105852 102792 113792
 1.3 105852 102792 113792
 1.3 105852 102792 113792
 1.3 105852 102792 113792
 1.3 105852 102792 113792
 1.3 105852 102792 113792
 1.3 105852 102792 113792
 1.3 105852 102792 113792
 1.3 105852 102792 113792
 1.3 105852 102792 113792
 1.3 105852 102792 113792
 1.3 105852 102792 113792
 1.3 105852 102792 113792
 1.3 105852 102792 113792
 1.3 105852 102792 113792
 1.3 105852 102792 113792
 1.3 105852 102792 113792
 1.3 105852 102792 113792
 1.3 105852 102792 113792
 1.3 105852 102792 113792
 1.3 105852 102792 113792
 1.3 105852 102792 113792
 1.3 105852 102792 113792
 1.3 105852 102792 113792
 1.3 105852 102792 113792
 1.3 105852 102792 113792
 1.3 105852 102792 113792
 1.3 105852 102792 113792
 1.3 105852 102792 113792
 1.3 105852 102792 113792
 1.3 105852 102792 113792
 1.3 105852 102792 113792
 1.3 105852 102792 113792
 1.3 105852 102792 113792
 1.3 105852 102792 113792
 1.3 105852 102792 113792
 1.3 105852 102792 113792
 1.3 105852 102792 113792
 1.3 105852 102792 113792
 1.3 105852 102792 113792
 1.3 105852 102792 113792
 1.3 105852 102792 113792
 1.3 105852 102792 113792
 1.3 105852 102792 113792
 1.3 105852 102792 113792
 1.3 105852 102792 113792
 1.3 105852 102792 113792
 1.3 105852 102792 113792
 1.3 105852 102792 113792
 1.3 105852 102792 113792
 1.3 105852 102792 113792
 1.3 105852 102792 113792
 1.3 105852 102792 113792
 1.3 105852 102792 113792
 1.3 105852 102792 113792
 1.3 105852 102792 113792
 1.3 105852 102792 113792
 1.3 105852 102792 113792
 1.3 105852 102792 113792
 1.3 105852 102792 113792
 1.3 105852 102792 113792
 1.3 105852 102792 113792
 1.3 105852 102792 113792
 1.3 105852 102792 113792
 1.3 105852 102792 113792
 1.3 105852 102792 113792
 1.3 105852 102792 113792
 1.3 105852 102792 113792
 1.3 105852 102792 113792
 1.3 105852 102792 113792
 1.3 105852 102792 113792
 1.3 105852 102792 113792
 1.3 105852 102792 113792
 1.3 105852 102792 113792
 1.3 105852 102792 113792
 1.3 105852 102792 113792
 1.3 105852 102792 113792
 1.3 105852 102792 113792
 1.3 105852 102792 113792
 1.3 105852 102792 113792
 1.3 105852 102792 113792
 1.3 105852 102792 113792
 1.3 105852 102792 113792
 1.3 105852 102792 113792
 1.3 105852 102792 113792
 1.3 105852 102792 113792
 1.3 105852 102792 113792
 1.3 105852 102792 113792
 1.3 105852 102792 113792
 1.3 105852 102792 113792
 1.3 105852 102792 113792
 1.3 105852 102792 113792
 1.3 105852 102792 113792
 1.3 105852 102792 113792
 1.3 105852 102792 113792
 1.3 105852 102792 113792
 1.3 105852 102792 113792
 1.3 105852 102792 113792
 1.3 105852 102792 113792
 1.3 105852 102792 113792
 1.3 105852 102792 113792
 1.3 105852 102792 113792
 1.3 105852 102792 113792
 1.3 105852 102792 113792
 1.3 105852 102792 113792
 1.3 105852 102792 113792
 1.3 105852 102792 113792
 1.3 105852 102792 113792
 1.3 105852 102792 113792
 1.3 105852 102792 113792
 1.3 105852 102792 113792
 1.3 105852 102792 113792
 1.3 105852 102792 113792
 1.3 105852 102792 113792
 1.3 105852 102792 113792
 1.3 105852 102792 113792
 1.3 105852 102792 113792
 1.3 105852 102792 113792
 1.3 105852 102792 113792
 1.3 105852 102792 113792
 1.3 105852 102792 113792
 1.3 105852 102792 113792
 1.3 105852 102792 113792
 1.3 105852 102792 113792
 1.3 105852 102792 113792
 1.3 105852 102792 113792
 1.3 105852 102792 113792
 1.3 105852 102792 113792
 1.3 105852 102792 113792
 1.3 105852 102792 113792
 1.3 105852 102792 113792
 1.3 105852 102792 113792
 1.3 105852 102792 113792
 1.3 105852 102792 113792
 1.3 105852 102792 113792
 1.3 105852 102792 113792
 1.3 105852 102792 113792
 1.3 105852 102792 113792
 1.3 105852 102792 113792
 1.3 105852 102792 113792
 1.3 105852 102792 113792
 1.3 105852 102792 113792
 1.3 105852 102792 113792
 1.3 105852 102792 113792
 1.3 105852 102792 113792
 1.3 105852 102792 113792
 1.3 105852 102792 113792
 1.3 105852 102792 113792
 1.3 105852 102792 113792
 1.3 105852 102792 113792
 1.3 105852 102792 113792
 1.3 105852 102792 113792
 1.3 105852 102792 113792
 1.3 105852 102792 113792
 1.3 105852 102792 113792
 1.3 105852 102792 113792
 1.3 105852 102792 113792
 1.3 105852 102792 113792
 1.3 105852 102792 113792
 1.3 105852 102792 113792
 1.3 105852 102792 113792
 1.3 105852 102792 113792
 1.3 105852 102792 113792
 1.3 105852 102792 113792
 1.3 105852 102792 113792
 1.3 105852 102792 113792
 1.3 105852 102792 113792
 1.3 105852 102792 113792
 1.3 105852 102792 113792
 1.3 105852 102792 113792
 1.3 105852 102792 113792
 1.3 105852 102792 113792
 1.3 105852 102792 113792
 1.3 105852 102792 113792
 1.3 105852 102792 113792
 1.3 105852 102792 113792
 1.3 105852 102792 113792
 1.3 105852 102792 113792
 1.3 105852 102792 113792
 1.3 105852 102792 113792
 1.3 105852 102792 113792
 1.3 105852 102792 113792
 1.3 105852 102792 113792
 1.3 105852 102792 113792
 1.3 105852 102792 113792
 1.3 105852 102792 113792
 1.3 105852 102792 113792
 1.3 105852 102792 113792
 1.3 105852 102792 113792
 1.3 105852 102792 113792
 1.3 105852 102792 113792
 1.3 105852 102792 113792
 1.3 105852 102792 113792
 1.3 105852 102792 113792
 1.3 105852 102792 113792
 1.3 105852 102792 113792
 1.3 105852 102792 113792
 1.3 105852 102792 113792
 1.3 105852 102792 113792
 1.3 105852 102792 113792
 1.3 105852 102792 113792
 1.3 105852 102792 113792
 1.3 105852 102792 113792
 1.3 105852 102792 113792
 1.3 105852 102792 113792
 1.3 105852 102792 113792
 1.3 105852 102792 113792
 1.3 105852 102792 113792
 1.3 105852 102792 113792
 1.3 105852 102792 113792
 1.3 105852 102792 113792
 1.3 105852 102792 113792
 1.3 105852 102792 113792
 1.3 105852 102792 113792
 1.3 105852 102792 113792
 1.3 105852 102792 113792
 1.3 105852 102792 113792
 1.3 105852 102792 113792
 1.3 105852 102792 113792
 1.3 105852 102792 113792
 1.3 105852 102792 113792
 1.3 105852 102792 113792
 1.3 105852 102792 113792
 1.3 105852 102792 113792
 1.3 105852 102792 113792
 1.3 105852 102792 113792
 1.3 105852 102792 113792
 1.3 105852 102792 113792
 1.3 105852 102792 113792
 1.3 105852 102792 113792
 1.3 105852 102792 113792
 1.3 105852 102792 113792
 1.3 105852 102792 113792
 1.3 105852 102792 113792
 1.3 105852 102792 113792
 1.3 105852 102792 113792
 1.3 105852 102792 113792
 1.3 105852 102792 113792
 1.3 105852 102792 113792
 1.3 105852 102792 113792
 1.3 105852 102792 113792
 1.3 105852 102792 113792
 1.3 105852 102792 113792
 1.3 105852 102792 113792
 1.3 105852 102792 113792
 1.3 105852 102792 113792
 1.3 105852 102792 113792
 1.3 105852 102792 113792
 1.3 105852 102792 113792
 1.3 105852 102792 113792
 1.3 105852 102792 113792
 1.3 105852 102792 113792
 1.3 105852 102792 113792
 1.3 105852 102792 113792
 1.3 105852 102792 113792
 1.3 105852 102792 113792
 1.3 105852 102792 113792
 1.3 105852 102792 113792
 1.3 105852 102792 113792
 1.3 105852 102792 113792
 1.3 105852 102792 113792
 1.3 105852 102792 113792
 1.3 105852 102792 113792
 1.3 105852 102792 113792
 1.3 105852 102792 113792
 1.3 105852 102792 113792
 1.3 105852 102792 113792
 1.3 105852 102792 113792
 1.3 105852 102792 113792
 1.3 105852 102792 113792
 1.3 105852 102792 113792
 0.3 24556 25996  36996
 0.8 67432 77212  88212
 1.3 105692 102820 113820
 1.3 105692 102820 113820
 1.3 105692 102820 113820
 1.3 105692 102820 113820
 1.3 105692 102820 113820
 1.3 105692 102820 113820
 1.3 105692 102820 113820
 1.3 105692 102820 113820
 1.3 105692 102820 113820
 1.3 105692 102820 113820
 1.3 105692 102820 113820
 1.3 105692 102820 113820
 1.3 105692 102820 113820
 1.3 105692 102820 113820
 1.3 105692 102820 113820
 1.3 105692 102820 113820
 1.3 105692 102820 113820
 1.3 105692 102820 113820
 1.3 105692 102820 113820
 1.3 105692 102820 113820
 1.3 105692 102820 113820
 1.3 105692 102820 113820
 1.3 105692 102820 113820
 1.3 105692 102820 113820
 1.3 105692 102820 113820
 1.3 105692 102820 113820
 1.3 105692 102820 113820
 1.3 105692 102820 113820
 1.3 105692 102820 113820
 1.3 105692 102820 113820
 1.3 105692 102820 113820
 1.3 105692 102820 113820
 1.3 105692 102820 113820
 1.3 105692 102820 113820
 1.3 105692 102820 113820
 1.3 105692 102820 113820
 1.3 105692 102820 113820
 1.3 105692 102820 113820
 1.3 105692 102820 113820
 1.3 105692 102820 113820
 1.3 105692 102820 113820
 1.3 105692 102820 113820
 1.3 105692 102820 113820
 1.3 105692 102820 113820
 1.3 105692 102820 113820
 1.3 105692 102820 113820
 1.3 105692 102820 113820
 1.3 105692 102820 113820
 1.3 105692 102820 113820
 1.3 105692 102820 113820
 1.3 105692 102820 113820
 1.3 105692 102820 113820
 1.3 105692 102820 113820
 1.3 105692 102820 113820
 1.3 105692 102820 113820
 1.3 105692 102820 113820
 1.3 105692 102820 113820
 1.3 105692 102820 113820
 1.3 105692 102820 113820
 1.3 105692 102820 113820
 1.3 105692 102820 113820
 1.3 105692 102820 113820
 1.3 105692 102820 113820
 1.3 105692 102820 113820
 1.3 105692 102820 113820
 1.3 105692 102820 113820
 1.3 105692 102820 113820
 1.3 105692 102820 113820
 1.3 105692 102820 113820
 1.3 105692 102820 113820
 1.3 105692 102820 113820
 1.3 105692 102820 113820
 1.3 105692 102820 113820
 1.3 105692 102820 113820
 1.3 105692 102820 113820
 1.3 105692 102820 113820
 1.3 105692 102820 113820
 1.3 105692 102820 113820
 1.3 105692 102820 113820
 1.3 105692 102820 113820
 1.3 105692 102820 113820
 1.3 105692 102820 113820
 1.3 105692 102820 113820
 1.3 105692 102820 113820
 1.3 105692 102820 113820
 1.3 105692 102820 113820
 1.3 105692 102820 113820
 1.3 105692 102820 113820
 1.3 105692 102820 113820
 1.3 105692 102820 113820
 1.3 105692 102820 113820
 1.3 105692 102820 113820
 1.3 105692 102820 113820
 1.3 105692 102820 113820
 1.3 105692 102820 113820
 1.3 105692 102820 113820
 1.3 105692 102820 113820
 1.3 105692 102820 113820
 1.3 105692 102820 113820
 1.3 105692 102820 113820
 1.3 105692 102820 113820
 1.3 105692 102820 113820
 1.3 105692 102820 113820
 1.3 105692 102820 113820
 1.3 105692 102820 113820
 1.3 105692 102820 113820
 1.3 105692 102820 113820
