coretemp-isa-0000
Adapter: ISA adapter
Package id 0:  +73.0°C  (high = +100.0°C, crit = +100.0°C)
Core 0:        +73.0°C  (high = +100.0°C, crit = +100.0°C)
Core 1:        +68.0°C  (high = +100.0°C, crit = +100.0°C)
Core 2:        +72.0°C  (high = +100.0°C, crit = +100.0°C)
Core 3:        +72.0°C  (high = +100.0°C, crit = +100.0°C)

pch_cannonlake-virtual-0
Adapter: Virtual device
temp1:        +60.0°C  

BAT0-acpi-0
Adapter: ACPI interface
in0:          12.61 V  
curr1:       1000.00 uA 

dell_smm-virtual-0
Adapter: Virtual device
fan1:        3222 RPM

radeon-pci-0100
Adapter: PCI adapter
temp1:            N/A  (crit = +120.0°C, hyst = +90.0°C)

acpitz-acpi-0
Adapter: ACPI interface
temp1:        +25.0°C  (crit = +107.0°C)

%MEM   RSS  SIZE    VSZ
 0.8 68776 110984 121988
 0.8 68776 110984 121988
 0.9 72872 110984 121988
 0.9 72872 110984 121988
 0.9 72872 110984 121988
 0.9 72872 110984 121988
 0.9 74656 110984 121988
 0.9 75712 110984 121988
 0.9 76240 110984 121988
 0.9 76240 110984 121988
 0.9 76240 110984 121988
 0.9 76240 110984 121988
 0.9 76240 110984 121988
 0.9 77032 110984 121988
 0.9 77824 110984 121988
 0.9 78352 110984 121988
 0.9 79936 110984 121988
 0.9 79936 110984 121988
 0.9 79936 110984 121988
 1.0 80728 110984 121988
 1.0 82576 110984 121988
 1.0 83896 110984 121988
 1.0 83896 110984 121988
 1.0 83896 110984 121988
 1.0 83896 110984 121988
 1.0 83896 111116 187524
 1.0 83896 111116 187524
 1.0 83896 111116 187524
 1.0 83896 111116 187524
 1.0 84424 111116 187524
 1.0 86536 111116 187524
 1.1 89704 111116 187524
 1.1 94720 111116 187524
 1.2 98416 111116 187524
 1.2 100528 111116 187524
 1.2 103432 111116 187524
 1.3 105280 111116 187524
 1.3 105752 111116 187524
 1.3 105752 111116 187524
 1.3 105752 111116 187524
 1.3 105752 111116 187524
 1.3 105752 111116 187524
 1.3 105752 111116 187524
 1.3 105752 111116 187524
 1.3 105752 111116 187524
 1.3 105752 111116 187524
 1.3 105752 111116 187524
 1.3 105752 111116 187524
 1.3 105752 111116 187524
 1.3 105752 111116 187524
 1.3 105752 111116 187524
 1.3 105752 111116 187524
 1.3 105752 111116 187524
 1.3 105752 111116 187524
 1.3 105752 111116 187524
 1.3 105752 111116 187524
 1.3 105752 111116 187524
 1.3 105752 111116 187524
 1.3 105752 111116 187524
 1.3 105752 111116 187524
 1.3 105752 111116 187524
 1.3 105752 111116 187524
 1.3 105752 111116 187524
 1.3 105752 111116 187524
 1.3 105752 111116 187524
 1.3 105752 111116 187524
 1.3 105752 111116 187524
 1.3 105752 111116 187524
 1.3 105752 111116 187524
 1.3 105752 111116 187524
 1.3 105752 111116 187524
 1.3 105752 111116 187524
 1.3 105752 111116 187524
 1.3 105752 111116 187524
 1.3 105752 111116 187524
 1.3 105752 111116 187524
 1.3 105752 111116 187524
 1.3 105752 111116 187524
 1.3 105752 111116 187524
 1.3 105752 111116 187524
 1.3 105752 111116 187524
 1.3 105752 111116 187524
 1.3 105752 111116 187524
 1.3 105752 111116 187524
 1.3 105752 111116 187524
 1.3 105752 111116 187524
 1.3 105752 111116 187524
 1.3 105752 111116 187524
 1.3 105752 111116 187524
 1.3 105752 111116 187524
 1.3 105752 111116 187524
 1.3 105752 111116 187524
 1.3 105752 111116 187524
 1.3 105752 111116 187524
 1.3 105752 111116 187524
 1.3 105752 111116 187524
 1.3 105752 111116 187524
 1.3 105752 111116 187524
 1.3 105752 111116 187524
 1.3 105752 111116 187524
 1.3 105752 111116 187524
 1.3 105752 111116 187524
 1.3 105752 111116 187524
 1.3 105752 111116 187524
 1.3 105752 111116 187524
 1.3 105752 111116 187524
 1.3 105752 111116 187524
 1.3 105752 111116 187524
 1.3 105752 111116 187524
 1.3 105752 111116 187524
 1.3 105752 111116 187524
 1.3 105752 111116 187524
 1.3 105752 111116 187524
 1.3 105752 111116 187524
 1.3 105752 111116 187524
 1.3 105752 111116 187524
 1.3 105752 111116 187524
 1.3 105752 111116 187524
 1.3 105752 111116 187524
 1.3 105752 111116 187524
 1.3 105752 111116 187524
 1.3 105752 111116 187524
 1.3 105752 111116 187524
 1.3 105752 111116 187524
 1.3 105752 111116 187524
 1.3 105752 111116 187524
 1.3 105752 111116 187524
 1.3 105752 111116 187524
 1.3 105752 111116 187524
 1.3 105752 111116 187524
 1.3 105752 111116 187524
 1.3 105752 111116 187524
 1.3 105752 111116 187524
 1.3 105752 111116 187524
 1.3 105752 111116 187524
 1.3 105752 111116 187524
 1.3 105752 111116 187524
 1.3 105752 111116 187524
 1.3 105752 111116 187524
 1.3 105752 111116 187524
 1.3 105752 111116 187524
 1.3 105752 111116 187524
 1.3 105752 111116 187524
 1.3 105752 111116 187524
 1.3 105752 111116 187524
 1.3 105752 111116 187524
 1.3 105752 111116 187524
 1.3 105752 111116 187524
 1.3 105752 111116 187524
 1.3 105752 111116 187524
 1.3 105752 111116 187524
 1.3 105752 111116 187524
 1.3 105752 111116 187524
 1.3 105752 111116 187524
 1.3 105752 111116 187524
 1.3 105752 111116 187524
 1.3 105752 111116 187524
 1.3 105752 111116 187524
 1.3 105752 111116 187524
 1.3 105752 111116 187524
 1.3 105752 111116 187524
 1.3 105752 111116 187524
 1.3 105752 111116 187524
 1.3 105752 111116 187524
 1.3 105752 111116 187524
 1.3 105752 111116 187524
 1.3 105752 111116 187524
 1.3 105752 111116 187524
 1.3 105752 111116 187524
 1.3 105752 111116 187524
 1.3 105752 111116 187524
 1.3 105752 111116 187524
 1.3 105752 111116 187524
 1.3 105752 111116 187524
 1.3 105752 111116 187524
 1.3 105752 111116 187524
 1.3 105752 111116 187524
 1.3 105752 111116 187524
 1.3 105752 111116 187524
 1.3 105752 111116 187524
 1.3 105752 111116 187524
 1.3 105752 111116 187524
 1.3 105752 111116 187524
 1.3 105752 111116 187524
 1.3 105752 111116 187524
 1.3 105752 111116 187524
 1.3 105752 111116 187524
 1.3 105752 111116 187524
 1.3 105752 111116 187524
 1.3 105752 111116 187524
 1.3 105752 111116 187524
 1.3 105752 111116 187524
 1.3 105752 111116 187524
 1.3 105752 111116 187524
 1.3 105752 111116 187524
 1.3 105752 111116 187524
 1.3 105752 111116 187524
 1.3 105752 111116 187524
 1.3 105752 111116 187524
 1.3 105752 111116 187524
 1.3 105752 111116 187524
 1.3 105752 111116 187524
 1.3 105752 111116 187524
 1.3 105752 111116 187524
 1.3 105752 111116 187524
 1.3 105752 111116 187524
 1.3 105752 111116 187524
 1.3 105752 111116 187524
 1.3 105752 111116 187524
 1.3 105752 111116 187524
 1.3 105752 111116 187524
 1.3 105752 111116 187524
 1.3 105752 111116 187524
 1.3 105752 111116 187524
 1.3 105752 111116 187524
 1.3 105752 111116 187524
 1.3 105752 111116 187524
 1.3 105752 111116 187524
 1.3 105752 111116 187524
 1.3 105752 111116 187524
 1.3 105752 111116 187524
 1.3 105752 111116 187524
 1.3 105752 111116 187524
 1.3 105752 111116 187524
 1.3 105752 111116 187524
 1.3 105752 111116 187524
 1.3 105752 111116 187524
 1.3 105752 111116 187524
 1.3 105752 111116 187524
 1.3 105752 111116 187524
 1.3 105752 111116 187524
 1.3 105752 111116 187524
 1.3 105752 111116 187524
 1.3 105752 111116 187524
 1.3 105752 111116 187524
 1.3 105752 111116 187524
 1.3 105752 111116 187524
 1.3 105752 111116 187524
 1.3 105752 111116 187524
 1.3 105752 111116 187524
 1.3 105752 111116 187524
 1.3 105752 111116 187524
 1.3 105752 111116 187524
 1.3 105752 111116 187524
 1.3 105752 111116 187524
 1.3 105752 111116 187524
 1.3 105752 111116 187524
 1.3 105752 111116 187524
 1.3 105752 111116 187524
 1.3 105752 111116 187524
 1.3 105752 111116 187524
 1.3 105752 111116 187524
 1.3 105752 111116 187524
 1.3 105752 111116 187524
 1.3 105752 111116 187524
 1.3 105752 111116 187524
 1.3 105752 111116 187524
 1.3 105752 111116 187524
 1.3 105752 111116 187524
 1.3 105752 111116 187524
 1.3 105752 111116 187524
 1.3 105752 111116 187524
 1.3 105752 111116 187524
 1.3 105752 111116 187524
 1.3 105752 111116 187524
 1.3 105752 111116 187524
 1.3 105752 111116 187524
 1.3 105752 111116 187524
 1.3 105752 111116 187524
 1.3 105752 111116 187524
 1.3 105752 111116 187524
 1.3 105752 111116 187524
 1.3 105752 111116 187524
 1.3 105752 111116 187524
 1.3 105752 111116 187524
 1.3 105752 111116 187524
 1.3 105752 111116 187524
 1.3 105752 111116 187524
 1.3 105752 111116 187524
 1.3 105752 111116 187524
 1.3 105752 111116 187524
 1.3 105752 111116 187524
 1.3 105752 111116 187524
 1.3 105752 111116 187524
 1.3 105752 111116 187524
 1.3 105752 111116 187524
 1.3 105752 111116 187524
 1.3 105752 111116 187524
 1.3 105752 111116 187524
 1.3 105752 111116 187524
 1.3 105752 111116 187524
 1.3 105752 111116 187524
 1.3 105752 111116 187524
 1.3 105752 111116 187524
 1.3 105752 111116 187524
 1.3 105752 111116 187524
 1.3 105752 111116 187524
 1.3 105752 111116 187524
 1.3 105752 111116 187524
 1.3 105752 111116 187524
 1.3 105752 111116 187524
 1.3 105752 111116 187524
 1.3 105752 111116 187524
 1.3 105752 111116 187524
 1.3 105752 111116 187524
 1.3 105752 111116 187524
 1.3 105752 111116 187524
 1.3 105752 111116 187524
 1.3 105752 111116 187524
 1.3 105752 111116 187524
 1.3 105752 111116 187524
 1.3 105752 111116 187524
 1.3 105752 111116 187524
 1.3 105752 111116 187524
 1.3 105752 111116 187524
 1.3 105752 111116 187524
 1.3 105752 111116 187524
 1.3 105752 111116 187524
 1.3 105752 111116 187524
 1.3 105752 111116 187524
 1.3 105752 111116 187524
 1.3 105752 111116 187524
 1.3 105752 111116 187524
 1.3 105752 111116 187524
 1.3 105752 111116 187524
 1.3 105752 111116 187524
 1.3 105752 111116 187524
 1.3 105752 111116 187524
 1.3 105752 111116 187524
 1.3 105752 111116 187524
 1.3 105752 111116 187524
 1.3 105752 111116 187524
 1.3 105752 111116 187524
 1.3 105752 111116 187524
 1.3 105752 111116 187524
 1.3 105752 111116 187524
 1.3 105752 111116 187524
 1.3 105752 111116 187524
 1.3 105752 111116 187524
 1.3 105752 111116 187524
 1.3 105752 111116 187524
 1.3 105752 111116 187524
 1.3 105752 111116 187524
 1.3 105752 111116 187524
 1.3 105752 111116 187524
 1.3 105752 111116 187524
 1.3 105752 111116 187524
 1.3 105752 111116 187524
 1.3 105752 111116 187524
 1.3 105752 111116 187524
 1.3 105752 111116 187524
 1.3 105752 111116 187524
 1.3 105752 111116 187524
 1.3 105752 111116 187524
 1.3 105752 111116 187524
 1.3 105752 111116 187524
 1.3 105752 111116 187524
 1.3 105752 111116 187524
 1.3 105752 111116 187524
 1.3 105752 111116 187524
 1.3 105752 111116 187524
 1.3 105752 111116 187524
 1.3 105752 111116 187524
 1.3 105752 111116 187524
 1.3 105752 111116 187524
 1.3 105752 111116 187524
 1.3 105752 111116 187524
 1.3 105752 111116 187524
 1.3 105752 111116 187524
 1.3 105752 111116 187524
 1.3 105752 111116 187524
 1.3 105752 111116 187524
 1.3 105752 111116 187524
 1.3 105752 111116 187524
 1.3 105752 111116 187524
 1.3 105752 111116 187524
 1.3 105752 111116 187524
 1.3 105752 111116 187524
 1.3 105752 111116 187524
 1.3 105752 111116 187524
 1.3 105752 111116 187524
 1.3 105752 111116 187524
 1.3 105752 111116 187524
 1.3 105752 111116 187524
 1.3 105752 111116 187524
 1.3 105752 111116 187524
 1.3 105752 111116 187524
 1.3 105752 111116 187524
 1.3 105752 111116 187524
 1.3 105752 111116 187524
 1.3 105752 111116 187524
 1.3 105752 111116 187524
 1.3 105752 111116 187524
 1.3 105752 111116 187524
 1.3 105752 111116 187524
 1.3 105752 111116 187524
 1.3 105752 111116 187524
 1.3 105752 111116 187524
 1.3 105752 111116 187524
 1.3 105752 111116 187524
 1.3 105752 111116 187524
 1.3 105752 111116 187524
 1.3 105752 111116 187524
 1.3 105752 111116 187524
 1.3 105752 111116 187524
 1.3 105752 111116 187524
 1.3 105752 111116 187524
 1.3 105752 111116 187524
 1.3 105752 111116 187524
 1.3 105752 111116 187524
 1.3 105752 111116 187524
 1.3 105752 111116 187524
 1.3 105752 111116 187524
 1.3 105752 111116 187524
 1.3 105752 111116 187524
 1.3 105752 111116 187524
 1.3 105752 111116 187524
 1.3 105752 111116 187524
 1.3 105752 111116 187524
 1.3 105752 111116 187524
 1.3 105752 111116 187524
 1.3 105752 111116 187524
 1.3 105752 111116 187524
 1.3 105752 111116 187524
 1.3 105752 111116 187524
 1.3 105752 111116 187524
 1.3 105752 111116 187524
 1.3 105752 111116 187524
 1.3 105752 111116 187524
 1.3 105752 111116 187524
 1.3 105752 111116 187524
 1.3 105752 111116 187524
 1.3 105752 111116 187524
 1.3 105752 111116 187524
 1.3 105752 111116 187524
 1.3 105752 111116 187524
 1.3 105752 111116 187524
 1.3 105752 111116 187524
 1.3 105752 111116 187524
 1.3 105752 111116 187524
 1.3 105752 111116 187524
 1.3 105752 111116 187524
 1.3 105752 111116 187524
 1.3 105752 111116 187524
 1.3 105752 111116 187524
 1.3 105752 111116 187524
 1.3 105752 111116 187524
 1.3 105752 111116 187524
 1.3 105752 111116 187524
 1.3 105752 111116 187524
 1.3 105752 111116 187524
 1.3 105752 111116 187524
 1.3 105752 111116 187524
 1.3 105752 111116 187524
 1.3 105752 111116 187524
 1.3 105752 111116 187524
 1.3 105752 111116 187524
 1.3 105752 111116 187524
 1.3 105752 111116 187524
 1.3 105752 111116 187524
 1.3 105752 111116 187524
 1.3 105752 111116 187524
 1.3 105752 111116 187524
 1.3 105752 111116 187524
 1.3 105752 111116 187524
 1.3 105752 111116 187524
 1.3 105752 111116 187524
 1.3 105752 111116 187524
 1.3 105752 111116 187524
 1.3 105752 111116 187524
 1.3 105752 111116 187524
 1.3 105752 111116 187524
 1.3 105752 111116 187524
 1.3 105752 111116 187524
 1.3 105752 111116 187524
 1.3 105752 111116 187524
 1.3 105752 111116 187524
 1.3 105752 111116 187524
 1.3 105752 111116 187524
 1.3 105752 111116 187524
 1.3 105752 111116 187524
 1.3 105752 111116 187524
 1.3 105752 111116 187524
 1.3 105752 111116 187524
 1.3 105752 111116 187524
 1.3 105752 111116 187524
 1.3 105752 111116 187524
 1.3 105752 111116 187524
 1.3 105752 111116 187524
 1.3 105752 111116 187524
 1.3 105752 111116 187524
 1.3 105752 111116 187524
 1.3 105752 111116 187524
 1.3 105752 111116 187524
 1.3 105752 111116 187524
 1.3 105752 111116 187524
 1.3 105752 111116 187524
 1.3 105752 111116 187524
 1.3 105752 111116 187524
 1.3 105752 111116 187524
 1.3 105752 111116 187524
 1.3 105752 111116 187524
 1.3 105752 111116 187524
 1.3 105752 111116 187524
 1.3 105752 111116 187524
 1.3 105752 111116 187524
 1.3 105752 111116 187524
 1.3 105752 111116 187524
 1.3 105752 111116 187524
 1.3 105752 111116 187524
 1.3 105752 111116 187524
 1.3 105752 111116 187524
 1.3 105752 111116 187524
 1.3 105752 111116 187524
 1.3 105752 111116 187524
 1.3 105752 111116 187524
 1.3 105752 111116 187524
 1.3 105752 111116 187524
 1.3 105752 111116 187524
 1.3 105752 111116 187524
 1.3 105752 111116 187524
 1.3 105752 111116 187524
 1.3 105752 111116 187524
 1.3 105752 111116 187524
 1.3 105752 111116 187524
 1.3 105752 111116 187524
 1.3 105752 111116 187524
 1.3 105752 111116 187524
 1.3 105752 111116 187524
 1.3 105752 111116 187524
 1.3 105752 111116 187524
 1.3 105752 111116 187524
 1.3 105752 111116 187524
 1.3 105752 111116 187524
 1.3 105752 111116 187524
 1.3 105752 111116 187524
 1.3 105752 111116 187524
 1.3 105752 111116 187524
 1.3 105752 111116 187524
 1.3 105752 111116 187524
 1.3 105752 111116 187524
 1.3 105752 111116 187524
 1.3 105752 111116 187524
 1.3 105752 111116 187524
 1.3 105752 111116 187524
 1.3 105752 111116 187524
 1.3 105752 111116 187524
 1.3 105752 111116 187524
 1.3 105752 111116 187524
 1.3 105752 111116 187524
 1.3 105752 111116 187524
 1.3 105752 111116 187524
 1.3 105752 111116 187524
 1.3 105752 111116 187524
 1.3 105752 111116 187524
 1.3 105752 111116 187524
 1.3 105752 111116 187524
 1.3 105752 111116 187524
 1.3 105752 111116 187524
 1.3 105752 111116 187524
 1.3 105752 111116 187524
 1.3 105752 111116 187524
 1.3 105752 111116 187524
 1.3 105752 111116 187524
 1.3 105752 111116 187524
 1.3 105752 111116 187524
 1.3 105752 111116 187524
 1.3 105752 111116 187524
 1.3 105752 111116 187524
 1.3 105752 111116 187524
 1.3 105752 111116 187524
 1.3 105752 111116 187524
 1.3 105752 111116 187524
 1.3 105752 111116 187524
 1.3 105752 111116 187524
 1.3 105752 111116 187524
 1.3 105752 111116 187524
 1.3 105752 111116 187524
 1.3 105752 111116 187524
 1.3 105752 111116 187524
 1.3 105752 111116 187524
 1.3 105752 111116 187524
 1.3 105752 111116 187524
 1.3 105752 111116 187524
 1.3 105752 111116 187524
 1.3 105752 111116 187524
 1.3 105752 111116 187524
 1.3 105752 111116 187524
 1.3 105752 111116 187524
 1.3 105752 111116 187524
 1.3 105752 111116 187524
 1.3 105752 111116 187524
 1.3 105752 111116 187524
 1.3 105752 111116 187524
 1.3 105752 111116 187524
 1.3 105752 111116 187524
 1.3 105752 111116 187524
 1.3 105752 111116 187524
 1.3 105752 111116 187524
 1.3 105752 111116 187524
 1.3 105752 111116 187524
 1.3 105752 111116 187524
 1.3 105752 111116 187524
 1.3 105752 111116 187524
 1.3 105752 111116 187524
 1.3 105752 111116 187524
 1.3 105752 111116 187524
 1.3 105752 111116 187524
 1.3 105752 111116 187524
 1.3 105752 111116 187524
 1.3 105752 111116 187524
 1.3 105752 111116 187524
 1.3 105752 111116 187524
 1.3 105752 111116 187524
 1.3 105752 111116 187524
 1.3 105752 111116 187524
 1.3 105752 111116 187524
 1.3 105752 111116 187524
 1.3 105752 111116 187524
 1.3 105752 111116 187524
 1.3 105752 111116 187524
 1.3 105752 111116 187524
 1.3 105752 111116 187524
 1.3 105752 111116 187524
 1.3 105752 111116 187524
 1.3 105752 111116 187524
 1.3 105752 111116 187524
 1.3 105752 111116 187524
 1.3 105752 111116 187524
 1.3 105752 111116 187524
 1.3 105752 111116 187524
 1.3 105752 111116 187524
 1.3 105752 111116 187524
 1.3 105752 111116 187524
 1.3 105752 111116 187524
 1.3 105752 111116 187524
 1.3 105752 111116 187524
 1.3 105752 111116 187524
 1.3 105752 111116 187524
 1.3 105752 111116 187524
 1.3 105752 111116 187524
 1.3 105752 111116 187524
 1.3 105752 111116 187524
 1.3 105752 111116 187524
 1.3 105752 111116 187524
 1.3 105752 111116 187524
 1.3 105752 111116 187524
 1.3 105752 111116 187524
 1.3 105752 111116 187524
 1.3 105752 111116 187524
 1.3 105752 111116 187524
 1.3 105752 111116 187524
 1.3 105752 111116 187524
 1.3 105752 111116 187524
 1.3 105752 111116 187524
 1.3 105752 111116 187524
 1.3 105752 111116 187524
 1.3 105752 111116 187524
 1.3 105752 111116 187524
 1.3 105752 111116 187524
 1.3 105752 111116 187524
 1.3 105752 111116 187524
 1.3 105752 111116 187524
 1.3 105752 111116 187524
 1.3 105752 111116 187524
 1.3 105752 111116 187524
 1.3 105752 111116 187524
 1.3 105752 111116 187524
 1.3 105752 111116 187524
 1.3 105752 111116 187524
 1.3 105752 111116 187524
 1.3 105752 111116 187524
 1.3 105752 111116 187524
 1.3 105752 111116 187524
 1.3 105752 111116 187524
 1.3 105752 111116 187524
 1.3 105752 111116 187524
 1.3 105752 111116 187524
 1.3 105752 111116 187524
 1.3 105752 111116 187524
 1.3 105752 111116 187524
 1.3 105752 111116 187524
 1.3 105752 111116 187524
 1.3 105752 111116 187524
 1.3 105752 111116 187524
 1.3 105752 111116 187524
 1.3 105752 111116 187524
 1.3 105752 111116 187524
 1.3 105752 111116 187524
 1.3 105752 111116 187524
 1.3 105752 111116 187524
 1.3 105752 111116 187524
 1.3 105752 111116 187524
 1.3 105752 111116 187524
 1.3 105752 111116 187524
 1.3 105752 111116 187524
 1.3 105752 111116 187524
 1.3 105752 111116 187524
 1.3 105752 111116 187524
 1.3 105752 111116 187524
 1.3 105752 111116 187524
 1.3 105752 111116 187524
 1.3 105752 111116 187524
 1.3 105752 111116 187524
 1.3 105752 111116 187524
 1.3 105752 111116 187524
 1.3 105752 111116 187524
 1.3 105752 111116 187524
 1.3 105752 111116 187524
 1.3 105752 111116 187524
 1.3 105752 111116 187524
 1.3 105752 111116 187524
 1.3 105752 111116 187524
 1.3 105752 111116 187524
 1.3 105752 111116 187524
 1.3 105752 111116 187524
 1.3 105752 111116 187524
 1.3 105752 111116 187524
 1.3 105752 111116 187524
 1.3 105752 111116 187524
 1.3 105752 111116 187524
 1.3 105752 111116 187524
 1.3 105752 111116 187524
 1.3 105752 111116 187524
 1.3 105752 111116 187524
 1.3 105752 111116 187524
 1.3 105752 111116 187524
 1.3 105752 111116 187524
 1.3 105752 111116 187524
 1.3 105752 111116 187524
 1.3 105752 111116 187524
 1.3 105752 111116 187524
 1.3 105752 111116 187524
 1.3 105752 111116 187524
 1.3 105752 111116 187524
 1.3 105752 111116 187524
 1.3 105752 111116 187524
 1.3 105752 111116 187524
 1.3 105752 111116 187524
 1.3 105752 111116 187524
 1.3 105752 111116 187524
 1.3 105752 111116 187524
 1.3 105752 111116 187524
 1.3 105752 111116 187524
 1.3 105752 111116 187524
 1.3 105752 111116 187524
 1.3 105752 111116 187524
 1.3 105752 111116 187524
 1.3 105752 111116 187524
 1.3 105752 111116 187524
 1.3 105752 111116 187524
 1.3 105752 111116 187524
 1.3 105752 111116 187524
 1.3 105752 111116 187524
 1.3 105752 111116 187524
 1.3 105752 111116 187524
 1.3 105752 111116 187524
 1.3 105752 111116 187524
 1.3 105752 111116 187524
 1.3 105752 111116 187524
 1.3 105752 111116 187524
 1.3 105752 111116 187524
 1.3 105752 111116 187524
 1.3 105752 111116 187524
 1.3 105752 111116 187524
 1.3 105752 111116 187524
 1.3 105752 111116 187524
 1.3 105752 111116 187524
 1.3 105752 111116 187524
 1.3 105752 111116 187524
 1.3 105752 111116 187524
 1.3 105752 111116 187524
 1.3 105752 111116 187524
 1.3 105752 111116 187524
 1.3 105752 111116 187524
 1.3 105752 111116 187524
 1.3 105752 111116 187524
 1.3 105752 111116 187524
 1.3 105752 111116 187524
 1.3 105752 111116 187524
 1.3 105752 111116 187524
 1.3 105752 111116 187524
 1.3 105752 111116 187524
 1.3 105752 111116 187524
 1.3 105752 111116 187524
 1.3 105752 111116 187524
 1.3 105752 111116 187524
 1.3 105752 111116 187524
 1.3 105752 111116 187524
 1.3 105752 111116 187524
 1.3 105752 111116 187524
 1.3 105752 111116 187524
 1.3 105752 111116 187524
 1.3 105752 111116 187524
 1.3 105752 111116 187524
 1.3 105752 111116 187524
 1.3 105752 111116 187524
 1.3 105752 111116 187524
 1.3 105752 111116 187524
 1.3 105752 111116 187524
 1.3 105752 111116 187524
 1.3 105752 111116 187524
 1.3 105752 111116 187524
 1.3 105752 111116 187524
 1.3 105752 111116 187524
 1.3 105752 111116 187524
 1.3 105752 111116 187524
 1.3 105752 111116 187524
 1.3 105752 111116 187524
 1.3 105752 111116 187524
 1.3 105752 111116 187524
 1.3 105752 111116 187524
 1.3 105752 111116 187524
 1.3 105752 111116 187524
 1.3 105752 111116 187524
 1.3 105752 111116 187524
 1.3 105752 111116 187524
 1.3 105752 111116 187524
 1.3 105752 111116 187524
 1.3 105752 111116 187524
 1.3 105752 111116 187524
 1.3 105752 111116 187524
 1.3 105752 111116 187524
 1.3 105752 111116 187524
 1.3 105752 111116 187524
 1.3 105752 111116 187524
 1.3 105752 111116 187524
 1.3 105752 111116 187524
 1.3 105752 111116 187524
 1.3 105752 111116 187524
 1.3 105752 111116 187524
 1.3 105752 111116 187524
 1.3 105752 111116 187524
 1.3 105752 111116 187524
 1.3 105752 111116 187524
 1.3 105752 111116 187524
 1.3 105752 111116 187524
 1.3 105752 111116 187524
 1.3 105752 111116 187524
 1.3 105752 111116 187524
 1.3 105752 111116 187524
 1.3 105752 111116 187524
 1.3 105752 111116 187524
 1.3 105752 111116 187524
 1.3 105752 111116 187524
 1.3 105752 111116 187524
 1.3 105752 111116 187524
 1.3 105752 111116 187524
 1.3 105752 111116 187524
 1.3 105752 111116 187524
 1.3 105752 111116 187524
 1.3 105752 111116 187524
 1.3 105752 111116 187524
 1.3 105752 111116 187524
 1.3 105752 111116 187524
 1.3 105752 111116 187524
 1.3 105752 111116 187524
 1.3 105752 111116 187524
 1.3 105752 111116 187524
 1.3 105752 111116 187524
 1.3 105752 111116 187524
 1.3 105752 111116 187524
 1.3 105752 111116 187524
 1.3 105752 111116 187524
 1.3 105752 111116 187524
 1.3 105752 111116 187524
 1.3 105752 111116 187524
 1.3 105752 111116 187524
 1.3 105752 111116 187524
 1.3 105752 111116 187524
 1.3 105752 111116 187524
 1.3 105752 111116 187524
 1.3 105752 111116 187524
 1.3 105752 111116 187524
 1.3 105752 111116 187524
 1.3 105752 111116 187524
 1.3 105752 111116 187524
 1.3 105752 111116 187524
 1.3 105752 111116 187524
 1.3 105752 111116 187524
 1.3 105752 111116 187524
 1.3 105752 111116 187524
 1.3 105752 111116 187524
 1.3 105752 111116 187524
 1.3 105752 111116 187524
 1.3 105752 111116 187524
 1.3 105752 111116 187524
 1.3 105752 111116 187524
 1.3 105752 111116 187524
 1.3 105752 111116 187524
 1.3 105752 111116 187524
 1.3 105752 111116 187524
 1.3 105752 111116 187524
 1.3 105752 111116 187524
 1.3 105752 111116 187524
 1.3 105752 111116 187524
 1.3 105752 111116 187524
 1.3 105752 111116 187524
 1.3 105752 111116 187524
 1.3 105752 111116 187524
 1.3 105752 111116 187524
 1.3 105752 111116 187524
 1.3 105752 111116 187524
 1.3 105752 111116 187524
 1.3 105752 111116 187524
 1.3 105752 111116 187524
 1.3 105752 111116 187524
 1.3 105752 111116 187524
 1.3 105752 111116 187524
 1.3 105752 111116 187524
 1.3 105752 111116 187524
 1.3 105752 111116 187524
 1.3 105752 111116 187524
 1.3 105752 111116 187524
 1.3 105752 111116 187524
 1.3 105752 111116 187524
 1.3 105752 111116 187524
 1.3 105752 111116 187524
 1.3 105752 111116 187524
 1.3 105752 111116 187524
 1.3 105752 111116 187524
 1.3 105752 111116 187524
 1.3 105752 111116 187524
 1.3 105752 111116 187524
 1.3 105752 111116 187524
 1.3 105752 111116 187524
 1.3 105752 111116 187524
 1.3 105752 111116 187524
 1.3 105752 111116 187524
 1.3 105752 111116 187524
 1.3 105752 111116 187524
 1.3 105752 111116 187524
 1.3 105752 111116 187524
 1.3 105752 111116 187524
 1.3 105752 111116 187524
 1.3 105752 111116 187524
 1.3 105752 111116 187524
 1.3 105752 111116 187524
 1.3 105752 111116 187524
 1.3 105752 111116 187524
 1.3 105752 111116 187524
 1.3 105752 111116 187524
 1.3 105752 111116 187524
 1.3 105752 111116 187524
 1.3 105752 111116 187524
 1.3 105752 111116 187524
 1.3 105752 111116 187524
 1.3 105752 111116 187524
 1.3 105752 111116 187524
 1.3 105752 111116 187524
 1.3 105752 111116 187524
 1.3 105752 111116 187524
 1.3 105752 111116 187524
 1.3 105752 111116 187524
 1.3 105752 111116 187524
 1.3 105752 111116 187524
 1.3 105752 111116 187524
 1.3 105752 111116 187524
 1.3 105752 111116 187524
 1.3 105752 111116 187524
 1.3 105752 111116 187524
 1.3 105752 111116 187524
 1.3 105752 111116 187524
 1.3 105752 111116 187524
 1.3 105752 111116 187524
 1.3 105752 111116 187524
 1.3 105752 111116 187524
 1.3 105752 111116 187524
 1.3 105752 111116 187524
 1.3 105752 111116 187524
 1.3 105752 111116 187524
 1.3 105752 111116 187524
 1.3 105752 111116 187524
 1.3 105752 111116 187524
 1.3 105752 111116 187524
 1.3 105752 111116 187524
 1.3 105752 111116 187524
 1.3 105752 111116 187524
 1.3 105752 111116 187524
 1.3 105752 111116 187524
 1.3 105752 111116 187524
 1.3 105752 111116 187524
 1.3 105752 111116 187524
 1.3 105752 111116 187524
 1.3 105752 111116 187524
 1.3 105752 111116 187524
 1.3 105752 111116 187524
 1.3 105752 111116 187524
 1.3 105752 111116 187524
 1.3 105752 111116 187524
 1.3 105752 111116 187524
 1.3 105752 111116 187524
 1.3 105752 111116 187524
 1.3 105752 111116 187524
 1.3 105752 111116 187524
 1.3 105752 111116 187524
 1.3 105752 111116 187524
 1.3 105752 111116 187524
 1.3 105752 111116 187524
 1.3 105752 111116 187524
 1.3 105752 111116 187524
 1.3 105752 111116 187524
 1.3 105752 111116 187524
 1.3 105752 111116 187524
 1.3 105752 111116 187524
 1.3 105752 111116 187524
 1.3 105752 111116 187524
 1.3 105752 111116 187524
 1.3 105752 111116 187524
 1.3 105752 111116 187524
 1.3 105752 111116 187524
 1.3 105752 111116 187524
 1.3 105752 111116 187524
 1.3 105752 111116 187524
 1.3 105752 111116 187524
 1.3 105752 111116 187524
 1.3 105752 111116 187524
 1.3 105752 111116 187524
 1.3 105752 111116 187524
 1.3 105752 111116 187524
 1.3 105752 111116 187524
 1.3 105752 111116 187524
 1.3 105752 111116 187524
 1.3 105752 111116 187524
 1.3 105752 111116 187524
 1.3 105752 111116 187524
 1.3 105752 111116 187524
 1.3 105752 111116 187524
 1.3 105752 111116 187524
 1.3 105752 111116 187524
 1.3 105752 111116 187524
 1.3 105752 111116 187524
 1.3 105752 111116 187524
 1.3 105752 111116 187524
 1.3 105752 111116 187524
 1.3 105752 111116 187524
 1.3 105752 111116 187524
 1.3 105752 111116 187524
 1.3 105752 111116 187524
 1.3 105752 111116 187524
 1.3 105752 111116 187524
 1.3 105752 111116 187524
 1.3 105752 111116 187524
 1.3 105752 111116 187524
 1.3 105752 111116 187524
 1.3 105752 111116 187524
 1.3 105752 111116 187524
 1.3 105752 111116 187524
 1.3 105752 111116 187524
 1.3 105752 111116 187524
 1.3 105752 111116 187524
 1.3 105752 111116 187524
 1.3 105752 111116 187524
 1.3 105752 111116 187524
 1.3 105752 111116 187524
 1.3 105752 111116 187524
 1.3 105752 111116 187524
 1.3 105752 111116 187524
 1.3 105752 111116 187524
 1.3 105752 111116 187524
 1.3 105752 111116 187524
 1.3 105752 111116 187524
 1.3 105752 111116 187524
 1.3 105752 111116 187524
 1.3 105752 111116 187524
 1.3 105752 111116 187524
 1.3 105752 111116 187524
 1.3 105752 111116 187524
 1.3 105752 111116 187524
 1.3 105752 111116 187524
 1.3 105752 111116 187524
 1.3 105752 111116 187524
 1.3 105752 111116 187524
 1.3 105752 111116 187524
 1.3 105752 111116 187524
 1.3 105752 111116 187524
 1.3 105752 111116 187524
 1.3 105752 111116 187524
 1.3 105752 111116 187524
 1.3 105752 111116 187524
 1.3 105752 111116 187524
 1.3 105752 111116 187524
 1.3 105752 111116 187524
 1.3 105752 111116 187524
 1.3 105752 111116 187524
 1.3 105752 111116 187524
 1.3 105752 111116 187524
 1.3 105752 111116 187524
 1.3 105752 111116 187524
 1.3 105752 111116 187524
 1.3 105752 111116 187524
 1.3 105752 111116 187524
 1.3 105752 111116 187524
 1.3 105752 111116 187524
 1.3 105752 111116 187524
 1.3 105752 111116 187524
 1.3 105752 111116 187524
 1.3 105752 111116 187524
 1.3 105752 111116 187524
 1.3 105752 111116 187524
 1.3 105752 111116 187524
 1.3 105752 111116 187524
 1.3 105752 111116 187524
 1.3 105752 111116 187524
 1.3 105752 111116 187524
 1.3 105752 111116 187524
 1.3 105752 111116 187524
 1.3 105752 111116 187524
 1.3 105752 111116 187524
 1.3 105752 111116 187524
 1.3 105752 111116 187524
 1.3 105752 111116 187524
 1.3 105752 111116 187524
 1.3 105752 111116 187524
 1.3 105752 111116 187524
 1.3 105752 111116 187524
 1.3 105752 111116 187524
 1.3 105752 111116 187524
 1.3 105752 111116 187524
 1.3 105752 111116 187524
 1.3 105752 111116 187524
 1.3 105752 111116 187524
 1.3 105752 111116 187524
 1.3 105752 111116 187524
 1.3 105752 111116 187524
 1.3 105752 111116 187524
 1.3 105752 111116 187524
 1.3 105752 111116 187524
 1.3 105752 111116 187524
 1.3 105752 111116 187524
 1.3 105752 111116 187524
 1.3 105752 111116 187524
 1.3 105752 111116 187524
 1.3 105752 111116 187524
 1.3 105752 111116 187524
 1.3 105752 111116 187524
 1.3 105752 111116 187524
 1.3 105752 111116 187524
 1.3 105752 111116 187524
 1.3 105752 111116 187524
 1.3 105752 111116 187524
 1.3 105752 111116 187524
 1.3 105752 111116 187524
 1.3 105752 111116 187524
 1.3 105752 111116 187524
 1.3 105752 111116 187524
 1.3 105752 111116 187524
 1.3 105752 111116 187524
 1.3 105752 111116 187524
 1.3 105752 111116 187524
 1.3 105752 111116 187524
 1.3 105752 111116 187524
 1.3 105752 111116 187524
 1.3 105752 111116 187524
 1.3 105752 111116 187524
 1.3 105752 111116 187524
 1.3 105752 111116 187524
 1.3 105752 111116 187524
 1.3 105752 111116 187524
 1.3 105752 111116 187524
 1.3 105752 111116 187524
 1.3 105752 111116 187524
 1.3 105752 111116 187524
 1.3 105752 111116 187524
 1.3 105752 111116 187524
 1.3 105752 111116 187524
 1.3 105752 111116 187524
 1.3 105752 111116 187524
 1.3 105752 111116 187524
 1.3 105752 111116 187524
 1.3 105752 111116 187524
 1.3 105752 111116 187524
 1.3 105752 111116 187524
 1.3 105752 111116 187524
 1.3 105752 111116 187524
 1.3 105752 111116 187524
 1.3 105752 111116 187524
 1.3 105752 111116 187524
 1.3 105752 111116 187524
 1.3 105752 111116 187524
 1.3 105752 111116 187524
 1.3 105752 111116 187524
 1.3 105752 111116 187524
 1.3 105752 111116 187524
 1.3 105752 111116 187524
 1.3 105752 111116 187524
 1.3 105752 111116 187524
 1.3 105752 111116 187524
 1.3 105752 111116 187524
 1.3 105752 111116 187524
 1.3 105752 111116 187524
 1.3 105752 111116 187524
 1.3 105752 111116 187524
 1.3 105752 111116 187524
 1.3 105752 111116 187524
 1.3 105752 111116 187524
 1.3 105752 111116 187524
 1.3 105752 111116 187524
 1.3 105752 111116 187524
 1.3 105752 111116 187524
 1.3 105752 111116 187524
 1.3 105752 111116 187524
 1.3 105752 111116 187524
 1.3 105752 111116 187524
 1.3 105752 111116 187524
 1.3 105752 111116 187524
 1.3 105752 111116 187524
 1.3 105752 111116 187524
 1.3 105752 111116 187524
 1.3 105752 111116 187524
 1.3 105752 111116 187524
 1.3 105752 111116 187524
 1.3 105752 111116 187524
 1.3 105752 111116 187524
 1.3 105752 111116 187524
 1.3 105752 111116 187524
 1.3 105752 111116 187524
 1.3 105752 111116 187524
 1.3 105752 111116 187524
 1.3 105752 111116 187524
 1.3 105752 111116 187524
 1.3 105752 111116 187524
 1.3 105752 111116 187524
 1.3 105752 111116 187524
 1.3 105752 111116 187524
 1.3 105752 111116 187524
 1.3 105752 111116 187524
 1.3 105752 111116 187524
 1.3 105752 111116 187524
 1.3 105752 111116 187524
 1.3 105752 111116 187524
 1.3 105752 111116 187524
 1.3 105752 111116 187524
 1.3 105752 111116 187524
 1.3 105752 111116 187524
 1.3 105752 111116 187524
 1.3 105752 111116 187524
 1.3 105752 111116 187524
 1.3 105752 111116 187524
 1.3 105752 111116 187524
 1.3 105752 111116 187524
 1.3 105752 111116 187524
 1.3 105752 111116 187524
 1.3 105752 111116 187524
 1.3 105752 111116 187524
 1.3 105752 111116 187524
 1.3 105752 111116 187524
 1.3 105752 111116 187524
 1.3 105752 111116 187524
 1.3 105752 111116 187524
 1.3 105752 111116 187524
 1.3 105752 111116 187524
 1.3 105752 111116 187524
 1.3 105752 111116 187524
 1.3 105752 111116 187524
 1.3 105752 111116 187524
 1.3 105752 111116 187524
 1.3 105752 111116 187524
 1.3 105752 111116 187524
 1.3 105752 111116 187524
 1.3 105752 111116 187524
 1.3 105752 111116 187524
 1.3 105752 111116 187524
 1.3 105752 111116 187524
 1.3 105752 111116 187524
 1.3 105752 111116 187524
 1.3 105752 111116 187524
 1.3 105752 111116 187524
 1.3 105752 111116 187524
 1.3 105752 111116 187524
 1.3 105752 111116 187524
 1.3 105752 111116 187524
 1.3 105752 111116 187524
 1.3 105752 111116 187524
 1.3 105752 111116 187524
 1.3 105752 111116 187524
 1.3 105752 111116 187524
 1.3 105752 111116 187524
 0.2 21912 27924 104332
 0.8 64520 72752 149160
 1.3 105152 111176 187584
 1.3 105944 111176 187584
 1.3 105944 111176 187584
 1.3 105944 111176 187584
 1.3 105944 111176 187584
 1.3 105944 111176 187584
 1.3 105944 111176 187584
 1.3 105944 111176 187584
 1.3 105944 111176 187584
 1.3 105944 111176 187584
 1.3 105944 111176 187584
 1.3 105944 111176 187584
 1.3 105944 111176 187584
 1.3 105944 111176 187584
 1.3 105944 111176 187584
 1.3 105944 111176 187584
 1.3 105944 111176 187584
 1.3 105944 111176 187584
 1.3 105944 111176 187584
 1.3 105944 111176 187584
 1.3 105944 111176 187584
 1.3 105944 111176 187584
 1.3 105944 111176 187584
 1.3 105944 111176 187584
 1.3 105944 111176 187584
 1.3 105944 111176 187584
 1.3 105944 111176 187584
 1.3 105944 111176 187584
 1.3 105944 111176 187584
 1.3 105944 111176 187584
 1.3 105944 111176 187584
 1.3 105944 111176 187584
 1.3 105944 111176 187584
 1.3 105944 111176 187584
 1.3 105944 111176 187584
 1.3 105944 111176 187584
 1.3 105944 111176 187584
 1.3 105944 111176 187584
 1.3 105944 111176 187584
 1.3 105944 111176 187584
 1.3 105944 111176 187584
 1.3 105944 111176 187584
 1.3 105944 111176 187584
 1.3 105944 111176 187584
 1.3 105944 111176 187584
 1.3 105944 111176 187584
 1.3 105944 111176 187584
 1.3 105944 111176 187584
 1.3 105944 111176 187584
 1.3 105944 111176 187584
 1.3 105944 111176 187584
 1.3 105944 111176 187584
 1.3 105944 111176 187584
 1.3 105944 111176 187584
 1.3 105944 111176 187584
 1.3 105944 111176 187584
 1.3 105944 111176 187584
 1.3 105944 111176 187584
 1.3 105944 111176 187584
 1.3 105944 111176 187584
 1.3 105944 111176 187584
 1.3 105944 111176 187584
 1.3 105944 111176 187584
 1.3 105944 111176 187584
 1.3 105944 111176 187584
 1.3 105944 111176 187584
 1.3 105944 111176 187584
 1.3 105944 111176 187584
 1.3 105944 111176 187584
 1.3 105944 111176 187584
 1.3 105944 111176 187584
 1.3 105944 111176 187584
 1.3 105944 111176 187584
 1.3 105944 111176 187584
 1.3 105944 111176 187584
 1.3 105944 111176 187584
 1.3 105944 111176 187584
 1.3 105944 111176 187584
 1.3 105944 111176 187584
 1.3 105944 111176 187584
 1.3 105944 111176 187584
 1.3 105944 111176 187584
 1.3 105944 111176 187584
 1.3 105944 111176 187584
 1.3 105944 111176 187584
 1.3 105944 111176 187584
 1.3 105944 111176 187584
 1.3 105944 111176 187584
 1.3 105944 111176 187584
 1.3 105944 111176 187584
 1.3 105944 111176 187584
 1.3 105944 111176 187584
 1.3 105944 111176 187584
 1.3 105944 111176 187584
 1.3 105944 111176 187584
 1.3 105944 111176 187584
 1.3 105944 111176 187584
 1.3 105944 111176 187584
 1.3 105944 111176 187584
 0.0  4436 15152  91560
 0.5 47504 53576 129984
 1.1 89848 98404 174812
 1.3 106012 111212 187620
 1.3 106012 111212 187620
 1.3 106012 111212 187620
 1.3 106012 111212 187620
 1.3 106012 111212 187620
 1.3 106012 111212 187620
 1.3 106012 111212 187620
 1.3 106012 111212 187620
 1.3 106012 111212 187620
 1.3 106012 111212 187620
 1.3 106012 111212 187620
 1.3 106012 111212 187620
 1.3 106012 111212 187620
 1.3 106012 111212 187620
 1.3 106012 111212 187620
 1.3 106012 111212 187620
 1.3 106012 111212 187620
 1.3 106012 111212 187620
 1.3 106012 111212 187620
 1.3 106012 111212 187620
 1.3 106012 111212 187620
 1.3 106012 111212 187620
 1.3 106012 111212 187620
 1.3 106012 111212 187620
 1.3 106012 111212 187620
 1.3 106012 111212 187620
 1.3 106012 111212 187620
 1.3 106012 111212 187620
 1.3 106012 111212 187620
 1.3 106012 111212 187620
 1.3 106012 111212 187620
 1.3 106012 111212 187620
 1.3 106012 111212 187620
 1.3 106012 111212 187620
 1.3 106012 111212 187620
 1.3 106012 111212 187620
 1.3 106012 111212 187620
 1.3 106012 111212 187620
 1.3 106012 111212 187620
 1.3 106012 111212 187620
 1.3 106012 111212 187620
 1.3 106012 111212 187620
 1.3 106012 111212 187620
 1.3 106012 111212 187620
 1.3 106012 111212 187620
 1.3 106012 111212 187620
 1.3 106012 111212 187620
 1.3 106012 111212 187620
 1.3 106012 111212 187620
 1.3 106012 111212 187620
 1.3 106012 111212 187620
 1.3 106012 111212 187620
 1.3 106012 111212 187620
 1.3 106012 111212 187620
 1.3 106012 111212 187620
 1.3 106012 111212 187620
 1.3 106012 111212 187620
 1.3 106012 111212 187620
 1.3 106012 111212 187620
 1.3 106012 111212 187620
 1.3 106012 111212 187620
 1.3 106012 111212 187620
 1.3 106012 111212 187620
 1.3 106012 111212 187620
 1.3 106012 111212 187620
 1.3 106012 111212 187620
 1.3 106012 111212 187620
 1.3 106012 111212 187620
 1.3 106012 111212 187620
 1.3 106012 111212 187620
 1.3 106012 111212 187620
 1.3 106012 111212 187620
 1.3 106012 111212 187620
 1.3 106012 111212 187620
 1.3 106012 111212 187620
 1.3 106012 111212 187620
 1.3 106012 111212 187620
 1.3 106012 111212 187620
 1.3 106012 111212 187620
 1.3 106012 111212 187620
 1.3 106012 111212 187620
 1.3 106012 111212 187620
 1.3 106012 111212 187620
 1.3 106012 111212 187620
 1.3 106012 111212 187620
 1.3 106012 111212 187620
 1.3 106012 111212 187620
 1.3 106012 111212 187620
 1.3 106012 111212 187620
 1.3 106012 111212 187620
 1.3 106012 111212 187620
 1.3 106012 111212 187620
 1.3 106012 111212 187620
 1.3 106012 111212 187620
 1.3 106012 111212 187620
 1.3 106012 111212 187620
 1.3 106012 111212 187620
 1.3 106012 111212 187620
 1.3 106012 111212 187620
 0.9 74432 111212 187620
 0.0  3708  8752  85160
 0.2 16832 34356 110764
 0.8 65764 85564 161972
 1.2 102112 111168 187576
 1.3 106072 111168 187576
 1.3 106072 111168 187576
 1.3 106072 111168 187576
 1.3 106072 111168 187576
 1.3 106072 111168 187576
 1.3 106072 111168 187576
 1.3 106072 111168 187576
 1.3 106072 111168 187576
 1.3 106072 111168 187576
 1.3 106072 111168 187576
 1.3 106072 111168 187576
 1.3 106072 111168 187576
 1.3 106072 111168 187576
 1.3 106072 111168 187576
 1.3 106072 111168 187576
 1.3 106072 111168 187576
 1.3 106072 111168 187576
 1.3 106072 111168 187576
 1.3 106072 111168 187576
 1.3 106072 111168 187576
 1.3 106072 111168 187576
 1.3 106072 111168 187576
 1.3 106072 111168 187576
 1.3 106072 111168 187576
 1.3 106072 111168 187576
 1.3 106072 111168 187576
 1.3 106072 111168 187576
 1.3 106072 111168 187576
 1.3 106072 111168 187576
 1.3 106072 111168 187576
 1.3 106072 111168 187576
 1.3 106072 111168 187576
 1.3 106072 111168 187576
 1.3 106072 111168 187576
 1.3 106072 111168 187576
 1.3 106072 111168 187576
 1.3 106072 111168 187576
 1.3 106072 111168 187576
 1.3 106072 111168 187576
 1.3 106072 111168 187576
 1.3 106072 111168 187576
 1.3 106072 111168 187576
 1.3 106072 111168 187576
 1.3 106072 111168 187576
 1.3 106072 111168 187576
 1.3 106072 111168 187576
 1.3 106072 111168 187576
 1.3 106072 111168 187576
 1.3 106072 111168 187576
 1.3 106072 111168 187576
 1.3 106072 111168 187576
 1.3 106072 111168 187576
 1.3 106072 111168 187576
 1.3 106072 111168 187576
 1.3 106072 111168 187576
 1.3 106072 111168 187576
 1.3 106072 111168 187576
 1.3 106072 111168 187576
 1.3 106072 111168 187576
 1.3 106072 111168 187576
 1.3 106072 111168 187576
 1.3 106072 111168 187576
 1.3 106072 111168 187576
 1.3 106072 111168 187576
 1.3 106072 111168 187576
 1.3 106072 111168 187576
 1.3 106072 111168 187576
 1.3 106072 111168 187576
 1.3 106072 111168 187576
 1.3 106072 111168 187576
 1.3 106072 111168 187576
 1.3 106072 111168 187576
 1.3 106072 111168 187576
 1.3 106072 111168 187576
 1.3 106072 111168 187576
 1.3 106072 111168 187576
 1.3 106072 111168 187576
 1.3 106072 111168 187576
 1.3 106072 111168 187576
 1.3 106072 111168 187576
 1.3 106072 111168 187576
 1.3 106072 111168 187576
 1.3 106072 111168 187576
 1.3 106072 111168 187576
 1.3 106072 111168 187576
 1.3 106072 111168 187576
 1.3 106072 111168 187576
 1.3 106072 111168 187576
 1.3 106072 111168 187576
 1.3 106072 111168 187576
 1.3 106072 111168 187576
 1.3 106072 111168 187576
 1.3 106072 111168 187576
 1.3 106072 111168 187576
 1.3 106072 111168 187576
 1.3 106072 111168 187576
 1.3 106072 111168 187576
 1.3 106072 111168 187576
 1.3 106072 111168 187576
 1.3 106072 111168 187576
 1.3 106072 111168 187576
 1.3 106072 111168 187576
 1.3 106072 111168 187576
 1.3 106072 111168 187576
 1.3 106072 111168 187576
 1.3 106072 111168 187576
 1.3 106072 111168 187576
 1.3 106072 111168 187576
 1.3 106072 111168 187576
 1.3 106072 111168 187576
 1.3 106072 111168 187576
 1.3 106072 111168 187576
 1.3 106072 111168 187576
 1.3 106072 111168 187576
 1.3 106072 111168 187576
 1.3 106072 111168 187576
 1.3 106072 111168 187576
 1.3 106072 111168 187576
 1.3 106072 111168 187576
 1.3 106072 111168 187576
 1.3 106072 111168 187576
 1.3 106072 111168 187576
 1.3 106072 111168 187576
 1.3 106072 111168 187576
 1.3 106072 111168 187576
 1.3 106072 111168 187576
 1.3 106072 111168 187576
 1.3 106072 111168 187576
 1.3 106072 111168 187576
 1.3 106072 111168 187576
 1.3 106072 111168 187576
 1.3 106072 111168 187576
 1.3 106072 111168 187576
 1.3 106072 111168 187576
 1.3 106072 111168 187576
 1.3 106072 111168 187576
 1.3 106072 111168 187576
 1.3 106072 111168 187576
 1.3 106072 111168 187576
 1.3 106072 111168 187576
 1.3 106072 111168 187576
 1.3 106072 111168 187576
 1.3 106072 111168 187576
 1.3 106072 111168 187576
 1.3 106072 111168 187576
 1.3 106072 111168 187576
 1.3 106072 111168 187576
 1.3 106072 111168 187576
 1.3 106072 111168 187576
 1.3 106072 111168 187576
 1.3 106072 111168 187576
 1.3 106072 111168 187576
 1.3 106072 111168 187576
 1.3 106072 111168 187576
 1.3 106072 111168 187576
 1.3 106072 111168 187576
 1.3 106072 111168 187576
 1.3 106072 111168 187576
 1.3 106072 111168 187576
 1.3 106072 111168 187576
 1.3 106072 111168 187576
 1.3 106072 111168 187576
 1.3 106072 111168 187576
 1.3 106072 111168 187576
 1.3 106072 111168 187576
 1.3 106072 111168 187576
 1.3 106072 111168 187576
 1.3 106072 111168 187576
 1.3 106072 111168 187576
 1.3 106072 111168 187576
 1.3 106072 111168 187576
 1.3 106072 111168 187576
 1.3 106072 111168 187576
 1.3 106072 111168 187576
 1.3 106072 111168 187576
 1.3 106072 111168 187576
 1.3 106072 111168 187576
 1.3 106072 111168 187576
 1.3 106072 111168 187576
 1.3 106072 111168 187576
 1.3 106072 111168 187576
 1.3 106072 111168 187576
 1.3 106072 111168 187576
 1.3 106072 111168 187576
 1.3 106072 111168 187576
 1.3 106072 111168 187576
 1.3 106072 111168 187576
 1.3 106072 111168 187576
 1.3 106072 111168 187576
 1.3 106072 111168 187576
 1.3 106072 111168 187576
 1.3 106072 111168 187576
 1.3 106072 111168 187576
 1.3 106072 111168 187576
 1.3 106072 111168 187576
 1.3 106072 111168 187576
 1.3 106072 111168 187576
 1.3 106072 111168 187576
 1.3 106072 111168 187576
 1.3 106072 111168 187576
 1.3 106072 111168 187576
 1.3 106072 111168 187576
 1.3 106072 111168 187576
 1.3 106072 111168 187576
 1.3 106072 111168 187576
 1.3 106072 111168 187576
 1.3 106072 111168 187576
 1.3 106072 111168 187576
 1.3 106072 111168 187576
 1.3 106072 111168 187576
 1.3 106072 111168 187576
 1.3 106072 111168 187576
 1.3 106072 111168 187576
 1.3 106072 111168 187576
 1.3 106072 111168 187576
 1.3 106072 111168 187576
 1.3 106072 111168 187576
 1.3 106072 111168 187576
 1.3 106072 111168 187576
 1.3 106072 111168 187576
 1.3 106072 111168 187576
 1.3 106072 111168 187576
 1.3 106072 111168 187576
 1.3 106072 111168 187576
 1.3 106072 111168 187576
 1.3 106072 111168 187576
 1.3 106072 111168 187576
 1.3 106072 111168 187576
 1.3 106072 111168 187576
 1.3 106072 111168 187576
 1.3 106072 111168 187576
 1.3 106072 111168 187576
 1.3 106072 111168 187576
 1.3 106072 111168 187576
 1.3 106072 111168 187576
 1.3 106072 111168 187576
 1.3 106072 111168 187576
 1.3 106072 111168 187576
 1.3 106072 111168 187576
 1.3 106072 111168 187576
 1.3 106072 111168 187576
 1.3 106072 111168 187576
 1.3 106072 111168 187576
 1.3 106072 111168 187576
 1.3 106072 111168 187576
 1.3 106072 111168 187576
 1.3 106072 111168 187576
 1.3 106072 111168 187576
 1.3 106072 111168 187576
 1.3 106072 111168 187576
 1.3 106072 111168 187576
 1.3 106072 111168 187576
 1.3 106072 111168 187576
 1.3 106072 111168 187576
 1.3 106072 111168 187576
 1.3 106072 111168 187576
 1.3 106072 111168 187576
 1.3 106072 111168 187576
 1.3 106072 111168 187576
 1.3 106072 111168 187576
 1.3 106072 111168 187576
 1.3 106072 111168 187576
 1.3 106072 111168 187576
 1.3 106072 111168 187576
 1.3 106072 111168 187576
 1.3 106072 111168 187576
 1.3 106072 111168 187576
 1.3 106072 111168 187576
 1.3 106072 111168 187576
 1.3 106072 111168 187576
 1.3 106072 111168 187576
 1.3 106072 111168 187576
 1.3 106072 111168 187576
 1.3 106072 111168 187576
 1.3 106072 111168 187576
 1.3 106072 111168 187576
 1.3 106072 111168 187576
 1.3 106072 111168 187576
 1.3 106072 111168 187576
 1.3 106072 111168 187576
 1.3 106072 111168 187576
 1.3 106072 111168 187576
 1.3 106072 111168 187576
 1.3 106072 111168 187576
 1.3 106072 111168 187576
 1.3 106072 111168 187576
 1.3 106072 111168 187576
 1.3 106072 111168 187576
 1.3 106072 111168 187576
 1.3 106072 111168 187576
 1.3 106072 111168 187576
 1.3 106072 111168 187576
 1.3 106072 111168 187576
 1.3 106072 111168 187576
 1.3 106072 111168 187576
 1.3 106072 111168 187576
 1.3 106072 111168 187576
 1.3 106072 111168 187576
 1.3 106072 111168 187576
 1.3 106072 111168 187576
 1.3 106072 111168 187576
 1.3 106072 111168 187576
 1.3 106072 111168 187576
 1.3 106072 111168 187576
 1.3 106072 111168 187576
 1.3 106072 111168 187576
 1.3 106072 111168 187576
 1.3 106072 111168 187576
 1.3 106072 111168 187576
 1.3 106072 111168 187576
 1.3 106072 111168 187576
 1.3 106072 111168 187576
 1.3 106072 111168 187576
 1.3 106072 111168 187576
 1.3 106072 111168 187576
 1.3 106072 111168 187576
 1.3 106072 111168 187576
 1.3 106072 111168 187576
 1.3 106072 111168 187576
 1.3 106072 111168 187576
 1.3 106072 111168 187576
 1.3 106072 111168 187576
 1.3 106072 111168 187576
 1.3 106072 111168 187576
 1.3 106072 111168 187576
 1.3 106072 111168 187576
 1.3 106072 111168 187576
 1.3 106072 111168 187576
 1.3 106072 111168 187576
 1.3 106072 111168 187576
 1.3 106072 111168 187576
 1.3 106072 111168 187576
 1.3 106072 111168 187576
 1.3 106072 111168 187576
 1.3 106072 111168 187576
 1.3 106072 111168 187576
 1.3 106072 111168 187576
 1.3 106072 111168 187576
 1.3 106072 111168 187576
 1.3 106072 111168 187576
 1.3 106072 111168 187576
 1.3 106072 111168 187576
 1.3 106072 111168 187576
 1.3 106072 111168 187576
 1.3 106072 111168 187576
 1.3 106072 111168 187576
 1.3 106072 111168 187576
 1.3 106072 111168 187576
 1.0 80520 85564 161972
