1402768
5842375
5030548
2636291
1473101
8912489
6876671
7129019
8927017
6447040
9486216
16352
6282610
3505336
981479
5305500
6301622
5376952
5248322
3803287
8586856
4946114
4215344
8312719
989960
1203373
8423610
5382998
5858512
2750092
3112568
9134806
5586599
1570745
8416311
239617
7221026
3296656
999849
7372450
4456357
8725871
5576572
9179245
1467927
943216
1711438
8251778
822375
762229
3139511
6005184
2647053
6049348
1197794
5169285
4624642
522033
229006
2114826
3602565
7389874
4855330
8188416
1888670
5763481
4220985
6178436
7940107
7712383
4641905
9553198
7687125
417121
8193644
5575307
8131655
9108078
5649870
7529620
6513477
9474784
9312103
6794222
4046317
852709
5699227
3517518
1657527
1297291
9745834
7270720
5334041
6964120
4751979
342053
6765444
7595491
1221598
8913291
2046992
6608685
2121076
5471604
2453464
5637852
8578188
913266
3306932
267228
948850
2095615
2314245
8826229
3590552
6147932
4595407
2365967
4259053
9982421
9876917
2732391
3960251
8594714
9738518
273042
6592707
6883273
3774588
9694575
3603406
855070
2470117
8414616
9136724
6269855
2993242
5772576
9051088
593663
5940720
2933943
3463837
5819879
399478
7337806
2572339
3922788
5301316
425319
5961537
9227962
9928702
5334648
3818293
6522132
3252865
3868041
8931949
2508283
4970249
5825623
940393
10735
8949343
7640948
40804
8549829
4315474
4514098
6348100
6500796
1878874
9453523
7992418
3702915
641192
8928638
1684535
4192964
5692014
5092834
2093496
6809654
8737768
8524576
9953078
6145990
9087748
7928072
4210921
989021
2746760
3584868
4342746
4279501
6966848
3888170
9884061
7352389
1644485
9706563
1622185
256321
7098037
6444903
3496455
7945918
7030708
1306640
6845674
6699330
6900825
7573043
8420461
4484459
9235709
7751668
5348981
6529920
6319626
9468066
2140896
7612670
5695729
2373579
5847411
2941998
8861956
7020256
1859754
4107086
5104037
1310977
1855863
1601846
491473
9494775
1763230
9683300
3261379
183853
5217516
3728724
1031941
7504276
9006647
7446675
4540212
9703043
523920
1520851
1012625
2390099
6805942
4438711
6202754
3117563
9083474
3735663
5032065
6357643
339447
9078495
7697342
3406361
3379633
5110909
8478153
8974260
205092
2602996
8700044
4677249
176320
8098767
449752
8712450
2110459
3461341
7096427
2592372
3855214
2664629
3538676
7387597
597043
411582
8882145
2841771
1850223
4824594
1728125
8222332
2523039
483136
3317581
370147
7672767
373435
183482
7289613
2775866
9734668
3963824
874090
1300204
406082
4051809
544567
890337
6081731
8057343
680753
8835367
7969827
8917174
5955492
7884713
275640
4812457
672100
4552490
2538103
137601
916870
9552286
2674984
2064343
6478097
71604
307329
775155
4809679
7777511
1172521
5352297
39955
8762569
7851387
7642047
7530874
4925965
6219369
2199148
7064056
7730250
2431309
7403272
7815721
9851340
1636408
1592926
7210414
1620844
9837019
1210527
6834956
7054587
2646346
6095100
1349435
7077731
1598543
9321624
6739327
7017120
2213102
8953210
4266349
5954477
235165
8841836
2618635
9961396
4354262
2911782
9984973
3883474
3840498
4157106
3026483
1491352
3166148
9208627
3135195
207648
1323217
9328959
2416156
3410256
7035901
626750
7137571
2272657
7324927
1258222
8912570
3355820
9972756
7372670
500599
2899252
6647246
6892233
4513214
9288498
3467908
8306089
6113738
3132765
8098911
8519997
2668286
886406
1460568
3536399
7832530
5793097
6985310
301846
4305563
5210090
5966419
1614472
8499190
1136120
971087
3738650
6044624
9428227
9540885
3969760
1823777
678001
3712509
3624669
1092851
9955883
4600436
51631
3695867
2555679
860366
6609445
9584509
3513772
7138600
9481579
8416041
4431347
1762961
1779692
4498990
3002119
2202619
187745
2831486
6935436
7229487
6566741
1848182
7157274
4438636
6339183
5050403
7326262
321733
5337969
7178349
4604107
8214009
6652779
7314233
4158890
5626182
7888479
3248186
2759354
8549173
8705022
956685
7369401
7873583
2358760
5278829
6132202
7696482
2521864
4751880
9224642
2505615
1384731
2853548
367442
7839540
1877732
7884105
1661633
1418545
4304329
5216481
7741541
5350588
1351171
733931
4690102
3538269
5794537
6228619
7931346
1082394
724193
2536694
7701173
6704545
4271381
6900467
1988370
1695812
7591530
334614
1488478
3910897
9315490
3753771
7722438
2532556
4831743
1561755
9054054
7150301
6251205
1075543
7633102
5500744
297179
3345650
5617600
1250000
9487047
8768872
349123
4671887
7253747
9147793
7750760
1583655
1842011
3863061
8663303
9428700
5687810
5254619
3007966
5479134
237104
3103348
596580
2960137
7552744
298427
9575041
6876801
782406
8150764
265572
5431337
1938792
6180794
2349308
6157040
2454543
8635719
5548461
2153262
2389073
7113759
8669134
1315064
3938378
9747794
4634518
4755418
6012641
9797659
9336909
5845365
8556121
9296838
1523974
7836192
8994759
65839
7349809
3886852
9429182
2727585
1719760
9764496
9316817
612398
6451087
6200654
3206075
9061350
1269580
3230401
9166859
4827884
603317
1555897
3702202
6392572
3420375
7049086
5066476
4639181
4437527
2249888
1483413
9435994
8955172
8736189
2442166
9290817
2658885
8878292
2838752
8044868
4302415
8372642
1131601
6808224
1826506
5391703
9282916
6435609
8261345
4881547
1514462
8216988
7807298
496858
7964698
5744767
7907227
3918570
914710
5778178
4830603
9495296
7585804
7799768
5394453
8929192
7622204
1083835
366442
2689504
2737029
42021
6455885
3239090
8544929
300394
2223968
7543947
2136691
6934764
2973989
8049031
3117845
7548395
7243452
5926417
2153874
8638278
4864745
3786757
2681095
6176125
1861898
8685974
8748391
698404
1483693
1947051
7300956
4730506
2246057
5971160
375622
5527266
6332243
886997
3085594
4637132
6344412
2756865
6456923
3286946
4745432
1828106
4460683
3071308
2079413
869208
1127192
4108603
1230346
600155
4681322
5483514
8799887
6993095
9898835
5161374
9603411
5416454
6554544
6255087
1150012
5493009
5858061
3035651
9535356
800164
9991834
929491
2463199
265253
7548670
6716669
3131276
9173777
2050605
56048
1559864
5294663
4525747
554475
7318757
2482008
6466252
9466463
6669899
7085761
5668669
1152386
9372579
4799371
4146050
119099
8834516
800722
1334186
9899978
9406155
1964248
6288757
2874445
486238
4124936
3487308
1192412
951687
4565716
9437879
8102929
2572738
9236981
2687747
3692470
1972757
8975527
5886398
7391118
2430998
6876350
5677734
2303251
6082448
7751949
6991181
5931271
212355
7847015
7847007
1060505
9437888
4435485
9833227
8561439
8775773
8762700
5003123
6023400
5312727
8707987
7118355
7382153
3504441
8343205
7459907
5336228
2405492
5526027
9158071
7404565
3894022
3966995
2736692
582465
9945380
3848707
6499649
4390888
995496
4434197
9791727
3169360
1100302
8959374
1475415
2595955
2019813
134385
2709212
7080163
9819234
9285790
7423524
4937258
9875003
7272998
3534000
8572654
6837077
7829372
6945106
5553822
9996370
2133965
9991956
1450382
3267048
8319517
5138650
3214184
5054886
4014765
3967581
1320597
9319553
8899756
8766286
7629169
4325868
2961816
3229588
2439297
6319453
3773764
8691215
7635355
2832699
2952788
8087493
1970415
2174636
2466023
7256553
3051747
8072411
8654708
9807081
3092973
105878
6144323
5642520
6948023
4887608
4691623
576593
6414187
9087586
2658765
159116
2624631
9587317
1882524
782756
7447065
8454797
6161254
382858
216560
7028827
8878103
1453683
8107600
1926288
2862259
6628921
7015507
7199107
669854
3647409
8940696
1529225
2968522
1053375
6168198
4556590
8826669
9701153
4895504
5141454
2391691
9374525
3459094
1238944
8929877
2940341
8959626
1940780
9918334
7896105
3900571
2226638
3982189
7931538
884519
426208
3617402
6617961
9801189
4158081
7174838
204801
8720923
5552648
2480637
1583636
1935755
5897465
4150977
1026517
1561818
9794666
1396985
3623310
7822921
1553695
1738312
4267665
9397011
6742629
139236
6812941
9433714
3547290
5910171
8455516
8885112
9049998
5821862
8056267
4048117
7186356
6934710
1419303
4092013
2357100
6923987
6019176
3161812
567933
4874605
4122608
5659311
7534433
1830544
8271426
869085
2751663
5891784
6116504
9376397
1776336
9955857
2786076
2995331
7203464
8997594
8012263
3038573
4351777
5685231
1028068
2283782
7752713
5037238
4177120
8710957
1434280
5772276
1490160
9708302
9042713
2684971
6384395
6039527
7235565
6490851
5308119
4608717
1108355
627967
9607630
6819901
342384
5578323
2730161
3834390
6920455
7201393
4885008
2856585
5971090
7725891
6779542
506653
3579763
2484186
1855039
1930902
8192681
4048849
4787642
2638966
2870550
568630
7513972
2753354
8770546
5631430
9373974
9722270
4526635
6934032
4917084
5817402
643022
7667954
8266478
7758828
1376448
2901198
5022868
2998873
6085640
1693130
8608543
8238353
2634142
3512768
4239771
1395913
6444342
9744720
9363249
9558093
6529651
8428993
6491723
9746711
5535817
557629
2608861
1780725
7507705
3724107
1683317
6635682
8796701
2029937
993632
2117135
1566830
8008240
3973851
1327435
4275075
2779254
4867268
6423181
1346117
7644783
8518262
6239220
5223012
3189025
4172783
1098930
6696113
1323843
7488239
5410848
7467374
9793540
7258677
4641918
9121983
9742734
3884704
4909519
9640645
9023091
9543330
6118823
3455494
9126685
7387952
6445792
1860361
2621757
4148107
4439499
678306
5192290
7536259
7772352
6025203
4715079
8067959
6614086
8942753
18119
7530709
7266428
9259256
8398359
3570562
8214395
6987911
1848414
708280
8500361
753625
2147823
5371446
1725012
8377674
8811693
5810601
5994421
1987971
9133964
1749655
2536612
7708529
6286504
6212310
7561474
704711
285625
1422336
1785230
8749471
4322845
5339268
507546
873306
2869202
619840
278463
5084613
7028048
9194042
1104884
8331078
7300222
907781
1264053
1285740
7301421
6585355
2397474
4112609
3705382
5317235
3392314
3534467
7497259
6664140
9440873
1918786
1063804
2832564
5090009
2061577
2871567
1530767
1940957
3863167
61306
8386238
8095295
2860059
7691404
6409741
6904507
2615549
712047
6313097
3071665
6208811
3458863
1581493
4747709
2462418
3855760
7081100
1782867
8200687
1819467
1004249
5201879
799149
9923157
8185290
7137341
5526643
2995483
9038259
6574307
4537967
6406924
9940691
9175139
6444393
5256789
5596608
9320458
402053
1694200
598371
1770759
2407870
8762653
1329168
570044
5795008
7195217
4797751
748496
9523753
2110671
6206661
5370254
3502196
5186880
3803264
2230696
8833756
4005138
1863629
2836213
1940472
4837926
7425834
9240585
9884215
3487833
6384343
2512512
2568981
7133984
219138
4435233
7450343
3430693
671071
6959407
3682964
5079387
9354732
6425845
9766774
2705745
6265610
591035
9268575
3670680
7359095
7092423
6970140
6519290
2496480
731499
6451072
7088760
9703383
7339983
3861231
6491155
3066565
9784596
71178
9577759
9794036
8895788
3612356
851445
569739
7995095
891400
3330010
6062775
3634817
503985
6404002
7352518
1347090
4737843
1172528
4667039
7484996
6098405
2660721
5337214
4173354
5366910
4905195
2652755
4619674
8805821
9046227
4233033
5616939
4018403
5163102
3901460
5474949
1687749
1543497
2154326
6114235
5768868
2416593
8493678
8446754
3977494
1681126
3112562
2016571
7567146
6519755
8203577
516938
825260
1601775
7807016
8845025
55076
7392385
8138741
859391
1625910
1827733
8019026
4957556
5604384
3451116
7414146
3177067
5299856
1829081
6818665
4171750
329362
7824192
3336748
2100843
2479527
6624166
9681163
7860855
6362525
5062824
8516238
1964530
9085209
1138869
685343
4460098
2974129
2834962
6312783
1895717
2394277
3355896
9858609
8211734
3290359
9427003
8144332
7720903
9090276
9442789
8370999
5201268
3541877
6384964
3483490
9246487
306494
3668528
965941
2979134
8023589
2463943
149935
6877477
427107
1972218
647368
2629317
4329761
1275967
7392948
4959425
7264568
6258387
3161606
4515547
2760213
9803528
4902286
3733416
6591552
4188193
8188481
5520279
8905928
6176806
7120714
9201608
777004
7302515
3062315
7379367
8549313
1678705
1677598
8044488
8957528
6498805
7293054
9441261
5858925
1559075
4662494
9693092
8516267
3212534
1818009
3928889
3963464
7540481
3339546
1323792
9063921
9473321
8216628
9078926
7709900
4061212
4364008
6972569
9931329
7674182
6659591
2124636
4030411
834551
7167066
4432597
8225211
2240751
4963521
6958056
3323739
9614092
6776203
9758761
7017949
1340614
2620915
6314801
8123655
8166993
2514770
2679300
8215882
8480693
8873940
7778210
9507952
8539699
4800811
4079805
9703214
2803018
4726479
5333856
9967474
3254549
2500209
4234708
8129278
8866257
4146096
1888519
7450737
9385435
3217358
7460875
4939249
9705730
269224
848694
7430897
6516889
3139763
800742
2780978
7640988
9858303
9280131
166857
7945988
5535744
3382700
8831873
6900179
6414422
6687304
45016
7893512
2318499
4996761
4130788
8905798
5479986
913126
2228683
8060582
7920123
4060660
7091891
1134034
3304338
6660162
9046612
75055
7089431
9703430
814275
4859949
1758667
1183878
2983417
2944904
3126048
4964493
504752
3971679
3613855
6926694
7571491
9856748
493548
1047079
2492882
4526205
6191519
5759598
5858796
9486609
6241188
450513
4464479
1391247
9750561
9098184
2207595
6791841
9109474
5603503
8905674
9457844
9760491
2806124
861288
7420639
4879740
996030
5039478
6700377
4400319
5163336
7067304
8327827
6150753
4100583
2810053
7165753
6663437
1615980
9688602
8679107
9857312
8572069
9214380
1230009
8756132
4777561
4183746
3004621
3275195
7637879
5021153
5086646
1255224
245327
8503086
1396375
7989139
3180728
5771254
4808551
7065894
7743905
9678001
8595439
3527737
9621259
3272745
6795439
3567453
6932361
1963391
2128346
7483945
9812151
2080010
7396915
4459148
6256577
4568233
6625567
6652655
6906913
9966495
5654147
1473122
5142898
1645262
3564838
6579961
9276032
2229587
6426965
7616199
553122
5069767
8947643
6162052
4038150
8618493
7564115
6467093
8007582
5224711
5168611
7639446
844269
6605248
6847454
7082527
4364095
9500164
3449065
1786742
2968284
6881598
2097025
9318257
4385730
4550719
185618
4097462
1822770
3859650
5759213
1229483
2172816
5657093
4747580
4100807
412990
5374577
9605524
2779471
7017630
9201199
5184828
7020179
5916324
7558465
837800
4299609
9227886
9410251
1015890
8150230
4841143
7438838
3965677
6854843
7634427
3231507
5726504
8307304
5930145
9086771
1445582
2462177
9689922
9530222
2331040
5142290
3950510
4744535
9749002
3927579
757366
7565699
800591
406452
3053995
7196814
5736573
5447407
3830234
9829139
6365328
392123
7838236
8131657
8499227
5020871
5298313
1658123
6436839
2847099
6437822
1910558
3417811
8446669
3790970
1067283
4371116
4777380
6782920
5219778
3550628
1205927
6754544
1412524
3546675
4554300
5924792
146787
6471188
7955118
9835920
8145009
1737918
5484783
3926425
1219422
5532488
9653256
6724774
6602262
5252941
1021301
8941442
4971177
6444189
8195074
9132924
4780458
3774762
9030122
9777346
2023843
9177998
3886304
134899
4149801
8281686
7602705
6509079
8978438
9171690
4704275
7898498
2633290
1964493
6129727
1170595
9563205
7432284
893714
2929263
2147180
8786603
7692707
1228630
976822
7306197
8214199
9845838
3306361
7495906
416565
8360283
341812
2025395
4599810
6055174
1315293
9179884
1868759
2526941
1639914
9908322
8931529
6321623
7713560
5912064
3197942
6079183
2260173
1591350
1653489
9948057
8492729
8563084
7736630
3118148
4500349
8545086
1884578
9696819
4231913
6177883
1544629
7546378
7661427
4563189
4685065
4215271
1258753
7746862
7988922
380070
3527462
5894688
5858454
2693455
9971843
6020477
9624292
3536301
8011316
1107456
1554745
9389290
9159736
9791044
4424817
2990765
4137400
4979441
1460478
5285715
7527040
7421159
8998363
8191993
1497963
3750236
5972080
2747365
3963489
4909966
7874930
8295452
333470
6066363
6366225
8717117
7663903
2257734
272199
4619904
5528388
6056688
9924242
7011281
5317671
2749392
3684977
9599927
9636462
2025930
4006110
5738364
4554779
7756349
149931
2834918
6806528
5465689
5429136
1834533
4794645
6269198
5055785
6740647
1811
2001763
7707089
8443488
8706224
6105148
1209189
7181688
5742847
4726439
4313419
4530543
786170
1236700
6283459
2642920
6713294
7627043
4788688
3894849
1643933
2690032
9532938
48548
6329290
9486140
9242659
4795915
8523582
8322749
8324721
7750948
4743793
8066204
6992020
7236396
874095
6209023
5690272
3160715
336986
1182784
9663878
7176136
4714080
693858
9973954
2468515
6882397
550747
9438792
2038519
8130533
1131247
8607224
2649686
6866086
2409055
5781365
4015071
99757
9466571
28888
5869229
9499505
7920322
7867323
8830149
5195021
7849029
6149744
6289332
7170869
8010572
6422134
9853962
8612282
8792536
9012774
5618449
2743511
829581
3147738
8339716
456857
896377
7162292
4937733
3831836
7069470
9775379
3087092
354928
5139979
7303160
6732786
4120614
6322732
6477866
754803
4536553
8252868
3129455
1718560
2134404
3614665
3700602
1215593
4952727
259829
8568546
8068577
9741838
2317101
8807016
6995860
4961402
14771
3799867
8018183
5544721
6768792
4374568
5670897
6043686
6917030
155015
1707437
3424761
3390128
8969871
1827641
5141126
8066509
3435036
9203290
9842482
8916570
6904334
9362173
4403122
6320024
4214950
8658433
8141407
5902167
50228
3464240
7425497
7693566
8671617
7245594
8164156
5533390
8670605
8527846
9665700
4311087
3072159
7061097
163179
3551139
1206399
1718304
6898392
9197499
4713169
3025941
2554767
8301086
3323867
8913816
910034
6083134
8921528
953477
8239415
3264369
3410537
8766809
3069928
467167
3052244
5004546
2659591
7911904
5127337
4407978
7860435
7571189
5756634
6640957
4081878
6577819
8219887
2416379
8998799
4912
360948
6935828
3593522
8827500
5454743
1143826
6211756
12392
2712136
9693039
9985147
6129742
8282198
3500539
7334906
3161757
9148461
4348491
1821053
7478791
8979187
2847240
5871003
130823
1571166
97201
7313185
9879862
4005137
8305603
1019045
3187067
321671
6568748
8649840
1324414
2141886
4812298
4355813
8973115
4240803
7375569
7137636
3562607
6341411
8650024
3988232
4811426
8508573
7353828
8188482
2395325
7534888
4478267
2103361
3000066
8434853
4736407
2083043
546021
9742978
5042038
6410304
4532715
5053566
4475338
5476414
8556389
2105940
303656
623436
8398999
6077918
6962231
8596572
2967961
9776960
9522125
5814360
7375089
4194364
9568269
4064621
2170998
1380924
4199795
4501174
9768911
4833738
4338378
8383968
4308406
4753470
4584455
8166328
834150
674198
2819246
1309361
7006359
1725502
9088317
5152168
1856122
2165125
1479428
2510130
15875
5198898
8035810
584816
2276053
3538796
699456
5072976
6383821
8482985
7547577
881325
7430210
592749
9140582
4782936
403268
6086461
8209606
38793
3305000
1011949
7819906
2546493
8719666
8030256
915326
9813649
3820350
4645013
7203831
434965
2908939
1845012
5682965
541344
8902543
8355448
1978853
6972893
8246671
2615132
1121920
2789788
3246561
7662149
8233260
7645463
6305287
8863169
8218161
3209723
6369559
9132993
8969116
9168489
6196276
4700977
794343
9244785
3415284
2932395
50673
4864730
2983531
3623401
3114560
8733239
620526
215518
6647285
2952750
3108880
9701872
2876082
8076355
9779049
5796174
1828518
7213987
9392626
4836667
3808426
6274066
3037736
5086275
5572047
5195041
5017497
7347811
437721
954009
9411501
9808307
5265189
1126298
3193761
7331205
6716433
8850686
3597826
8274469
509305
823330
6413389
3929978
9793990
3554900
4846871
6824428
907884
251614
5635370
2549384
5770664
2052793
7946847
481120
5271607
4359480
7432304
5291501
1294317
5834757
2486300
9639258
1462555
8891971
9966585
6040310
1384281
9868479
1612442
3198982
3575879
3237476
2273487
4302576
3631041
3128040
843117
4675948
6237129
3721585
2446512
7124978
8854087
2312071
701003
9954699
8861413
2943340
9010159
5952656
4030642
5887651
7167831
8782977
8768204
7387755
2596140
6812263
3294754
2500915
4077332
3581543
3724508
6140700
9386304
8230856
3016883
6952877
275945
9649878
6805742
7657471
2470090
1253694
5462242
2325699
865337
2830540
1152168
3689986
1862877
7350921
9411074
1956216
8928727
8269850
9888039
7420592
1210620
7299067
7682410
380391
2248357
9482496
1508534
7479511
354785
6435613
9415962
6593156
6012255
1634521
6208059
8256923
920111
5458408
3256658
7391574
8924847
7171562
2451642
2879593
2445194
3726996
8029288
1733082
9655811
8894899
5411326
4709581
1317150
7412562
7545438
3805649
1653137
5651897
9307796
4918657
2287515
2113303
2138439
7034361
7133530
8520293
3391566
933517
2806890
6183745
3259823
4687087
1099479
7233709
898115
9354927
6627081
9643225
2894254
6881118
4787557
6720906
3720595
9772205
2504184
6581222
200741
7963533
5225377
7612038
1811676
3495989
4303252
2974144
8910668
3044383
9591830
9402008
1535682
1436212
538748
1817237
3795003
9455855
3618236
7383918
2752252
4789917
9498427
6091158
5676846
8386394
1787643
658055
536001
8420339
907696
4876262
3715885
7697390
3049139
5370255
8666419
9697176
5472989
4034969
2562722
3559311
909165
9513984
9796043
9007789
7497129
3924361
1738874
5036295
6664909
5139101
9921670
8285281
1245341
2037787
1675594
828607
685770
8093253
1621188
9339827
1329681
7449703
2198974
1785281
6503233
1472152
9781226
472958
9973052
1242227
2600780
1954382
1047652
6618919
8190313
2169423
879961
3588101
6645012
7980063
9250663
363382
9734036
7767594
7395274
6867121
6629799
6895394
8067321
2485969
5022432
1045655
9208637
1848397
8044951
7427485
3954156
4330235
1410532
3678035
5046609
4312625
6178036
4009771
1494413
4148035
4596476
262499
3150462
9698852
7889833
6051108
8230853
4393399
7862206
5608279
7839479
701233
551946
9028090
6974264
5401743
3374349
3088193
3262136
3494235
2346440
5229161
1117798
5786363
7924532
2447146
5739323
9920796
8999632
8918870
2619817
4626681
4180454
7838772
3453442
397962
2404234
5716468
2034916
243960
2906357
3326876
8678248
7698474
6937299
1217353
4494551
3250797
5780491
7109655
2310705
3517240
1943098
7249768
4458977
9752054
4686127
6914768
5389195
188025
7493909
5053964
6938730
1065169
7814842
5589063
6060107
5570891
5969955
6589305
8543084
9935701
5982047
2550676
8284170
5393722
1630718
5726758
1332983
3357631
6808244
9858335
7157528
8201588
1503074
150749
6104992
9599340
3055652
5510101
3879281
2137227
3565742
6656957
3632552
8834024
7938704
6646785
8128979
8792433
8711933
8584660
8582502
3880401
3461030
3020446
1803252
9350796
6265470
9856986
6851333
7642840
4687995
3266411
4202745
8982493
1297666
9970109
2999679
986450
820670
4598982
6133319
1677591
4503330
3518741
3006417
3690441
5246650
2329777
3716393
4241208
9581799
6908348
867456
7492065
6245802
2948974
9225749
685425
4089879
5016453
3235401
6851774
3863687
3182028
7856859
4324095
1856627
54869
1384386
2281460
1916638
9600291
3955986
2995727
4469223
927864
5493138
9342071
5718815
8116394
4731202
456446
2837492
6492046
607885
9044034
4613108
9445514
3438862
4496386
4557163
580241
347440
8773475
2968446
4466567
466013
9409557
6355821
5357888
2495497
4818897
1328104
2502499
8514169
5383842
3155206
720175
344606
4106374
4252523
1367390
9135705
771165
5711431
9784600
3177497
2616503
7523392
4543652
3041170
9599995
5863986
6657502
8273012
6145208
2440301
2828767
2137526
2584705
9272722
1109674
1091957
9975311
2356994
361915
5723294
2041420
1355947
9207999
2623008
5806212
9555806
8682446
974834
4727192
3687739
6512139
3984095
2616826
9295575
5265408
2661708
4802454
2795756
5767426
6127835
3616282
360390
4714090
9136810
8577929
7392623
6433090
880633
6213411
8888398
3280326
473065
6269997
3779901
8486397
7710303
5708704
145825
7160307
582810
7990275
8259780
9948413
3163576
4373692
9993146
394069
9402263
7267947
236731
7770537
6020040
4390000
4471410
8488763
1745532
1200496
1543931
370727
3092127
395637
9972290
891895
6252250
9689006
4406260
5405528
870989
3177019
8411472
8779555
713430
7383870
7857162
8491745
530541
2771215
8199397
1092208
4023854
1734084
7266156
5860309
53042
6976877
1001956
7736569
7232419
2904007
8802125
654287
9607837
1360303
2253365
4003964
5868118
404839
7686408
3029715
6995175
4129192
3861535
6550623
2611378
4980095
8757041
670654
2428736
4760887
8493707
2644674
8730726
6071314
7092442
3156428
3833241
5990619
208385
1214800
1581221
3893747
3687352
6349184
9841217
2333640
9683080
2169277
580996
2150247
1352013
6815567
7160807
4870600
9302383
1145623
7468669
740805
757426
3436509
2278481
7053382
8329697
6114023
4413316
2541746
6690331
3227436
677281
257300
8934157
515575
6901855
3389808
7976832
5540649
6297535
3512086
4502003
783039
9175533
7384502
9294395
2271669
6047105
4086138
5076740
3638238
4504798
993464
6576212
5857950
7777092
3017067
4191852
9013011
6517297
7003981
7089965
5670647
9517392
8114637
5640937
419103
5734468
3839241
2598682
9199860
5272775
1028855
1673335
4678658
3017484
4561226
7179146
662127
2428060
6847932
3264861
7572322
8477325
2107528
8837449
4299965
4580424
7665461
421343
7277190
10415
4686803
726435
8396088
7767949
8364915
7391768
9910388
3594705
5480762
5605613
8181251
6135996
56311
1432000
2601648
509138
2122550
9555499
1554456
2762685
3942900
5302615
2918661
6997932
1972601
5526624
652613
950475
9376348
4213488
3928652
3339812
337747
1793142
9187244
6308809
8701655
1111323
5009732
7583219
5152304
5443421
2292589
3906865
1417863
2474614
8504489
6316898
9027350
520238
1136819
1946598
3270254
6035331
3534225
8595857
6889489
2973311
6378569
5532534
4842421
8200275
8373831
3973275
5085128
8085897
7830968
3539843
6854252
275576
6394748
4594438
1891192
7133794
4387172
6775996
3206628
5035033
5281053
8220485
1136549
6361396
1247239
1890583
1027548
2228512
3124025
4840838
340333
7301405
4764157
2365470
3287676
5118072
7921567
8997326
8433239
5187449
8329783
8694994
5800928
2435297
8642575
972797
4418565
3922015
1030572
8899293
6343759
6150651
7836390
4847289
2871857
1529601
4398188
4293656
130321
3788353
2267785
7320808
276501
1976031
110755
8419588
7927119
3130626
7731423
4279263
6896173
942326
8129889
5857946
6674182
1755636
3181656
9717979
3841549
3026746
5177360
3314189
1047089
2080472
222380
6819726
4291048
6526111
5062491
9352727
7575225
95037
5329205
6091527
4426765
7348145
1855032
9800257
3550963
3343327
8628497
7251417
6004047
6736397
1272692
4219861
7085381
1087839
8792409
672187
1254336
384681
4817139
851648
2826733
2224331
4212130
1293102
6504457
7680229
1293172
5536126
4833412
6024059
4846694
135030
2896626
2940247
340903
6632422
2645352
4850752
171791
4310642
1625291
8519183
5120673
1369901
328696
449951
7221273
8899518
1794004
8234173
9128543
7066143
7059038
2345352
4116454
3023204
5773433
509942
2059822
6367141
4483500
7015899
9273442
7144281
3688805
339715
2257445
2921722
2067982
1541368
8074270
4255668
5215143
4075705
3302552
5689660
2416122
3016428
5501713
2570856
4862851
241513
4084816
8493579
3673415
9352478
6390300
4368457
7110058
8283509
3262122
4089232
3204430
1664856
6617096
4591838
6112673
9363259
8784311
9905498
7720433
5310160
1952900
7207995
6088283
8866686
3108811
1790812
9904010
338000
6973215
3049250
1884825
7814759
9184860
4577580
6317462
2196486
7324580
5944037
5180316
9557625
5723034
9269256
7056292
8403989
7983515
9065735
9930297
1799692
9921630
631658
532511
8492944
6025911
5547861
3786144
7278722
241703
5177531
1629719
2725732
8736072
4541173
3642480
1606904
3079527
8236552
1852277
3524362
4816737
1910759
412558
9017332
1544810
6696522
7612689
7126239
1230541
8792686
8687856
1221914
848255
2619557
3329454
930685
4504576
7199196
3363340
8103749
1045963
4608716
2124150
4048360
6188968
6648398
1056829
1017016
2913232
7202658
7584421
8270754
8350485
6891395
5290608
5149577
5496463
9551652
7748790
9383706
707871
955698
2259113
8892045
2192557
9825823
6364770
8008976
3403666
3070728
6434717
7065537
4932034
7560988
4874781
6349719
1310924
6418139
9298836
2540697
3405161
9031828
7490529
6395919
2673543
5336773
8947993
357450
1051637
3425670
4003322
315972
7979171
3300726
2577717
3425478
9407902
328773
5064309
6206126
856571
4463064
4830081
7742084
4631784
6196988
6818493
6307404
6319860
1594182
3435013
7536367
1105666
1652828
5947818
9498478
2017707
3954092
881753
7221225
3240923
687203
8301706
6912256
2363622
5829652
4990940
3274575
2992706
3207546
5890088
9385958
4496576
8856424
8550353
798359
9379189
7313000
9415206
2300587
8620069
2412010
6336956
5927708
334593
9570217
4195000
3101607
9441359
2945922
5017008
1190342
7410250
7888398
7469228
6519551
3966066
9844498
1155800
6472851
6848085
6339256
6965292
7162788
4775008
5483868
6859265
1564317
1801028
3292944
4036547
9855801
9884842
4013360
1156907
9199910
8234035
5879347
5074784
28400
6773051
3743496
2260233
8483121
4504610
5358027
8096548
9653353
4199471
8801955
3772456
4071531
8888511
7876971
8026335
1443412
9387684
2609364
3905107
5191025
8106033
2263156
530760
4713382
7694861
5070027
4947307
3596941
7672937
5640063
7015240
592826
9943947
6277599
4790609
364438
2801555
7545887
4104491
893775
2708349
3591583
929937
8214546
6946847
4194615
5117485
879377
8944881
8261756
8836414
3514708
7047192
8052893
1294170
5336303
7095927
845945
8967659
5911177
1708375
2964074
44790
5027394
9084605
8978742
2241648
7731187
49491
7057873
8502974
5952484
3032389
2690942
8456747
2193883
1198072
412170
2997468
4552539
3540594
1318861
8836620
5314468
2758005
7884711
4754140
4434811
1007625
297684
4728020
5252655
5307689
6244006
6924145
6019965
8837901
5678275
3285172
5543042
6160771
8318479
4102002
2158570
4906153
6543913
2247320
1704840
8161265
1321886
7690945
7031642
9780372
5520293
5783410
3193342
732032
6007832
3252844
2325681
5567876
2771269
538021
9997227
3594035
6498007
5540231
2895726
8799134
7957662
4162640
2113554
6808445
4936223
9209444
194435
8752242
7528136
4990723
157187
2413280
9536285
6293494
8330671
9039713
9215311
6197705
3690784
3152184
4722257
7207935
2187730
6373518
6239932
5259077
5748312
4342591
7910517
6777999
9193873
9504067
4370118
2032208
1571319
5838570
9088206
8896664
4384548
2200279
4748842
1912174
7145529
2937370
3180872
230489
7000153
8264001
8438573
3697337
8513485
8933975
6230206
2300216
3067044
5301591
3548112
9421047
6044896
6905944
8569789
8408247
8235769
6790788
8232577
3913312
7978621
5290843
466869
3561667
6797121
3829704
5724345
1927609
1695653
2630013
5653352
1416568
5379967
4567688
9703762
7967430
3298760
1879580
8424767
8788014
2223687
9551374
4328435
1607766
6011577
4573547
221797
2623526
2741151
5715387
8826395
3147103
2215649
2763059
7407614
1251764
109223
8978650
7634135
2786184
5280874
6666415
7515137
1395851
1826707
3945709
2863280
9552414
2662671
8685796
9915936
6123512
8695543
851678
25674
1515108
68945
8131793
9123094
386941
5883488
3320355
7320679
2823540
8238809
130109
5214853
1074572
1033739
7907243
6851211
3043692
5775014
8282765
2919345
6927898
503133
1617366
9970006
4694699
8780592
8327760
9820389
6333116
2587388
250202
7423667
9824055
6124868
8951055
9293658
4835129
9437004
9169684
9914948
6942983
1789248
3018842
2578589
4733372
5629735
4101865
5181052
2842244
4661129
3190981
2913527
6494568
8410725
809023
4251770
9807337
1483040
6549858
711689
1295737
50143
4562094
5244311
2725185
9523743
2770934
8191205
3328639
6002037
5217092
7958031
2054741
5381228
1172542
4884187
6606784
3020342
607200
9796971
6529525
4420507
1343696
1139900
1061241
6617447
3061059
2298658
9639796
6357118
392224
3820987
1125833
7334503
4566623
5687095
9367114
6504089
9536500
8326850
7723356
7136324
2502474
7860047
7975425
9849860
6686073
1437058
4970599
7396776
7835248
9058543
2827450
4797855
9317840
6273558
7950850
135403
4688056
2379259
9340745
1430213
1895566
641544
6993392
3873535
7339176
6753306
4277660
3940803
723069
5205279
8645081
7929488
2966802
2969500
235854
1293452
7873169
371600
2552675
765338
7134225
5394840
9652726
9594889
8130576
6932250
5791713
2376185
608556
2362873
9620067
7485389
5845711
2359998
6587412
2224218
5870709
1524635
9201219
5172547
7364647
1271719
7439520
1549627
3135981
1005034
1645669
2078611
4646719
5429414
2727751
9449307
1800125
3698766
603336
152715
7201484
4499200
9930862
6661061
4821483
906118
5668933
8065814
7664565
1248762
5638670
9786468
9714851
6082778
4553759
9585362
8717802
1648589
9940067
8002122
5574544
6783642
7334425
2203327
8450898
4755037
7193181
3289542
4904328
1463739
6904122
3057032
321715
9567492
2950154
8253198
7369970
6942351
885980
5454331
6838541
2548536
4193496
5487437
8838305
7213642
7631631
9340196
2450131
7887376
7698665
9237204
5440237
851476
2190565
5445436
9635623
6331220
1296491
9582538
9566377
390943
1503970
3728012
681503
5607781
7710345
2448775
3457523
7580176
446262
7317367
5587942
2905263
3531413
7723433
6545102
1577405
2281328
6875276
4238411
4856627
8975248
8311001
6237978
6768174
5929602
3248095
2174232
8699235
1625496
5204491
6582345
436217
7937125
5994505
9481934
8894412
5801148
1264897
6837415
830647
3675990
6611738
2111347
3680098
1526695
2623798
9286483
8979956
3026127
40736
5247964
321065
3052019
1113526
6064802
3783627
8135927
6854747
502323
969802
7547676
6388677
4783667
4727320
8771225
6932252
1621130
116263
8396341
4209017
9526255
6486296
756385
6645202
9104823
5757923
3378209
3174674
988408
4470893
451341
7137301
1496473
2542251
1574518
2882899
6906571
5575258
4028212
4316329
3913428
9459963
5202125
8664769
201072
1921642
7566
6225578
5237940
7725820
1925742
1523367
1156415
114043
7862140
402529
924497
9016519
4278105
7242788
1309014
6445986
9897742
5438947
7044514
6966841
7161750
4474574
3222939
9271795
8383154
3484171
3686896
8602007
2564742
6634320
3873576
9082143
7816418
8050011
6812414
892769
8317523
6105167
7441332
4381524
1940544
4705154
4016604
876705
9873300
1229035
8914316
1741467
250195
5865659
358840
7852711
2849114
5436708
353931
1577312
6743824
2594912
2211627
1757697
598877
1501556
2172836
83653
2588455
7058271
165887
5807487
6478980
4940528
3165017
6490947
831540
4793775
4683915
7507469
1504593
6390559
1081585
3141633
2111149
2962220
3952316
8240715
6147822
6532689
6882101
308343
892110
6905231
1482153
2172627
1814519
8964237
9438529
9216656
459805
5268835
7171206
5007039
6138421
899483
350536
83460
6933680
1935413
648438
5411313
1578475
6177001
1816508
5384345
8196527
1014571
4820581
447886
7303662
2108111
6516731
898201
7985362
400761
3752325
6573340
3311868
596743
4214714
5844307
9900965
3477304
7211575
7968141
1250195
115482
3435722
8344254
9787065
8637829
5522370
3769065
7096802
6091544
9623210
1373261
3602023
8820100
9403041
2351420
1554986
5222934
8293178
4041955
3835073
5767994
7890759
2225358
1372311
9312296
6512343
9363320
8192705
8699720
307035
9975991
65137
2510684
6838465
7846714
3046193
9776042
2972072
5328883
716455
4619893
4382338
6018389
3089411
5661715
8897900
372071
3418759
6308417
2295153
1123964
4851533
6943822
7771831
4646369
5005327
2420436
4513771
8845966
922934
5945174
5190741
3636904
6140292
4405900
5790438
33000
373020
724366
2752854
4908674
5042724
4580822
177965
6519430
8375938
9906499
7015503
2751467
308130
1362643
8379175
8040717
8268121
8360313
3998771
852953
7216312
6247804
3563268
6560641
4417806
6053910
2266983
7464272
2496298
8179895
1756159
7869952
2804996
7083073
522078
8580687
405717
2548283
926176
4833335
6487265
6348054
2547361
1304667
8858189
6178861
5717099
9953883
126307
4215994
7102852
8631834
8982513
4181606
9325090
241270
6616399
1672239
6106208
9442918
3814600
4903274
2062427
5466344
4524577
5676710
1283600
7406642
2842450
2631791
5717398
8776471
8990311
891169
3970031
2263813
8968451
8293044
3141009
3990265
2029971
9142770
5404797
5465418
574442
9002818
8846127
224665
7774460
6448341
6006314
4706736
6131469
9734744
4328763
4692896
7815155
8447210
9287937
3031018
5675626
3171248
6363310
4914800
8527948
2926967
6956324
7764389
1312912
6631307
6681797
353100
8690152
6971212
5266863
9627884
812083
5059967
7510998
8690260
4352916
2436922
5013862
1674401
1812827
1490381
3677919
3926072
110756
1754686
319715
6026785
215689
8034516
9071865
7828142
1504937
5977929
1636615
9751032
9622981
7892133
8479773
5626853
996564
3976016
2886945
5068390
5448548
7920613
6390766
7848601
7382095
6458322
8524824
6158520
3039348
8626587
1522017
7480855
4662587
809331
7318093
6158057
9688595
4574795
6490684
6676698
7348196
6573561
4493622
8651743
3802963
1989456
808869
7330854
2595429
4973894
2534638
2617208
7764128
8242694
7128331
1204754
9227914
2810153
941278
5813223
7480434
8008138
4136539
9654418
4271560
4414382
225735
2197608
7433065
3110484
7320858
2917759
1287005
8545535
2526295
3935669
3995232
9517723
5041965
278240
5201179
406743
85667
8125326
8830919
9931764
7999533
8862823
3332717
7861307
6057459
4242163
3213225
7672664
2270977
784660
9455378
4791357
8894936
8995143
3305290
8414211
7731986
8488211
6237230
3401578
5940954
4197985
9917655
7317829
350037
4961827
2801849
1248931
1300052
9585220
4458226
4377433
7011499
8864268
2726763
1411493
3324377
2720093
7705590
7200394
3512825
9264744
672028
2833611
2850254
7863091
1583945
2396197
1486339
1374779
1122347
565914
270059
5456759
8250606
4588135
8500228
17757
9150509
3012937
6885744
6003221
1727391
7049618
3864622
9622053
3708791
870981
3415730
2073952
4694668
9237665
7288435
6601446
4053390
2393545
9220217
1066098
2703409
8478948
1266234
8240427
1069491
2733928
9256693
1146857
1705517
4651818
396401
6569478
7966344
1588004
776352
1750013
9703228
5103266
8690743
1119135
4737291
4140697
321051
8561728
4530055
9685939
3211138
3520112
8003185
9295772
989494
5104943
6984124
6912254
7531629
4359866
9501774
8387739
1536867
3538752
6670065
6930251
8636963
8375997
3737445
8933343
4051832
568347
4520642
8698321
8085738
994604
5805745
4768823
9572998
2510687
8069906
447929
5757965
9513641
6397397
2135623
5595439
816584
1356001
6040857
9796071
8605093
3544160
8961873
1119087
7342376
5184851
1523609
1712374
3791244
5762886
897921
1319360
1672119
2248573
6263053
9269329
1176804
9730767
1349520
6600416
9917370
3838508
1950340
6114505
9729993
3260136
4110628
415407
4566191
8273057
6916758
2745642
1654920
8773062
8536278
5969714
5370297
6077499
3025572
2622665
7330582
4844742
9617327
4009554
6645788
3029699
4628569
8074726
6731968
294527
8929453
6524673
5323747
9715016
9113408
5236793
2376374
1268702
6631621
5732106
8144964
3894259
8640893
1145857
8549911
6433473
5379794
1941509
9244012
3243301
4383837
2419897
4014294
6292826
1008856
8222980
5119102
4671354
5407781
9317966
4461350
4957894
3112205
2830201
9745473
854975
187425
4243644
3920863
1109085
5610954
3334065
5549937
8675223
2152875
1763246
8172804
8143924
5211908
7883371
6764413
8556750
9731581
5607452
4111639
8832509
1091805
7293273
7257190
4750873
4937344
8623423
4593822
1720001
4746186
1321675
2485030
6040456
7511198
8329294
3911311
1140894
5486263
8354594
6242228
6304177
1907071
1273761
8673837
8829636
4221501
4552485
5042477
8244524
1276709
6723004
8737818
5965520
4485987
3642179
5186730
1551496
487559
6000407
3263838
176815
7539073
1540231
40626
3043369
9155567
2824202
9982818
8907344
5025819
2229998
8807527
1858018
8663693
4250113
7739740
221876
8793189
5749713
4086923
9514832
1176869
9031183
9603582
579756
3283656
4256525
1735072
146822
6903119
6845406
4887318
5579734
4959339
1430850
6770680
8865991
1617024
6323159
5793108
6885109
2723919
3315697
9650823
2527643
9238347
9546837
5550848
2662650
1210532
5202680
3822609
1575232
2939609
659581
219909
5127203
4034552
7646430
5313486
8346378
6194996
4205810
9317247
3594278
4581880
1231340
8257846
3793028
3872257
6207991
3609056
1157328
9425696
6431098
5570053
8765255
1082552
7357695
1471784
2613130
3021336
9225234
8572899
5349036
6284246
9421022
5820905
6535930
4095053
8360152
1059238
3619053
3252512
521977
5258674
6950715
1671390
9549853
7623669
796071
3671897
8532420
3053021
6900698
3837225
7873564
8840568
8561265
5535072
5957774
5145300
2482608
7244076
4754809
9604732
4884306
2410802
8350607
4934394
733012
9104956
1967578
4378735
1173019
2606198
7405487
6923589
4730484
4395413
8479282
3098375
9255864
274819
1478616
8225684
2477139
2905682
2428009
2991012
6846148
5479897
6088831
9979927
2687594
5794332
6470934
5504461
2053322
6290859
9945982
5017115
1217518
2654849
4251148
8168089
3244402
4812118
8585123
8253347
6151409
4104713
8282893
892937
1459020
5617077
5436543
4494514
1153556
3396063
484263
765356
8261151
1289194
2601898
375406
4590480
4737334
5416746
9590791
725288
1386750
850693
3972273
8114016
5643531
9979688
2881012
3751559
6777376
8078873
7504189
8549833
8321190
568222
7829359
7824634
3322758
2881190
9619910
1334935
9110445
1386368
9470592
5037786
8600140
3776288
3592315
5988528
5035086
8507584
6760996
672374
1973121
2006637
5049801
6894147
2676709
9201154
4222424
3222801
5773957
748948
7628981
6736998
4904375
8383250
9288481
6503900
9430561
5055611
3687815
1764401
6857300
9174219
6501122
5742058
7545819
1909647
4979707
8626730
5157755
8364660
9578314
4441951
2223530
3907606
3092188
5153220
8616385
6478062
6834848
8764033
3931090
3187899
9813127
825534
4529064
5496541
7090796
2327941
5241089
658843
5547952
8338360
79900
3758969
2171582
1344007
8692328
7011600
9932064
8678817
9074210
9473134
3689894
9598727
2719998
7892762
2476579
6229461
6880688
5157815
4045500
3212281
6242002
1039513
5987419
4614330
173765
6924405
3989774
1705063
4854224
5024657
1231974
9756297
2566545
1542532
811713
7612211
4754959
6775110
7066475
4264701
3825126
2186463
4168151
3389580
6682378
8772572
3013350
960647
4614362
9472341
6603677
3873617
4719945
9639338
238783
8342972
609442
2758915
6064828
7050468
3426004
7485998
3687205
7678773
1433553
882260
8075265
4116229
4811184
3242789
270320
5255149
5200453
289140
4875414
9521739
7049556
7932863
683840
4197162
185405
1550841
6692863
2201881
5816223
215724
4642824
8651017
963179
3386210
9938149
3111511
2306533
5978969
3244837
3407126
5459957
4491417
4163934
9738020
7913148
5639476
3606992
7344146
192028
8114054
2186513
3108670
7971670
9496352
3361884
3527842
8683624
52362
2346313
9921781
7020903
7055944
9674598
4227038
1481700
3515124
5981703
2412267
5937286
1000811
770321
3100285
8726997
3448721
8095096
9807288
7092840
6646873
6302492
1234829
6871814
1758497
9203729
2233545
6103234
8184024
4260744
1466183
5678208
5869036
9319118
4337101
1191357
994549
6284021
8900656
531223
5456934
1781272
2401973
1099851
744813
5388338
8204230
3030013
6447771
6119691
9878517
3144672
6038452
9240254
7338935
8891960
6168655
4757145
1348219
9911356
8134537
6307507
7935867
6535879
5337354
332770
8378104
6024316
3139573
687833
6738642
5154091
3980161
7677068
6027494
7929731
8847597
6741468
351778
5973038
7256128
6913306
4489917
1344890
8981242
1282722
9055664
2758156
2704760
6412005
8946307
93357
4193092
2219282
7072013
3503832
7983448
314283
4066393
3327630
8274252
2652621
1737784
7014922
4140570
3670506
8881533
4024836
1436553
4398512
4909854
2814233
2864505
7513145
6002799
6791125
1753735
6642539
7771962
4284355
2697063
7669026
8023376
4681735
4647532
4892994
653401
7663011
3210176
7874654
1106338
2977579
6228175
1301746
6079979
8556179
6530606
6969623
7873353
4640296
1188877
3440085
2717942
4359712
5178815
2135638
6168625
3631001
1242012
2258965
3700260
3334887
4784514
875460
6482678
2156006
1129550
1221576
5261835
6235509
6458179
6548583
9803315
8340328
4799772
3562176
7057612
354376
8278476
9363858
122630
5814727
204960
2421372
5634326
5851539
1032891
2527994
7752238
7976224
4116389
9557334
4759600
6756925
6470252
4905698
6716155
845629
1346484
9002378
2053440
5711765
834516
1385671
275549
1515241
1156210
1682050
5248028
5507548
749322
40732
3398426
2330927
784842
7417656
4706149
435070
676208
4993642
910136
6669652
9723124
2202614
4849680
8380939
8393170
2528589
6982729
1148523
7708261
9269649
503029
5973939
5510561
3054346
8271106
1334061
140186
9453604
2683354
92301
2170835
270986
5196796
2723558
3996039
4677389
60255
3661931
6325759
5024796
292194
5899454
1629603
4846052
1322686
592765
8519678
2483379
7692720
9675442
3072607
2282345
9195735
7969754
4665045
3153563
8254895
3106787
6198682
578874
1385876
7337929
233537
781820
2322036
7070662
9410751
4668211
4962621
4329318
4860204
4799527
3798633
6000465
1741564
5219513
5467901
9371998
7357475
6442905
8240149
4788828
1357615
1101939
6513296
4590903
4044040
7486185
7342100
8161786
1965403
8669611
3138089
6285523
1910022
6702366
8625810
9443982
456409
1764573
1605336
2784085
3910090
6188129
5234330
7673759
3662897
2421061
9003997
6873697
5818891
9108434
6309026
9195436
9737651
6649014
3686075
4219557
6438030
5418
1756441
142426
1577928
5013811
8235728
8687621
8870298
3443288
5567392
9353930
1976916
9364433
215176
8456807
9797100
2596732
1633025
3435549
352783
735128
911774
9186787
2433057
3964697
9143191
8329384
5983303
2431691
9990871
7343770
7677325
7123855
2675660
8600336
9168983
1215896
9168052
2836482
8845838
2424137
537088
108487
5695857
4587673
6496603
2609976
6279778
5613443
420716
9795743
8693586
4214676
6176718
3231892
4205346
2894454
163451
9010694
4049755
9987671
2573129
3339160
8255773
6720589
7262884
5790220
6952529
9769850
6949690
6389923
229277
6203597
2609141
1177032
1693627
8620656
8465879
8014093
8459497
1331499
9339169
3405674
287075
4949210
3748990
4828143
5374964
2322748
6251364
4778606
3523937
1324997
7385484
149570
7021193
6904246
932496
6684482
1908936
844359
4933774
523867
5871286
3679696
4816562
5729924
3742846
9865241
5610549
7878220
1626633
8054704
185314
7185721
8382839
3386846
9446538
9115621
8971268
195132
3808671
8536266
9333886
8336590
3552023
1303434
503209
1296870
2971939
6029886
1941978
2216927
8505329
8869171
8735236
6291526
8248848
7216481
2294779
1400315
3839364
4754324
470420
1777100
7400234
5618098
5432509
6143960
3466500
6259326
7401135
524599
5758908
1037001
3784703
1726136
7875026
4057061
3624103
2846912
6000280
7112352
4114184
5672351
6470386
6654587
7646218
7885693
5170116
409915
2859836
2463930
3174875
6644357
5732504
5376119
5072899
6445017
9851579
2309500
3727528
4598271
9820441
3071132
5134642
2094854
5626506
6192650
6086157
2379486
310401
7125839
7639698
8311856
8209078
8707491
3937092
563670
7367701
8974381
194849
8699730
2740733
7527058
2878817
7902135
3420301
4149998
8738899
1960656
5275908
1525822
3812492
4423311
1704679
5743947
7618852
209975
1844986
4205296
9012732
3989512
2798285
7801427
6309322
2954725
9212753
2802296
6084759
4692299
4858147
3190875
2236974
2473706
2077588
4782722
1291832
1434773
1308899
217770
1091075
9317135
5606396
161706
6789812
203947
518314
8657932
3865422
7094435
8383320
6348730
1977402
4029892
1925182
9787998
7596410
7528
4544381
6398099
8695194
7066675
6139875
3438584
1275675
3281845
7909926
4440031
8304785
179548
5144773
2091862
5557795
6396403
654661
164402
187236
9462302
3824718
9657880
5011331
1764848
4963987
1010055
3396768
8609302
5751728
6238293
5111053
7192069
5596087
8811912
9959820
2341701
3020401
1287547
9910791
2502696
452051
9124916
938997
4116723
1727137
9028784
7257584
2604173
7432694
1482015
5002898
9374566
3047924
6750263
2139658
5866766
2353860
8558118
1112530
6868230
5949157
408527
29739
9945280
8259204
7488697
4822321
9371698
5107490
7208073
8347848
7368262
8092658
7805691
8126173
884553
3488619
6873844
8777688
6349163
4390569
6795584
2016234
4545546
6029013
1566163
3837385
8270799
4837285
9614612
7933211
2944744
8676443
3107364
3757931
1990810
710169
4350038
317885
5951000
1036442
3295818
3849343
8969416
1985779
7946500
2195416
8313905
361986
8460381
9317253
5670132
7126036
3038319
8269790
4234400
7903216
6499869
7708432
7117035
8232950
9957194
2963043
8005288
8188408
714822
5030703
7241444
2242924
5399314
7985214
4142972
6899048
4771185
9866201
930623
3359618
3233080
1494910
8903729
9143883
5091597
4841305
6986241
4095048
9362561
1248767
974074
2617094
4898821
4062194
865047
6372062
8513099
2405985
963372
2659213
1032442
3140766
8391608
4959915
8356538
1509878
6109764
4311877
6773965
5570370
2740853
4076108
7849134
3565302
3607096
3265513
2759092
4467302
6426480
2093096
5669049
7598826
4203676
1585149
1914110
5396532
5807633
4147176
8941839
6753030
2305544
9287563
4795504
2048957
3552721
3124435
8875889
9704170
5492264
1684468
2488162
682389
3811599
7172673
1046960
8783939
3332367
3802955
3352333
5126949
2226117
1162055
3202217
3219168
324098
5845221
9306345
742043
2132385
8701978
4353218
7927122
1738763
8519418
3659074
4846517
2972538
9860272
4762375
7969486
9873908
2534844
4802847
6300403
1757222
5347300
7404021
1798155
6848707
8095327
3708745
7929479
1386371
2518738
7867420
4097928
1210263
6212514
181339
9316253
6363290
1457747
5722045
2575856
9157543
4494438
3286587
7429133
2479207
5512957
584509
6457642
1420321
4465628
7783382
9661578
7556239
799527
5528309
5448030
73306
503840
6103127
5338037
3710048
8669037
6788119
8442181
4119865
1984289
3339073
507274
7984331
8099096
7702585
9204213
2115777
9771110
4662969
5974278
6035489
6016166
6276905
8978809
5642049
6862052
9522933
4632444
6540821
6772207
9602686
3607195
5587535
6390060
4937473
8287204
7271207
5591515
195259
6573671
1524950
987833
5593562
2106581
3101356
3500899
8108187
454417
7949128
4201854
5942974
9227345
2531804
1517742
2178631
4235742
145287
1832500
5942259
6672377
3322468
7507885
6070716
4945245
7131871
2780371
3872813
5185579
5075295
2540660
3552241
9621021
2980180
8433190
6848520
3959005
6812094
2852604
2807787
4388372
783093
6233916
5633281
1630370
9397042
984095
2957498
6293610
8110202
2361651
4646090
9829586
1985933
613218
8706374
3601815
6923337
3520288
4095065
7319664
4716033
3985887
3510430
7152213
2689151
6410324
8561497
5404588
3453930
4548240
7715078
8723684
6031884
7840984
5661600
3562173
4061800
8187177
3090455
9730366
5354127
1232914
6994074
386777
66310
2181518
737354
1385523
4949302
3186238
448387
5139535
3996496
2331032
8748806
4238079
441845
4347256
3837500
6175519
5871195
7557937
4200180
1601861
4142927
6933161
7399273
9191813
664435
5072372
6462508
9612992
2945089
827339
1478110
6390952
1677103
4089231
2744058
8473034
6559411
8043438
9223114
4979374
7885498
8865817
5300163
5759456
6204361
1710277
9956660
1401583
6850744
5524697
3203176
2239110
5932539
9767305
2349708
4137494
7266627
545708
4763023
9148128
9983242
1649992
2897802
2897945
3858771
1881691
1946323
5971644
5369615
6131218
9465332
9799167
6507683
1274264
464097
6546725
2821178
6597943
2857504
5530630
3279030
1129418
6171897
7039977
2650591
6879048
257586
8646172
7605123
8570955
7727090
3380
8397143
1666408
5529787
3263970
5464489
3495175
186456
2640309
5689525
5360482
174652
4784709
8730876
452370
861097
3324989
2490246
5745246
3464271
5169807
3756850
2310880
5033028
1817667
9129861
5474530
4783862
9474040
7928007
9457167
3198328
5308718
6990717
980295
6871969
5603816
1093623
2654396
6166956
833775
5055215
3484336
648845
5645447
4009407
681312
3261729
6774547
9604161
2946252
6751948
2824269
4798094
5198266
2307661
2231407
9809190
7001474
833789
1764984
1290769
5241274
6741002
5841859
6843663
3456654
4864144
1275859
9501253
3051043
874500
7724035
5497739
701064
8513994
4048035
2004375
5486848
1881270
9042861
490645
7766099
3694708
697026
2417672
7454785
1715995
3641902
4741314
9091665
4986183
3026438
5369887
6281267
9376667
3799781
607689
7454702
7503804
4007127
5024039
4036723
5033139
8587430
1531169
6735490
4156289
6916836
534757
6145390
2706385
3203923
1786700
7408214
4473837
125938
7325315
4786315
2089593
7977304
2449411
1461413
5306161
5977647
7697089
4942710
263654
423947
2819074
5564461
9130372
1734631
1002570
6152422
9703004
6425833
5016729
9629787
4465475
6436540
9601989
8949575
1707088
4226539
6873616
8190628
9663534
4170772
3650148
1847823
4735277
7416000
8934746
5434128
5557534
5490334
9911105
2031603
1963661
6537677
2328692
3384650
2799055
1313816
2422295
1607218
1638008
2512786
3674128
6629534
7109681
2291353
6903695
2768162
9094727
7140607
6211289
3131990
3046836
5075678
3636106
565603
560769
243708
4435768
8850093
4549475
2029505
3539686
4016010
3791465
8190788
9956809
2732078
56208
5105264
7492268
4026468
5644030
7671763
4823441
5835485
4191691
8771156
5562133
4513274
4680218
1004419
9298246
1595383
9694777
2543597
6029556
1592784
3943059
481430
3881960
9650761
8607207
990394
8200152
1846781
1932486
7282033
4559353
6740297
9982326
4439610
4069544
3423125
1430827
6792209
1508000
206790
9992559
5050350
1831865
768244
3226087
6635491
770101
1781927
4654873
2216524
6105946
8347240
4161823
775245
6015894
7923981
5023739
2110248
3028631
3105806
2681945
3414322
3066065
7805123
4898613
1015596
2186527
4400401
4877115
4130029
1254874
333398
6907104
3687906
3707108
6686860
1492124
9676305
1873749
1430446
511640
8494910
4393454
3287835
3236056
5954916
6574253
8111229
9966555
475667
9284586
994935
3627369
6409712
7825873
6974007
1655220
6177267
1230514
8839547
5661581
6219489
6481513
750080
7374736
3109553
6008517
9783111
2833597
5472445
9531495
764166
2126677
2316793
2405322
9071219
7552650
3349523
6693608
2933675
9684034
8889738
6733961
8057699
9019414
4665769
6006283
5601088
7843221
1722033
681943
424525
1377004
3771898
4668718
7869817
3458694
3281278
7667162
5830976
7406170
8831711
3759538
4281543
5801102
5455665
3871719
542555
8117962
3369599
5796354
1130899
8063945
8140430
4647625
5690238
1312694
9598481
8896035
2617451
3736171
2501176
4133369
3142231
5921982
3674776
486491
9169771
3027574
7442313
6692159
4277118
7704988
7511774
3158367
7879635
6418754
8101893
98089
5708718
2266403
3249627
1909992
6646417
5050291
3129452
4974994
3799655
3489277
4818381
7431873
8887575
7380860
9873828
9738746
3050073
6570230
9712819
9877954
3364731
9320546
3488868
325477
6697058
2286097
5995237
1374537
474093
8437548
3700672
6686699
8700148
4098137
7065078
2291620
510057
2210400
2708046
4773342
5216829
5771565
5405605
1990811
7783000
1749788
8530401
2518606
5565464
2927977
8324016
5677696
9411
8864648
6812658
5052493
2037955
5769088
1291841
1533079
2138712
1468373
9008197
6565901
7217806
4586897
3628670
9122648
3908400
75005
5903840
9114770
1178093
6721933
6210769
2225032
8979999
2213664
4518101
9885237
7440309
5000444
2122364
1213347
2761016
9198952
8929803
4108758
2291813
6794070
6139021
5902271
1546138
3311995
5842337
968757
2635052
9255820
351668
7362641
3571194
7315338
7123986
1901086
1020155
8385519
3340207
955663
7978911
4546436
2502017
8147501
5274590
6782596
4558803
2951864
533454
2801175
9724859
2958065
1638799
1252074
4569204
8851811
5067081
1928837
8354395
1076149
7249086
5309946
7083
2074370
902743
5865998
5775673
1810035
9568563
3591958
4011045
5625269
1614442
2594202
5702102
9988139
2800175
6234028
9264268
2025091
1644783
2668696
9593819
407965
5649598
8408634
4237122
9141264
3488986
395284
7635905
6846130
2246787
7380000
5970109
1938463
9989866
8857267
5477405
3707088
1056691
6314
6709180
9491436
6809461
6385026
70490
9466466
3463764
7434658
2222085
1781625
7452357
6659676
2145156
9125919
4525556
8995262
8313738
3433653
5784818
8222537
2133432
9381060
9529328
9969747
7237414
145948
1655494
4739861
8685657
1401692
7748128
5809254
337411
7723662
8782899
3616310
7633937
2851629
9450343
4262052
6406086
6637258
6263388
4511608
501545
5966913
322914
3434767
6193232
1084978
1658724
227499
3308626
2344472
2626612
5729581
8478701
5870544
8795285
7282710
8364240
3223197
9399983
8580454
9599705
7273918
1823833
7497498
5537673
3535157
2349660
1618642
1696217
2564276
3259171
2797312
5749215
6740312
7128789
4206398
8802763
5060154
9585876
5184532
6706623
9342
5775786
1884712
4135326
9826748
1849521
3481505
2557352
5635733
9704033
238708
1179265
5602122
3515875
9728717
571187
4267792
3457318
2541751
1931148
434108
7311665
3999402
4891252
9557423
1552971
9490567
4806835
4350307
1529289
1690320
8735856
7082293
3927626
3926983
9061231
1262488
5774504
7751219
6730700
5464980
8192606
9478610
5317353
1796098
2996359
8066654
8460441
6713955
2545769
1382151
924439
8008021
4087924
6693979
6099372
4143056
5965707
7509701
2306740
5554367
4482702
1856915
1418993
2740627
3158835
4527338
5043084
6970915
4448299
862850
8332575
749895
3185021
6538308
1158720
8226855
3751469
6103564
833049
686534
6093126
9754032
5283675
7113283
2980918
3226404
5009466
5937935
1800957
5951436
1700079
1312586
9473496
7870658
4386284
737528
6360305
5510532
2769818
4649632
9021084
7975990
1678914
7668812
9583774
3263968
7857174
6221214
1197048
7387021
6984743
1459473
8641657
8477456
7687361
4307482
1871582
4760712
6982622
4540665
7585813
5889602
3612107
214730
9542550
7047929
6436421
2255339
369842
2478286
9591220
4283973
6703621
3057430
5041220
1987869
7316285
110149
2339298
7689922
8511420
7030480
3286196
3884849
5815697
2816766
7587749
6327081
7276478
9812919
5450393
6849641
6600235
1022974
7961489
2458803
4806017
696374
3427372
7369414
5118007
4186257
599047
470150
3858658
3718348
6364883
6764173
4910824
6486637
5606821
2071068
5133120
7061980
411669
7556204
2911865
5736864
1079609
1273284
2404073
3764465
9920427
5347891
2479906
5909723
5500021
6459645
287436
1752896
3591534
7010350
2106729
7153333
7611023
4195341
2851132
9190187
9027034
6047042
1728119
5811712
9064822
9097789
2987111
4994533
3249547
2721474
2522110
5237457
9738035
8812357
6000922
7553825
4314358
546309
5002975
6212350
2095402
3682757
9038267
5049933
3021596
4071674
4019409
8512671
4470254
3116955
1764258
8058982
7443184
9549983
8199631
3107215
494074
2429626
579650
4624027
7976788
8776649
1126409
1516902
4354877
2794061
1585114
4483596
2200845
8613226
6932993
9857344
9785213
3028734
4058652
3939271
5746603
9508397
954242
324862
1903374
4601953
8157338
6173445
8746281
744112
2181928
997191
4385983
6820411
1130384
2195524
6121437
560174
4383350
6852655
5159842
8744001
9351438
2145756
9129409
5988112
9674469
636820
35633
1237248
3587120
5105456
2751032
2744456
6140794
3627718
4820219
5366916
92703
7550510
3245310
9256289
6927566
9766705
1422564
5834758
5016297
4652585
9005255
879218
5006905
1545415
8787612
1746715
5171646
1469069
2873869
547420
1040354
7740643
9214381
1052849
5967796
2111850
6986878
3864790
6648213
2091126
7730511
5147851
4534616
1506835
7309369
6228933
6101263
2794036
150375
2354206
3693969
7265935
7019201
7493609
9243147
5932714
1335961
8914041
7737136
5010478
4810309
722239
2665528
652336
4663818
416271
272675
7418955
9916022
4806630
6246620
4634680
7538631
3103449
1177835
1988423
3268707
2463455
2915031
77083
8056641
4025090
6405792
7479311
1902399
1216522
5291485
1797206
3973357
3294212
4369381
2092325
6146483
1671393
2773902
1231136
2648211
595722
1280515
2495753
3875488
275888
5720410
825060
6354308
9446206
4886065
2680832
7790239
6123344
7375117
3962388
164487
6236030
479211
3854186
2513956
9468515
2008782
7470978
8884647
508488
5827514
6388255
8918468
2027590
7395453
7508750
5356936
4162115
4483624
802843
3552640
5367563
1693230
1612080
3262996
3628905
7736765
9651027
3974805
5804587
345640
9355748
8309846
1942050
2656847
4439657
6867246
9703803
4772185
3769421
9546707
2318194
6528095
1133907
7706594
8417968
5207564
8807110
678828
3797895
2393790
8977641
6354154
5828005
6906162
4171492
10015
9259687
524262
48270
1047259
6902456
2151568
2512078
1415679
1033277
1202422
6293105
6486989
1638833
9052073
7652893
4970869
1299085
5293324
1238389
3017437
9111578
8004271
6621101
9940293
8862070
3987015
4928143
3938119
4454862
8806703
4400366
5258961
5953837
1488988
8622617
1190491
8091352
7190553
7506752
4213675
7378966
5277907
5082571
2525026
5057764
3515411
3953041
6866564
5205118
9033910
7626189
4384212
3558006
2909274
2726587
8124696
6436659
2744879
3101889
9808091
4802404
4093818
2563985
9783365
572671
2409511
5676319
2276384
9326843
3157880
6887639
5068790
8972937
7761423
8630894
5750084
7782811
6715460
4635593
3414899
3285828
5232467
8476048
5945639
6442082
2912896
8763341
3654402
3884606
1647150
9684532
5066640
8654573
8683022
6247523
7937473
8204409
1984732
4685944
1364474
8531100
9345741
4551760
7374118
2265554
1065208
6775924
3631861
9700493
8780090
8505010
271081
6182089
4008184
9351846
3681495
4491937
2897023
8198204
5983870
4295755
1602327
9601335
6531907
1446400
1171087
734995
4092546
4280951
4069884
839525
8402566
9802787
7664650
8712210
3695073
8259435
4966311
3675583
922193
9598564
9154200
7554462
2945339
1912674
8934028
2432314
2550966
6305678
3830700
8552671
1417517
6191026
5382388
9558088
3597637
5061025
6597289
4632079
2868830
9822013
5380247
5556644
4310522
4379177
7024403
9982954
8226070
2421529
4824024
2358556
9217476
1050455
3882514
5130897
7461474
4975094
6188112
630515
6210154
957318
5304507
6442956
749283
2788702
1156088
586148
2030042
2441591
7211307
9329801
8350715
5300023
7618710
4744488
5710741
7694820
3683642
7960475
923604
4420158
6215605
2098510
6934390
8005201
2640223
2909622
7769662
3615386
523354
9689555
1584541
1275093
5409868
120436
4123682
9487274
7435161
3796990
4026799
4586802
7458032
7311203
2644003
5221745
6742575
599097
34802
6566555
3986075
5981260
41269
5016753
3260811
5937357
6330459
4225017
8722883
8327943
8725986
6255861
631199
619458
9408626
356617
4828354
6854834
3817215
4835093
4005007
29319
992218
3980478
3259657
7114507
7155706
78213
847854
9077576
3963012
1829245
7751715
7836021
9681365
6243639
2852485
3413167
8607060
8438728
7888579
4456869
9890330
4033709
9348225
2803599
565062
8540793
625294
5207552
7003889
9738494
2396017
1950047
4092850
2908137
8742389
6903327
5788762
9363602
2591427
781559
5198544
5265489
8255288
9430871
8593773
3102690
1979637
2955224
7797632
7042973
1293641
7946170
8594108
9158682
5602408
9842125
4590069
5197394
2527383
6617550
705151
1932396
9454560
7841962
4294903
4118383
3508585
7457133
5197180
644146
8117434
5067310
5492440
7736382
9719461
5844339
2822687
4166304
6482021
1385970
5041906
4628111
7640616
9104007
4184237
756301
1585706
7895675
7648845
6360265
1799784
8545100
3439285
9467077
1444670
4621624
3196943
545401
6865160
2410526
3815877
1368627
803675
6530965
8607239
2167082
5626281
5172119
2370442
1766073
8264413
4933577
8817422
2020391
2786913
4789739
5458
6301895
3212087
5965785
1732830
8907503
3141912
6298574
4644568
7722957
5948691
8748150
3363389
4125426
3988236
8486965
834821
132967
1459707
7785288
4552444
3349819
6597519
2303648
2727353
866215
9743423
3512565
1485881
1457958
5213432
2305094
1447087
7073893
3780128
8212574
2827230
1702466
8148091
3413733
6465426
3863698
4612258
6402691
8302843
4440897
690847
2644155
6447048
1166523
1078645
4995126
9675925
7485656
7760755
5105297
7620001
506147
165460
4342980
5129561
1615010
444238
3115790
6591487
5824667
7088140
1087254
3646340
9038939
2229359
8806287
1284658
6746564
8181966
362226
6765176
3731658
7126737
2215951
737692
3357435
5085853
9236088
5565389
2189629
5698059
614301
1789349
924451
9754530
2348721
5642740
7487914
4817502
8711953
8436454
9380272
978771
3935538
7431039
8076336
5640448
2863335
8755710
8282444
2104808
9736114
4752192
7382569
1297023
6565502
4803173
5008954
1928645
6969170
9049164
5902926
4642214
7157476
1411686
225205
8156929
4990676
9568885
8200000
1983832
828885
2312420
4820632
9623412
6290505
799833
299678
5832253
4638006
9725801
3761328
5953700
5894725
7271254
7078869
9864438
3430750
2398095
5381764
2247469
4166146
7599081
8620141
5191852
4072814
5675856
2208639
1685033
3115890
8770542
7968682
3588830
6485864
9694115
5114795
3284462
5766563
4010250
8609304
1249263
3217827
259649
7372596
2892416
7239001
3407927
2318827
793854
8018738
4702944
4451047
6333171
2509791
4407411
3056156
6267220
4701543
1797141
2641885
5529093
8626797
8586612
1924863
5809158
9500175
7251329
6126581
4038349
703045
7053758
8177186
2218443
3637623
7046345
6681247
3175677
1184250
259927
9356707
6706382
385162
5560741
7035925
6490468
1135942
6838324
8753521
4064652
8063818
9261165
610846
9804991
2777469
1535582
4571607
8972166
1310612
994601
9687678
9767287
6214563
7175417
7457731
3294828
732144
570414
7202480
6275830
7712314
639013
5078736
7620354
6628438
5056217
5922741
108569
3961657
9624630
1249227
8026676
7849889
6622839
543585
4695038
772290
2217685
3751857
8291395
7034707
5203679
2091526
8098988
395984
8806179
66242
4018189
6402880
2177308
1337443
4120692
8638937
5634990
6880538
3726440
9644644
3782537
8114605
659492
9417705
5340696
9365825
2687446
1329309
7462499
5406417
2802857
6305913
3307972
168057
5138643
7594472
4592992
8945604
2817321
7711963
6181834
3927818
5113817
7144734
8310158
9190445
8496598
6833025
7227338
1861702
9263339
7846463
4945933
4848940
4999424
2998867
9486410
964349
2513699
2306741
5068666
3536408
3324773
3847388
