coretemp-isa-0000
Adapter: ISA adapter
Package id 0:  +66.0°C  (high = +100.0°C, crit = +100.0°C)
Core 0:        +61.0°C  (high = +100.0°C, crit = +100.0°C)
Core 1:        +60.0°C  (high = +100.0°C, crit = +100.0°C)
Core 2:        +58.0°C  (high = +100.0°C, crit = +100.0°C)
Core 3:        +66.0°C  (high = +100.0°C, crit = +100.0°C)

pch_cannonlake-virtual-0
Adapter: Virtual device
temp1:        +53.0°C  

BAT0-acpi-0
Adapter: ACPI interface
in0:          12.81 V  
curr1:       1000.00 uA 

dell_smm-virtual-0
Adapter: Virtual device
fan1:        3171 RPM

radeon-pci-0100
Adapter: PCI adapter
temp1:            N/A  (crit = +120.0°C, hyst = +90.0°C)

acpitz-acpi-0
Adapter: ACPI interface
temp1:        +25.0°C  (crit = +107.0°C)

%MEM   RSS  SIZE    VSZ
 0.0  2176   424   8636
 0.0  2176   424   8636
 0.0  2176   424   8636
 0.0  2176   424   8636
 0.0  2176   424   8636
 0.0  2176   424   8636
 0.0  2176   424   8636
 0.0  2176   424   8636
 0.0  2176   424   8636
 0.0  2176   424   8636
 0.0  2176   424   8636
 0.0  2176   424   8636
 0.0  2176   424   8636
 0.0  2176   424   8636
 0.0  2176   424   8636
 0.0  2176   424   8636
 0.0  2176   424   8636
 0.0  2176   424   8636
 0.0  2176   424   8636
 0.0  2176   424   8636
 0.0  2176   424   8636
 0.0  2176   424   8636
 0.0  2176   424   8636
 0.0  2176   424   8636
 0.0  2176   424   8636
 0.0  2176   424   8636
 0.0  2176   424   8636
 0.0  2176   424   8636
 0.0  2176   424   8636
 0.0  2176   424   8636
 0.0  2176   424   8636
 0.0  2176   424   8636
 0.0  2176   424   8636
 0.0  3888   752   8964
 0.0  4900   884   9096
 0.0  4900  9076  17292
 0.0  6032  9188  17404
 0.0  6292 50808 320660
 0.1  8140 52788 322640
 0.1  9988 54768 324620
 0.1 12160 56748 326600
 0.1 14008 58596 328448
 0.2 16120 60576 330428
 0.2 17968 62556 332408
 0.2 19816 64536 334388
 0.2 21928 66516 336368
 0.2 23776 68496 338348
 0.3 25888 70476 340328
 0.3 27736 72456 342308
 0.3 29848 74304 344156
 0.3 31696 76416 346268
 0.4 33808 78396 348248
 0.4 35656 80376 350228
 0.4 37768 82356 352208
 0.4 39616 84336 354188
 0.5 41728 86316 356168
 0.5 43576 88164 358016
 0.5 45688 90144 359996
 0.5 47536 92124 361976
 0.6 49384 94104 363956
 0.6 51496 96084 365936
 0.6 53344 97932 367784
 0.6 55192 99912 369764
 0.7 57304 101892 371744
 0.7 59416 103872 373724
 0.7 61264 105984 375836
 0.7 63376 107964 377816
 0.8 65488 109944 379796
 0.8 67336 111924 381776
 0.8 69184 113904 383756
 0.8 71296 115884 385736
 0.9 73144 117864 387716
 0.9 75256 119844 389696
 0.9 77104 121824 391676
 0.9 79216 123672 393524
 1.0 81064 125784 395636
 1.0 83176 127764 397616
 1.0 85024 129744 399596
 1.0 87136 131724 401576
 1.1 88984 133572 403424
 1.1 91096 135552 405404
 1.1 92944 137532 407384
 1.1 94792 139512 409364
 1.2 96904 141492 411344
 1.2 98752 143472 413324
 1.2 100864 145452 415304
 1.2 102712 147300 417152
 1.3 104560 149280 419132
 1.3 106672 151260 421112
 1.3 108520 153240 423092
 1.3 110628 155220 424280
 1.3 111420 156128 424280
 1.4 112740 157212 424280
 1.4 113532 158116 424280
 1.4 114324 159008 424280
 1.4 115380 160016 424280
 1.4 116436 160960 424280
 1.4 117492 162072 424280
 1.4 118284 162936 424280
 1.4 119340 163880 424280
 1.5 120132 164804 424280
 1.5 121188 165908 424280
 1.5 121452 166024 424280
 1.5 121452 166024 424280
 1.5 121452 166024 424280
 1.5 121452 166024 424280
 1.5 121452 166024 424280
 1.5 121452 166024 424280
 1.5 121452 166024 424280
 1.5 121452 166024 424280
 1.5 121452 166024 424280
 1.5 121452 166024 424280
 1.5 121452 166024 424280
 1.5 121452 166024 424280
 1.5 121452 166024 424280
 1.5 121452 166024 424280
 1.5 121452 166024 424280
 1.5 121452 166024 424280
 1.5 121452 166024 424280
 1.5 121452 166024 424280
 1.5 121452 166024 424280
 1.5 121452 166024 424280
 1.5 121452 166024 424280
 1.5 121452 166024 424280
 1.5 121452 166024 424280
 1.5 121452 166024 424280
 1.5 121452 166024 424280
 1.5 121452 166024 424280
 1.5 121452 166024 424280
 1.5 121452 166024 424280
 1.5 122772 167344 425600
 1.5 124620 169324 427580
 1.5 126732 171172 429428
 1.6 128580 173284 431540
 1.6 130692 175264 433520
 1.6 132800 177376 434840
 1.6 133856 178328 434840
 1.6 134648 179280 434840
 1.6 135704 180172 434840
 1.7 136232 180876 434840
 1.7 137024 181624 434840
 1.7 137816 182416 434840
 1.7 138608 183276 434840
 1.7 139400 183992 434840
 1.7 139928 184400 434840
 1.7 140720 185196 434840
 1.7 141512 186132 434840
 1.7 142568 187084 434840
 1.7 143360 187808 434840
 1.8 144152 188708 434840
 1.8 144944 189616 434840
 1.8 145736 190424 434840
 1.8 146264 190740 434840
 1.8 146264 190740 434840
 1.8 146264 190740 434840
 1.8 146264 190740 434840
 1.8 146264 190740 434840
 1.8 146264 190740 434840
 1.8 146264 190740 434840
 1.8 146264 190740 434840
 1.8 146264 190740 434840
 1.8 146264 190740 434840
 1.8 146264 190740 434840
 1.8 146264 190740 434840
 1.8 146264 190740 434840
 1.8 146264 190740 434840
 1.8 146264 190740 434840
 1.8 146264 190740 434840
 1.8 146264 190740 434840
 1.8 146264 190740 434840
 1.8 146264 190740 434840
 1.8 146264 190740 434840
 1.8 146264 190740 434840
 1.8 146264 190740 434840
 1.8 146264 190740 434840
 1.8 146264 190740 434840
 1.8 146264 190740 434840
 1.8 146264 190740 434840
 1.8 146264 190740 434840
 1.8 146792 191168 434840
 1.8 147320 191864 434840
 1.8 148112 192576 434840
 1.8 148904 193380 434840
 1.8 149696 194148 434840
 1.8 150488 194996 434840
 1.8 151280 195844 434840
 1.9 152072 196568 434840
 1.9 152864 197236 434840
 1.9 153128 197652 434840
 1.9 153920 198376 434840
 1.9 154976 199456 434840
 1.9 155768 200248 434840
 1.9 156296 200712 434840
 1.9 156824 201380 434840
 1.9 157616 202120 434840
 1.9 158144 202620 434840
 1.9 158144 202620 434840
 1.9 158144 202620 434840
 1.9 158144 202620 434840
 1.9 158144 202620 434840
 1.9 158144 202620 434840
 1.9 158144 202620 434840
 1.9 158144 202620 434840
 1.9 158144 202620 434840
 1.9 158144 202620 434840
 1.9 158144 202620 434840
 1.9 158144 202620 434840
 1.9 158144 202620 434840
 1.9 158144 202620 434840
 1.9 158144 202620 434840
 1.9 158144 202620 434840
 1.9 158144 202620 434840
 1.9 158144 202620 434840
 1.9 158144 202620 434840
 1.9 158144 202620 434840
 1.9 158144 202620 434840
 1.9 158144 202620 434840
 1.9 158144 202620 434840
 1.9 158144 202620 434840
 1.9 158144 202620 434840
 1.9 158144 202620 434840
 1.9 158144 202620 434840
 1.9 158144 202620 434840
 1.9 158144 202620 434840
 1.9 158144 202620 434840
 1.9 158144 202620 434840
 1.9 158144 202620 434840
 1.9 158144 202620 434840
 1.9 158144 202620 434840
 1.9 158936 203540 434840
 1.9 159728 204324 434840
 2.0 160520 205004 434840
 2.0 161312 205788 434840
 2.0 162104 206564 434840
 2.0 162368 206996 434840
 2.0 162896 207528 434840
 2.0 163688 208160 434840
 2.0 164216 208916 434840
 2.0 165008 209552 434840
 2.0 165536 210028 434840
 2.0 166328 210856 434840
 2.0 166856 211340 434840
 2.0 167648 212124 434840
 2.1 168440 212928 434840
 2.1 169232 213820 434840
 2.1 170024 214612 434840
 2.1 170816 215500 434840
 2.1 171872 216408 434840
 2.1 172400 216884 434840
 2.1 172400 216884 434840
 2.1 172400 216884 434840
 2.1 172400 216884 434840
 2.1 172400 216884 434840
 2.1 172400 216884 434840
 2.1 172400 216884 434840
 2.1 172400 216884 434840
 2.1 172400 216884 434840
 2.1 172400 216884 434840
 2.1 172400 216884 434840
 2.1 172400 216884 434840
 2.1 172400 216884 434840
 2.1 172400 216884 434840
 2.1 172400 216884 434840
 2.1 172400 216884 434840
 2.1 172400 216884 434840
 2.1 172400 216884 434840
 2.1 172400 216884 434840
 2.1 172400 216884 434840
 2.1 172400 216884 434840
 2.1 172400 216884 434840
 2.1 172400 216884 434840
 2.1 172400 217016 434840
 2.1 173456 217888 434840
 2.1 174248 218688 434840
 2.1 174776 219320 434840
 2.1 175568 220056 434840
 2.2 176360 220848 434840
 2.2 176888 221276 434840
 2.2 177416 221824 434840
 2.2 177944 222432 434840
 2.2 178472 223032 434840
 2.2 179000 223608 434840
 2.2 179792 224172 434840
 2.2 180584 224980 434840
 2.2 181112 225600 434840
 2.2 181904 226380 434840
 2.2 181904 226380 434840
 2.2 181904 226380 434840
 2.2 181904 226380 434840
 2.2 181904 226380 434840
 2.2 181904 226380 434840
 2.2 181904 226380 434840
 2.2 181904 226380 434840
 2.2 181904 226380 434840
 2.2 181904 226380 434840
 2.2 181904 226380 434840
 2.2 181904 226380 434840
 2.2 181904 226380 434840
 2.2 181904 226380 434840
 2.2 181904 226380 434840
 2.2 181904 226380 434840
 2.2 181904 226380 434840
 2.2 181904 226380 434840
 2.2 181904 226380 434840
 2.2 181904 226380 434840
 2.2 181904 226380 434840
 2.2 181904 226380 434840
 2.2 181904 226380 434840
 2.2 181904 226380 434840
 2.2 181904 226380 434840
 2.2 181904 226380 434840
 2.2 181904 226380 434840
 2.2 181904 226380 434840
 2.2 181904 226380 434840
 2.2 181904 226380 434840
 2.2 181904 226380 434840
 2.2 181904 226380 434840
 2.2 181904 226380 434840
 2.2 181904 226380 434840
 2.2 183224 227700 436160
 2.3 185072 229548 438008
 2.3 187184 231668 440128
 2.3 189032 233648 442108
 2.3 191144 235628 444088
 2.4 193784 238120 446340
 2.4 195104 239616 447000
 2.4 195632 240308 447000
 2.4 196424 240952 447000
 2.4 197216 241692 447000
 2.4 197480 242168 447000
 2.4 198008 242540 447000
 2.4 198800 243280 447000
 2.4 199064 243696 447000
 2.4 199856 244340 447000
 2.5 200384 244908 447000
 2.5 200912 245624 447000
 2.5 201440 245960 447000
 2.5 202232 246720 447000
 2.5 202496 247132 447000
 2.5 203288 247816 447000
 2.5 204080 248672 447000
 2.5 204608 249160 447000
 2.5 205136 249612 447000
 2.5 205400 250016 447000
 2.5 205928 250640 447000
 2.5 206720 251228 447000
 2.5 206984 251648 447000
 2.5 207512 252144 447000
 2.6 208304 253012 447000
 2.6 209360 253876 447000
 2.6 210152 254812 447000
 2.6 210680 255380 447000
 2.6 211736 256252 447000
 2.6 212264 256724 447000
 2.6 212264 256724 447000
 2.6 212264 256724 447000
 2.6 212264 256724 447000
 2.6 212264 256856 447132
 2.6 212264 256856 447132
 2.6 212264 256856 447132
 2.6 212264 256856 447132
 2.6 212264 256856 447132
 2.6 212264 256856 447132
 2.6 212476 256832 447108
 2.6 212476 256832 447108
 2.6 212476 256832 447108
 2.6 212476 256832 447108
 2.6 212476 256832 447108
 2.6 212476 256832 447108
 2.6 212476 256832 447108
 2.6 212476 256832 447108
 2.6 212476 256832 447108
 2.6 212476 256832 447108
 2.6 212476 256832 447108
 2.6 212476 256832 447108
 2.6 212476 256832 447108
 2.6 212476 256832 447108
 2.6 212476 256832 447108
 2.6 212476 256832 447108
 2.6 212476 256832 447108
 2.6 212476 256832 447108
 2.6 212476 256832 447108
 2.6 212476 256832 447108
 2.6 212476 256832 447108
 2.6 212476 256832 447108
 2.6 212476 256832 447108
 2.6 212476 256832 447108
 2.6 212476 256832 447108
 2.6 212476 256832 447108
 2.6 212476 256832 447108
 2.6 212476 256832 447108
 2.6 212476 256832 447108
 2.6 212476 256832 447108
 2.6 212476 256832 447108
 2.6 212736 257228 447504
 2.6 214584 259076 449352
 2.7 216432 261056 451332
 2.7 218544 262904 453180
 2.7 220392 264884 455160
 2.7 222240 266864 457140
 2.8 224352 268712 458988
 2.8 226200 270692 460968
 2.8 228312 272672 462948
 2.8 230160 274652 464928
 2.9 232008 276632 466908
 2.9 234120 278480 468756
 2.9 235968 280460 470736
 2.9 237816 282308 472584
 3.0 239928 284420 474696
 3.0 241776 286400 476676
 3.0 243888 288252 478528
 3.0 245736 290232 480508
 3.0 247584 292212 482488
 3.1 249696 294068 484344
 3.1 251544 296048 486324
 3.1 253656 298036 488312
 3.1 255504 300016 490292
 3.2 257616 301996 492272
 3.2 259464 303852 494128
 3.2 261312 305832 496108
 3.2 263160 307688 497964
 3.3 265272 309668 499944
 3.3 267384 311780 502056
 3.3 269232 313636 503912
 3.3 271080 315616 505892
 3.4 273192 317604 507880
 3.4 275040 319584 509860
 3.4 276888 321432 511708
 3.4 277944 322364 512640
 3.4 277944 322364 512640
 3.4 277944 322368 512640
 3.4 277944 322416 512640
 3.4 277944 322416 512640
 3.4 277944 322444 512640
 3.4 277944 322444 512640
 3.4 278468 322888 512640
 3.5 280840 325168 512640
 3.5 281632 326044 512640
 3.5 281632 326044 512640
 3.5 282424 326800 512640
 3.5 284536 329008 512640
 3.5 287176 331516 512640
 3.6 289024 333384 512640
 3.6 290344 334752 512640
 3.6 290608 335096 512640
 3.6 292456 336900 512640
 3.6 293776 338228 512640
 3.6 294568 339016 512640
 3.6 295624 339816 512640
 3.7 295888 340164 512640
 3.7 296416 340740 512640
 3.7 296944 341272 512640
 3.7 296944 341272 512640
 3.7 296944 341272 512640
 3.7 296944 341272 512640
 3.7 296944 341272 512640
 3.7 296944 341272 512640
 3.7 296944 341272 512640
 3.7 296944 341272 512640
 3.7 296944 341272 512640
 3.7 296944 341272 512640
 3.7 296944 341272 512640
 3.7 296944 341272 512640
 3.7 296944 341272 512640
 3.7 296944 341272 512640
 3.7 296944 341272 512640
 3.7 296944 341272 512640
 3.7 296944 341272 512640
 3.7 296944 341272 512640
 3.7 296944 341272 512640
 3.7 296944 341272 512640
 3.7 296944 341272 512640
 3.7 296944 341272 512640
 3.7 296944 341272 512640
 3.7 296944 341272 512640
 3.7 296944 341272 512640
 3.7 296944 341272 512640
 3.7 296944 341272 512640
 3.7 296944 341272 512640
 3.7 296944 341272 512640
 3.7 296944 341272 512640
 3.7 296944 341272 512640
 3.7 296944 341272 512640
 3.7 296944 341272 512640
 3.7 296944 341272 512640
 3.7 296944 341272 512640
 3.7 296944 341272 512640
 3.7 296944 341272 512640
 3.7 296944 341272 512640
 3.7 296944 341272 512640
 3.7 296944 341272 512640
 3.7 296944 341272 512640
 3.7 296944 341272 512640
 3.7 296944 341272 512640
 3.7 296944 341272 512640
 3.7 296944 341272 512640
 3.7 296944 341272 512640
 3.7 296944 341272 512640
 3.7 296944 341272 512640
 3.7 296944 341272 512640
 3.7 296944 341272 512640
 3.7 296944 341272 512640
 3.7 296944 341272 512640
 3.7 296944 341272 512640
 3.7 296944 341272 512640
 3.7 296944 341272 512640
 3.7 296944 341272 512640
 3.7 296944 341272 512640
 3.7 296944 341272 512640
 3.7 296944 341272 512640
 3.7 296944 341272 512640
 3.7 296944 341272 512640
 3.7 296944 341272 512640
 3.7 296944 341272 512640
 3.7 296944 341272 512640
 3.7 296944 341272 512640
 3.7 296944 341272 512640
 3.7 296944 341272 512640
 3.7 296944 341272 512640
 3.7 296944 341272 512640
 3.7 296944 341272 512640
 3.7 296944 341272 512640
 3.7 296944 341276 512640
 3.7 296944 341296 512640
 3.7 296944 341308 512640
 3.7 296944 341344 512640
 3.7 296944 341380 512640
 3.7 296944 341384 512640
 3.7 297472 342172 512640
 3.7 298792 343376 512640
 3.7 301168 345784 512640
 3.7 303808 348212 512640
 3.7 303808 348212 512640
 3.7 303808 348212 512640
 3.8 304600 349116 512640
 3.8 306712 351364 512640
 3.8 308560 353212 512640
 3.8 309880 354352 512640
 3.8 310936 355312 512640
 3.8 310936 355312 512640
 3.8 311200 355668 512640
 3.9 313576 358188 512640
 3.9 315688 360248 512640
 3.9 317008 361336 512640
 3.9 317008 361496 512640
 3.9 317008 361588 512640
 3.9 317272 361844 512640
 3.9 317272 361844 512640
 3.9 317272 361844 512640
 3.9 317272 361844 512640
 3.9 317272 361844 512640
 3.9 317272 361844 512640
 3.9 317272 361844 512640
 3.9 317272 361844 512640
 3.9 317272 361844 512640
 3.9 317400 361844 512640
 3.9 317400 361844 512640
 3.9 317400 361844 512640
 3.9 317400 361844 512640
 3.9 317400 361844 512640
 3.9 317400 361844 512640
 3.9 317400 361844 512640
 3.9 315216 345460 496248
 3.9 313524 345460 496248
 3.9 313524 345460 496248
 3.9 313524 345460 496248
 3.7 300300 332224 483012
 0.0     0     0      0
