coretemp-isa-0000
Adapter: ISA adapter
Package id 0:  +67.0°C  (high = +100.0°C, crit = +100.0°C)
Core 0:        +67.0°C  (high = +100.0°C, crit = +100.0°C)
Core 1:        +61.0°C  (high = +100.0°C, crit = +100.0°C)
Core 2:        +65.0°C  (high = +100.0°C, crit = +100.0°C)
Core 3:        +62.0°C  (high = +100.0°C, crit = +100.0°C)

pch_cannonlake-virtual-0
Adapter: Virtual device
temp1:        +53.0°C  

BAT0-acpi-0
Adapter: ACPI interface
in0:          12.61 V  
curr1:       1000.00 uA 

dell_smm-virtual-0
Adapter: Virtual device
fan1:        3169 RPM

radeon-pci-0100
Adapter: PCI adapter
temp1:            N/A  (crit = +120.0°C, hyst = +90.0°C)

acpitz-acpi-0
Adapter: ACPI interface
temp1:        +25.0°C  (crit = +107.0°C)

%CPU %MEM     ELAPSED
 0.8 70708 102792 113792
 1.0 82996 102792 113792
 1.0 82996 102792 113792
 1.0 85044 102792 113792
 1.0 85044 102792 113792
 1.0 85044 102792 113792
 1.0 85044 102792 113792
 1.0 87092 102792 113792
 1.1 89140 102792 113792
 1.1 89140 102792 113792
 1.1 89140 102792 113792
 1.1 89140 102792 113792
 1.1 89140 102792 113792
 1.1 89140 102792 113792
 1.1 89140 102792 113792
 1.1 89140 102792 113792
 1.1 89140 102792 113792
 1.1 89140 102792 113792
 1.1 91368 102792 113792
 1.1 91368 102792 113792
 1.1 91368 102792 113792
 1.1 91368 102792 113792
 1.1 93416 102792 113792
 1.1 93416 102792 113792
 1.1 93416 102792 113792
 1.1 93416 102792 113792
 1.1 93416 102792 113792
 1.1 93416 102792 113792
 1.1 93416 102792 113792
 1.1 93416 102792 113792
 1.1 93416 102792 113792
 1.1 93416 102792 113792
 1.1 93416 102792 113792
 1.1 93416 102792 113792
 1.1 93416 102792 113792
 1.1 93416 102792 113792
 1.1 93416 102792 113792
 1.1 93416 102792 113792
 1.1 93416 102792 113792
 1.1 93416 102792 113792
 1.1 95464 102792 113792
 1.1 95464 102792 113792
 1.2 97512 102792 113792
 1.2 97512 102792 113792
 1.2 97512 102792 113792
 1.2 97512 102792 113792
 1.2 97512 102792 113792
 1.2 101608 102792 113792
 1.2 101608 102792 113792
 1.2 101608 102792 113792
 1.2 101608 102792 113792
 1.2 101608 102792 113792
 1.2 101608 102792 113792
 1.2 101608 102792 113792
 1.2 101608 102792 113792
 1.2 101608 102792 113792
 1.2 101608 102792 113792
 1.2 103656 102792 113792
 1.3 105704 102792 113792
 1.3 105704 102792 113792
 1.3 105704 102792 113792
 1.3 105704 102792 113792
 1.3 105704 102792 113792
 1.3 105704 102792 113792
 1.3 105704 102792 113792
 1.3 105704 102792 113792
 1.3 105704 102792 113792
 1.3 105704 102792 113792
 1.3 105704 102792 113792
 1.3 105704 102792 113792
 1.3 105704 102792 113792
 1.3 105704 102792 113792
 1.3 105704 102792 113792
 1.3 105704 102792 113792
 1.3 105704 102792 113792
 1.3 105704 102792 113792
 1.3 105704 102792 113792
 1.3 105704 102792 113792
 1.3 105704 102792 113792
 1.3 105704 102792 113792
 1.3 105704 102792 113792
 1.3 105704 102792 113792
 1.3 105704 102792 113792
 1.3 105704 102792 113792
 1.3 105704 102792 113792
 1.3 105704 102792 113792
 1.3 105704 102792 113792
 1.3 105704 102792 113792
 1.3 105704 102792 113792
 1.3 105704 102792 113792
 1.3 105704 102792 113792
 1.3 105704 102792 113792
 1.3 105704 102792 113792
 1.3 105704 102792 113792
 1.3 105704 102792 113792
 1.3 105704 102792 113792
 1.3 105704 102792 113792
 1.3 105704 102792 113792
 1.3 105704 102792 113792
 1.3 105704 102792 113792
 1.3 105704 102792 113792
 1.3 105704 102792 113792
 1.3 105704 102792 113792
 1.3 105704 102792 113792
 1.3 105704 102792 113792
 1.3 105704 102792 113792
 1.3 105704 102792 113792
 1.3 105704 102792 113792
 1.3 105704 102792 113792
 1.3 105704 102792 113792
 1.3 105704 102792 113792
 1.3 105704 102792 113792
 1.3 105704 102792 113792
 1.3 105704 102792 113792
 1.3 105704 102792 113792
 1.3 105704 102792 113792
 1.3 105704 102792 113792
 1.3 105704 102792 113792
 1.3 105704 102792 113792
 1.3 105704 102792 113792
 1.3 105704 102792 113792
 1.3 105704 102792 113792
 1.3 105704 102792 113792
 1.3 105704 102792 113792
 1.3 105704 102792 113792
 1.3 105704 102792 113792
 1.3 105704 102792 113792
 1.3 105704 102792 113792
 1.3 105704 102792 113792
 1.3 105704 102792 113792
 1.3 105704 102792 113792
 1.3 105704 102792 113792
 1.3 105704 102792 113792
 1.3 105704 102792 113792
 1.3 105704 102792 113792
 1.3 105704 102792 113792
 1.3 105704 102792 113792
 1.3 105704 102792 113792
 1.3 105704 102792 113792
 1.3 105704 102792 113792
 1.3 105704 102792 113792
 1.3 105704 102792 113792
 1.3 105704 102792 113792
 1.3 105704 102792 113792
 1.3 105704 102792 113792
 1.3 105704 102792 113792
 1.3 105704 102792 113792
 1.3 105704 102792 113792
 1.3 105704 102792 113792
 1.3 105704 102792 113792
 1.3 105704 102792 113792
 1.3 105704 102792 113792
 1.3 105704 102792 113792
 1.3 105704 102792 113792
 1.3 105704 102792 113792
 1.3 105704 102792 113792
 1.3 105704 102792 113792
 1.3 105704 102792 113792
 1.3 105704 102792 113792
 1.3 105704 102792 113792
 1.3 105704 102792 113792
 1.3 105704 102792 113792
 1.3 105704 102792 113792
 1.3 105704 102792 113792
 1.3 105704 102792 113792
 1.3 105704 102792 113792
 1.3 105704 102792 113792
 1.3 105704 102792 113792
 1.3 105704 102792 113792
 1.3 105704 102792 113792
 1.3 105704 102792 113792
 1.3 105704 102792 113792
 1.3 105704 102792 113792
 1.3 105704 102792 113792
 1.3 105704 102792 113792
 1.3 105704 102792 113792
 1.3 105704 102792 113792
 1.3 105704 102792 113792
 1.3 105704 102792 113792
 1.3 105704 102792 113792
 1.3 105704 102792 113792
 1.3 105704 102792 113792
 1.3 105704 102792 113792
 1.3 105704 102792 113792
 1.3 105704 102792 113792
 1.3 105704 102792 113792
 1.3 105704 102792 113792
 1.3 105704 102792 113792
 1.3 105704 102792 113792
 1.3 105704 102792 113792
 1.3 105704 102792 113792
 1.3 105704 102792 113792
 1.3 105704 102792 113792
 1.3 105704 102792 113792
 1.3 105704 102792 113792
 1.3 105704 102792 113792
 1.3 105704 102792 113792
 1.3 105704 102792 113792
 1.3 105704 102792 113792
 1.3 105704 102792 113792
 1.3 105704 102792 113792
 1.3 105704 102792 113792
 1.3 105704 102792 113792
 1.3 105704 102792 113792
 1.3 105704 102792 113792
 1.3 105704 102792 113792
 1.3 105704 102792 113792
 1.3 105704 102792 113792
 1.3 105704 102792 113792
 1.3 105704 102792 113792
 1.3 105704 102792 113792
 1.3 105704 102792 113792
 1.3 105704 102792 113792
 1.3 105704 102792 113792
 1.3 105704 102792 113792
 1.3 105704 102792 113792
 1.3 105704 102792 113792
 1.3 105704 102792 113792
 1.3 105704 102792 113792
 1.3 105704 102792 113792
 1.3 105704 102792 113792
 1.3 105704 102792 113792
 1.3 105704 102792 113792
 1.3 105704 102792 113792
 1.3 105704 102792 113792
 1.3 105704 102792 113792
 1.3 105704 102792 113792
 1.3 105704 102792 113792
 1.3 105704 102792 113792
 1.3 105704 102792 113792
 1.3 105704 102792 113792
 1.3 105704 102792 113792
 1.3 105704 102792 113792
 1.3 105704 102792 113792
 1.3 105704 102792 113792
 1.3 105704 102792 113792
 1.3 105704 102792 113792
 1.3 105704 102792 113792
 1.3 105704 102792 113792
 1.3 105704 102792 113792
 1.3 105704 102792 113792
 1.3 105704 102792 113792
 1.3 105704 102792 113792
 1.3 105704 102792 113792
 1.3 105704 102792 113792
 1.3 105704 102792 113792
 1.3 105704 102792 113792
 1.3 105704 102792 113792
 1.3 105704 102792 113792
 1.3 105704 102792 113792
 1.3 105704 102792 113792
 1.3 105704 102792 113792
 1.3 105704 102792 113792
 1.3 105704 102792 113792
 1.3 105704 102792 113792
 1.3 105704 102792 113792
 1.3 105704 102792 113792
 1.3 105704 102792 113792
 1.3 105704 102792 113792
 1.3 105704 102792 113792
 1.3 105704 102792 113792
 1.3 105704 102792 113792
 1.3 105704 102792 113792
 1.3 105704 102792 113792
 1.3 105704 102792 113792
 1.3 105704 102792 113792
 1.3 105704 102792 113792
 1.3 105704 102792 113792
 1.3 105704 102792 113792
 1.3 105704 102792 113792
 1.3 105704 102792 113792
 1.3 105704 102792 113792
 1.3 105704 102792 113792
 1.3 105704 102792 113792
 1.3 105704 102792 113792
 1.3 105704 102792 113792
 1.3 105704 102792 113792
 1.3 105704 102792 113792
 1.3 105704 102792 113792
 1.3 105704 102792 113792
 1.3 105704 102792 113792
 1.3 105704 102792 113792
 1.3 105704 102792 113792
 1.3 105704 102792 113792
 1.3 105704 102792 113792
 1.3 105704 102792 113792
 1.3 105704 102792 113792
 1.3 105704 102792 113792
 1.3 105704 102792 113792
 1.3 105704 102792 113792
 1.3 105704 102792 113792
 1.3 105704 102792 113792
 1.3 105704 102792 113792
 1.3 105704 102792 113792
 1.3 105704 102792 113792
 1.3 105704 102792 113792
 1.3 105704 102792 113792
 1.3 105704 102792 113792
 1.3 105704 102792 113792
 1.3 105704 102792 113792
 1.3 105704 102792 113792
 1.3 105704 102792 113792
 1.3 105704 102792 113792
 1.3 105704 102792 113792
 1.3 105704 102792 113792
 1.3 105704 102792 113792
 1.3 105704 102792 113792
 1.3 105704 102792 113792
 1.3 105704 102792 113792
 1.3 105704 102792 113792
 1.3 105704 102792 113792
 1.3 105704 102792 113792
 1.3 105704 102792 113792
 1.3 105704 102792 113792
 1.3 105704 102792 113792
 1.3 105704 102792 113792
 1.3 105704 102792 113792
 1.3 105704 102792 113792
 1.3 105704 102792 113792
 1.3 105704 102792 113792
 1.3 105704 102792 113792
 1.3 105704 102792 113792
 1.3 105704 102792 113792
 1.3 105704 102792 113792
 1.3 105704 102792 113792
 1.3 105704 102792 113792
 1.3 105704 102792 113792
 1.3 105704 102792 113792
 1.3 105704 102792 113792
 1.3 105704 102792 113792
 1.3 105704 102792 113792
 1.3 105704 102792 113792
 1.3 105704 102792 113792
 1.3 105704 102792 113792
 1.3 105704 102792 113792
 1.3 105704 102792 113792
 1.3 105704 102792 113792
 1.3 105704 102792 113792
 1.3 105704 102792 113792
 1.3 105704 102792 113792
 1.3 105704 102792 113792
 1.3 105704 102792 113792
 1.3 105704 102792 113792
 1.3 105704 102792 113792
 1.3 105704 102792 113792
 1.3 105704 102792 113792
 1.3 105704 102792 113792
 1.3 105704 102792 113792
 1.3 105704 102792 113792
 1.3 105704 102792 113792
 1.3 105704 102792 113792
 1.3 105704 102792 113792
 1.3 105704 102792 113792
 1.3 105704 102792 113792
 1.3 105704 102792 113792
 1.3 105704 102792 113792
 1.3 105704 102792 113792
 1.3 105704 102792 113792
 1.3 105704 102792 113792
 1.3 105704 102792 113792
 1.3 105704 102792 113792
 1.3 105704 102792 113792
 1.3 105704 102792 113792
 1.3 105704 102792 113792
 1.3 105704 102792 113792
 1.3 105704 102792 113792
 1.3 105704 102792 113792
 1.3 105704 102792 113792
 1.3 105704 102792 113792
 1.3 105704 102792 113792
 1.3 105704 102792 113792
 1.3 105704 102792 113792
 1.3 105704 102792 113792
 1.3 105704 102792 113792
 1.3 105704 102792 113792
 1.3 105704 102792 113792
 1.3 105704 102792 113792
 1.3 105704 102792 113792
 1.3 105704 102792 113792
 1.3 105704 102792 113792
 1.3 105704 102792 113792
 1.3 105704 102792 113792
 1.3 105704 102792 113792
 1.3 105704 102792 113792
 1.3 105704 102792 113792
 1.3 105704 102792 113792
 1.3 105704 102792 113792
 1.3 105704 102792 113792
 1.3 105704 102792 113792
 1.3 105704 102792 113792
 1.3 105704 102792 113792
 1.3 105704 102792 113792
 1.3 105704 102792 113792
 1.3 105704 102792 113792
 1.3 105704 102792 113792
 1.3 105704 102792 113792
 1.3 105704 102792 113792
 1.3 105704 102792 113792
 1.3 105704 102792 113792
 1.3 105704 102792 113792
 1.3 105704 102792 113792
 1.3 105704 102792 113792
 1.3 105704 102792 113792
 1.3 105704 102792 113792
 1.3 105704 102792 113792
 1.3 105704 102792 113792
 1.3 105704 102792 113792
 1.3 105704 102792 113792
 1.3 105704 102792 113792
 1.3 105704 102792 113792
 1.3 105704 102792 113792
 1.3 105704 102792 113792
 1.3 105704 102792 113792
 1.3 105704 102792 113792
 1.3 105704 102792 113792
 1.3 105704 102792 113792
 1.3 105704 102792 113792
 1.3 105704 102792 113792
 1.3 105704 102792 113792
 1.3 105704 102792 113792
 1.3 105704 102792 113792
 1.3 105704 102792 113792
 1.3 105704 102792 113792
 1.3 105704 102792 113792
 1.3 105704 102792 113792
 1.3 105704 102792 113792
 1.3 105704 102792 113792
 1.3 105704 102792 113792
 1.3 105704 102792 113792
 1.3 105704 102792 113792
 1.3 105704 102792 113792
 1.3 105704 102792 113792
 1.3 105704 102792 113792
 1.3 105704 102792 113792
 1.3 105704 102792 113792
 1.3 105704 102792 113792
 1.3 105704 102792 113792
 1.3 105704 102792 113792
 1.3 105704 102792 113792
 1.3 105704 102792 113792
 1.3 105704 102792 113792
 1.3 105704 102792 113792
 1.3 105704 102792 113792
 1.3 105704 102792 113792
 1.3 105704 102792 113792
 1.3 105704 102792 113792
 1.3 105704 102792 113792
 1.3 105704 102792 113792
 1.3 105704 102792 113792
 1.3 105704 102792 113792
 1.3 105704 102792 113792
 1.3 105704 102792 113792
 1.3 105704 102792 113792
 1.3 105704 102792 113792
 1.3 105704 102792 113792
 1.3 105704 102792 113792
 1.3 105704 102792 113792
 1.3 105704 102792 113792
 1.3 105704 102792 113792
 1.3 105704 102792 113792
 1.3 105704 102792 113792
 1.3 105704 102792 113792
 1.3 105704 102792 113792
 1.3 105704 102792 113792
 1.3 105704 102792 113792
 1.3 105704 102792 113792
 1.3 105704 102792 113792
 1.3 105704 102792 113792
 1.3 105704 102792 113792
 1.3 105704 102792 113792
 1.3 105704 102792 113792
 1.3 105704 102792 113792
 1.3 105704 102792 113792
 1.3 105704 102792 113792
 1.3 105704 102792 113792
 1.3 105704 102792 113792
 1.3 105704 102792 113792
 1.3 105704 102792 113792
 1.3 105704 102792 113792
 1.3 105704 102792 113792
 1.3 105704 102792 113792
 1.3 105704 102792 113792
 1.3 105704 102792 113792
 1.3 105704 102792 113792
 1.3 105704 102792 113792
 1.3 105704 102792 113792
 1.3 105704 102792 113792
 1.3 105704 102792 113792
 1.3 105704 102792 113792
 1.3 105704 102792 113792
 1.3 105704 102792 113792
 1.3 105704 102792 113792
 1.3 105704 102792 113792
 1.3 105704 102792 113792
 1.3 105704 102792 113792
 1.3 105704 102792 113792
 1.3 105704 102792 113792
 1.3 105704 102792 113792
 1.3 105704 102792 113792
 1.3 105704 102792 113792
 1.3 105704 102792 113792
 1.3 105704 102792 113792
 1.3 105704 102792 113792
 1.3 105704 102792 113792
 1.3 105704 102792 113792
 0.0  3308   388  11388
 0.4 37216 34524  45524
 1.0 84424 85728  96728
 1.3 105676 102796 113796
 1.3 105676 102796 113796
 1.3 105676 102796 113796
 1.3 105676 102796 113796
 1.3 105676 102796 113796
 1.3 105676 102796 113796
 1.3 105676 102796 113796
 1.3 105676 102796 113796
 1.3 105676 102796 113796
 1.3 105676 102796 113796
 1.3 105676 102796 113796
 1.3 105676 102796 113796
 1.3 105676 102796 113796
 1.3 105676 102796 113796
 1.3 105676 102796 113796
 1.3 105676 102796 113796
 1.3 105676 102796 113796
 1.3 105676 102796 113796
 1.3 105676 102796 113796
 1.3 105676 102796 113796
 1.3 105676 102796 113796
 1.3 105676 102796 113796
 1.3 105676 102796 113796
 1.3 105676 102796 113796
 1.3 105676 102796 113796
 1.3 105676 102796 113796
 1.3 105676 102796 113796
 1.3 105676 102796 113796
 1.3 105676 102796 113796
 1.3 105676 102796 113796
 1.3 105676 102796 113796
 1.3 105676 102796 113796
 1.3 105676 102796 113796
 1.3 105676 102796 113796
 1.3 105676 102796 113796
 1.3 105676 102796 113796
 1.3 105676 102796 113796
 1.3 105676 102796 113796
 1.3 105676 102796 113796
 1.3 105676 102796 113796
 1.3 105676 102796 113796
 1.3 105676 102796 113796
 1.3 105676 102796 113796
 1.3 105676 102796 113796
 1.3 105676 102796 113796
 1.3 105676 102796 113796
 1.3 105676 102796 113796
 1.3 105676 102796 113796
 1.3 105676 102796 113796
 1.3 105676 102796 113796
 1.3 105676 102796 113796
 1.3 105676 102796 113796
 1.3 105676 102796 113796
 1.3 105676 102796 113796
 1.3 105676 102796 113796
 1.3 105676 102796 113796
 1.3 105676 102796 113796
 1.3 105676 102796 113796
 1.3 105676 102796 113796
 1.3 105676 102796 113796
 1.3 105676 102796 113796
 1.3 105676 102796 113796
 1.3 105676 102796 113796
 1.3 105676 102796 113796
 1.3 105676 102796 113796
 1.3 105676 102796 113796
 1.3 105676 102796 113796
 1.3 105676 102796 113796
 1.3 105676 102796 113796
 1.3 105676 102796 113796
 1.3 105676 102796 113796
 1.3 105676 102796 113796
 1.3 105676 102796 113796
 1.3 105676 102796 113796
 1.3 105676 102796 113796
 1.3 105676 102796 113796
 1.3 105676 102796 113796
 0.2 20400 17456  28456
