coretemp-isa-0000
Adapter: ISA adapter
Package id 0:  +76.0°C  (high = +100.0°C, crit = +100.0°C)
Core 0:        +76.0°C  (high = +100.0°C, crit = +100.0°C)
Core 1:        +74.0°C  (high = +100.0°C, crit = +100.0°C)
Core 2:        +75.0°C  (high = +100.0°C, crit = +100.0°C)
Core 3:        +74.0°C  (high = +100.0°C, crit = +100.0°C)

pch_cannonlake-virtual-0
Adapter: Virtual device
temp1:        +60.0°C  

BAT0-acpi-0
Adapter: ACPI interface
in0:          12.61 V  
curr1:       1000.00 uA 

dell_smm-virtual-0
Adapter: Virtual device
fan1:        3916 RPM

radeon-pci-0100
Adapter: PCI adapter
temp1:            N/A  (crit = +120.0°C, hyst = +90.0°C)

acpitz-acpi-0
Adapter: ACPI interface
temp1:        +25.0°C  (crit = +107.0°C)

%CPU %MEM     ELAPSED
 1.4 116032 614792 625792
 2.0 167232 614792 625792
 2.7 218432 614792 625792
 3.0 247104 639500 715916
 3.0 247104 639500 715916
 3.1 249152 639500 715916
 3.1 253248 639500 715916
 3.1 253248 639500 715916
 3.1 255296 639500 715916
 3.2 259392 639500 715916
 3.2 261440 639500 715916
 3.2 261440 639500 715916
 3.2 261440 639500 715916
 3.2 261440 639500 715916
 3.3 267584 639500 715916
 3.3 269632 639500 715916
 3.3 269632 639500 715916
 3.4 275776 639500 715916
 3.5 279872 639500 715916
 3.5 279872 639500 715916
 3.5 281920 639500 715916
 3.5 281920 639500 715916
 3.5 281920 639500 715916
 3.5 281920 639500 715916
 3.5 281920 639500 715916
 3.5 281920 639500 715916
 3.6 288064 639500 715916
 3.6 288064 639500 715916
 3.6 292160 639500 715916
 3.6 292160 639500 715916
 3.6 292160 639500 715916
 3.6 292160 639500 715916
 3.6 292160 639500 715916
 3.6 292160 639500 715916
 3.6 292160 639500 715916
 3.6 294208 639500 715916
 3.7 296256 639500 715916
 3.7 296484 639500 715916
 3.7 297568 639500 715916
 3.7 298624 639500 715916
 3.7 299944 639500 715916
 3.7 301264 639500 715916
 3.7 303640 639500 715916
 3.8 304960 639500 715916
 3.8 305456 639500 715916
 3.8 306248 639500 715916
 3.8 307040 639500 715916
 3.8 309416 639500 715916
 3.8 311528 639500 715916
 3.9 314404 639500 715916
 3.9 318628 639500 715916
 4.0 321268 639500 715916
 4.0 323380 639500 715916
 4.0 324964 639500 715916
 4.0 324964 639500 715916
 4.0 325492 639500 715916
 4.0 326284 639500 715916
 4.1 333676 639500 715916
 4.3 344500 639500 715916
 4.4 354532 639500 715916
 4.5 362980 639500 715916
 4.6 371428 639500 715916
 4.7 378820 639500 715916
 4.8 384892 639500 715916
 4.8 390700 639500 715916
 4.9 394396 639500 715916
 4.9 398092 639500 715916
 5.0 404164 639500 715916
 5.1 410236 639500 715916
 5.2 422380 639500 715916
 5.3 430036 639500 715916
 5.4 438484 639500 715916
 5.5 444028 639500 715916
 5.5 444556 639500 715916
 5.6 448516 639500 715916
 5.6 452740 639500 715916
 5.6 453796 639500 715916
 5.7 457492 639500 715916
 5.7 461980 639500 715916
 5.7 463036 639500 715916
 5.8 466468 639500 715916
 5.8 469900 639500 715916
 5.8 469900 639500 715916
 5.9 476500 639500 715916
 6.0 483100 639500 715916
 6.0 483364 639500 715916
 6.1 490228 639500 715916
 6.2 499996 639500 715916
 6.2 501844 639500 715916
 6.3 510556 639500 715916
 6.4 513196 639500 715916
 6.4 518476 639500 715916
 6.6 530620 639500 715916
 6.6 531148 639500 715916
 6.7 535900 639500 715916
 6.7 542500 639500 715916
 6.7 542500 639500 715916
 6.8 544612 639500 715916
 6.8 549364 639500 715916
 6.9 551740 639500 715916
 6.9 559660 639500 715916
 7.0 559924 639500 715916
 7.0 562828 639500 715916
 7.0 562828 639500 715916
 7.0 566260 639500 715916
 7.0 566524 639500 715916
 7.1 571540 639500 715916
 7.1 571540 639500 715916
 7.1 571540 639500 715916
 7.1 574708 639500 715916
 7.1 574708 639500 715916
 7.2 579196 639500 715916
 7.2 579196 639500 715916
 7.2 582628 639500 715916
 7.2 582628 639500 715916
 7.2 582628 639500 715916
 7.3 586060 639500 715916
 7.3 586060 639500 715916
 7.3 590812 639500 715916
 7.3 591340 639500 715916
 7.4 596620 639500 715916
 7.4 599524 639500 715916
 7.4 599524 639500 715916
 7.5 603484 639500 715916
 7.5 604012 639500 715916
 7.6 607708 639500 715916
 7.6 609292 639500 715916
 7.6 612724 639500 715916
 7.7 617212 639500 715916
 7.7 617212 639500 715916
 7.7 617836 639500 715916
 7.7 617836 639500 715916
 7.7 617836 639500 715916
 7.7 617836 639500 715916
 7.7 617836 639500 715916
 7.7 617836 639500 715916
 7.7 617836 639500 715916
 7.7 617836 639500 715916
 7.7 617836 639500 715916
 7.7 617836 639500 715916
 7.7 617836 639500 715916
 7.7 617836 639500 715916
 7.7 617836 639500 715916
 7.7 617836 639500 715916
 7.7 617836 639500 715916
 7.7 617836 639500 715916
 7.7 617836 639500 715916
 7.7 617836 639500 715916
 7.7 617836 639500 715916
 7.7 617836 639500 715916
 7.7 617836 639500 715916
 7.7 617836 639500 715916
 7.7 617836 639500 715916
 7.7 617836 639500 715916
 7.7 617836 639500 715916
 7.7 617836 639500 715916
 7.7 617836 639500 715916
 7.7 617836 639500 715916
 7.7 617836 639500 715916
 7.7 617836 639500 715916
 7.7 617836 639500 715916
 7.7 617836 639500 715916
 7.7 617836 639500 715916
 7.7 617836 639500 715916
 7.7 617836 639500 715916
 7.7 617836 639500 715916
 7.7 617836 639500 715916
 7.7 617836 639500 715916
 7.7 617836 639500 715916
 7.7 617836 639500 715916
 7.7 617836 639500 715916
 7.7 617836 639500 715916
 7.7 617836 639500 715916
 7.7 617836 639500 715916
 7.7 617836 639500 715916
 7.7 617836 639500 715916
 7.7 617836 639500 715916
 7.7 617836 639500 715916
 7.7 617836 639500 715916
 7.7 617836 639500 715916
 7.7 617836 639500 715916
 7.7 617836 639500 715916
 7.7 617836 639500 715916
 7.7 617836 639500 715916
 7.7 617836 639500 715916
 7.7 617836 639500 715916
 7.7 617836 639500 715916
 7.7 617836 639500 715916
 7.7 617836 639500 715916
 7.7 617836 639500 715916
 7.7 617836 639500 715916
 7.7 617836 639500 715916
 7.7 617836 639500 715916
 7.7 617836 639500 715916
 7.7 617836 639500 715916
 7.7 617836 639500 715916
 7.7 617836 639500 715916
 7.7 617836 639500 715916
 7.7 617836 639500 715916
 7.7 617836 639500 715916
 7.7 617836 639500 715916
 7.7 617836 639500 715916
 7.7 617836 639500 715916
 7.7 617836 639500 715916
 7.7 617836 639500 715916
 7.7 617836 639500 715916
 7.7 617836 639500 715916
 7.7 617836 639500 715916
 7.7 617836 639500 715916
 7.7 617836 639500 715916
 7.7 617836 639500 715916
 7.7 617836 639500 715916
 7.7 617836 639500 715916
 7.7 617836 639500 715916
 7.7 617836 639500 715916
 7.7 617836 639500 715916
 7.7 617836 639500 715916
 7.7 617836 639500 715916
 7.7 617836 639500 715916
 7.7 617836 639500 715916
 7.7 617836 639500 715916
 7.7 617836 639500 715916
 7.7 617836 639500 715916
 7.7 617836 639500 715916
 7.7 617836 639500 715916
 7.7 617836 639500 715916
 7.7 617836 639500 715916
 7.7 617836 639500 715916
 7.7 617836 639500 715916
 7.7 617836 639500 715916
 7.7 617836 639500 715916
 7.7 617836 639500 715916
 7.7 617836 639500 715916
 7.7 617836 639500 715916
 7.7 617836 639500 715916
 7.7 617836 639500 715916
 7.7 617836 639500 715916
 7.7 617836 639500 715916
 7.7 617836 639500 715916
 7.7 617836 639500 715916
 7.7 617836 639500 715916
 7.7 617836 639500 715916
 7.7 617836 639500 715916
 7.7 617836 639500 715916
 7.7 617836 639500 715916
 7.7 617836 639500 715916
 7.7 617836 639500 715916
 7.7 617836 639500 715916
 7.7 617836 639500 715916
 7.7 617836 639500 715916
 7.7 617836 639500 715916
 7.7 617836 639500 715916
 7.7 617836 639500 715916
 7.7 617836 639500 715916
 7.7 617836 639500 715916
 7.7 617836 639500 715916
 7.7 617836 639500 715916
 7.7 617836 639500 715916
 7.7 617836 639500 715916
 7.7 617836 639500 715916
 7.7 617836 639500 715916
 7.7 617836 639500 715916
 7.7 617836 639500 715916
 7.7 617836 639500 715916
 7.7 617836 639500 715916
 7.7 617836 639500 715916
 7.7 617836 639500 715916
 7.7 617836 639500 715916
 7.7 617836 639500 715916
 7.7 617836 639500 715916
 7.7 617836 639500 715916
 7.7 617836 639500 715916
 7.7 617836 639500 715916
 7.7 617836 639500 715916
 7.7 617836 639500 715916
 7.7 617836 639500 715916
 7.7 617836 639500 715916
 7.7 617836 639500 715916
 7.7 617836 639500 715916
 7.7 617836 639500 715916
 7.7 617836 639500 715916
 7.7 617836 639500 715916
 7.7 617836 639500 715916
 7.7 617836 639500 715916
 7.7 617836 639500 715916
 7.7 617836 639500 715916
 7.7 617836 639500 715916
 7.7 617836 639500 715916
 7.7 617836 639500 715916
 7.7 617836 639500 715916
 7.7 617836 639500 715916
 7.7 617836 639500 715916
 7.7 617836 639500 715916
 7.7 617836 639500 715916
 7.7 617836 639500 715916
 7.7 617836 639500 715916
 7.7 617836 639500 715916
 7.7 617836 639500 715916
 7.7 617836 639500 715916
 7.7 617836 639500 715916
 7.7 617836 639500 715916
 7.7 617836 639500 715916
 7.7 617836 639500 715916
 7.7 617836 639500 715916
 7.7 617836 639500 715916
 7.7 617836 639500 715916
 7.7 617836 639500 715916
 7.7 617836 639500 715916
 7.7 617836 639500 715916
 7.7 617836 639500 715916
 7.7 617836 639500 715916
 7.7 617836 639500 715916
 7.7 617836 639500 715916
 7.7 617836 639500 715916
 7.7 617836 639500 715916
 7.7 617836 639500 715916
 7.7 617836 639500 715916
 7.7 617836 639500 715916
 7.7 617836 639500 715916
 7.7 617836 639500 715916
 7.7 617836 639500 715916
 7.7 617836 639500 715916
 7.7 617836 639500 715916
 7.7 617836 639500 715916
 7.7 617836 639500 715916
 7.7 617836 639500 715916
 7.7 617836 639500 715916
 7.7 617836 639500 715916
 7.7 617836 639500 715916
 7.7 617836 639500 715916
 7.7 617836 639500 715916
 7.7 617836 639500 715916
 7.7 617836 639500 715916
 7.7 617836 639500 715916
 7.7 617836 639500 715916
 7.7 617836 639500 715916
 7.7 617836 639500 715916
 7.7 617836 639500 715916
 7.7 617836 639500 715916
 7.7 617836 639500 715916
 7.7 617836 639500 715916
 7.7 617836 639500 715916
 7.7 617836 639500 715916
 7.7 617836 639500 715916
 7.7 617836 639500 715916
 7.7 617836 639500 715916
 7.7 617836 639500 715916
 7.7 617836 639500 715916
 7.7 617836 639500 715916
 7.7 617836 639500 715916
 7.7 617836 639500 715916
 7.7 617836 639500 715916
 7.7 617836 639500 715916
 7.7 617836 639500 715916
 7.7 617836 639500 715916
 7.7 617836 639500 715916
 7.7 617836 639500 715916
 7.7 617836 639500 715916
 7.7 617836 639500 715916
 7.7 617836 639500 715916
 7.7 617836 639500 715916
 7.7 617836 639500 715916
 7.7 617836 639500 715916
 7.7 617836 639500 715916
 7.7 617836 639500 715916
 7.7 617836 639500 715916
 7.7 617836 639500 715916
 7.7 617836 639500 715916
 7.7 617836 639500 715916
 7.7 617836 639500 715916
 7.7 617836 639500 715916
 7.7 617836 639500 715916
 7.7 617836 639500 715916
 7.7 617836 639500 715916
 7.7 617836 639500 715916
 7.7 617836 639500 715916
 7.7 617836 639500 715916
 7.7 617836 639500 715916
 7.7 617836 639500 715916
 7.7 617836 639500 715916
 7.7 617836 639500 715916
 7.7 617836 639500 715916
 7.7 617836 639500 715916
 7.7 617836 639500 715916
 7.7 617836 639500 715916
 7.7 617836 639500 715916
 7.7 617836 639500 715916
 7.7 617836 639500 715916
 7.7 617836 639500 715916
 7.7 617836 639500 715916
 7.7 617836 639500 715916
 7.7 617836 639500 715916
 7.7 617836 639500 715916
 7.7 617836 639500 715916
 7.7 617836 639500 715916
 7.7 617836 639500 715916
 7.7 617836 639500 715916
 7.7 617836 639500 715916
 7.7 617836 639500 715916
 7.7 617836 639500 715916
 7.7 617836 639500 715916
 7.7 617836 639500 715916
 7.7 617836 639500 715916
 7.7 617836 639500 715916
 7.7 617836 639500 715916
 7.7 617836 639500 715916
 7.7 617836 639500 715916
 7.7 617836 639500 715916
 7.7 617836 639500 715916
 7.7 617836 639500 715916
 7.7 617836 639500 715916
 7.7 617836 639500 715916
 7.7 617836 639500 715916
 7.7 617836 639500 715916
 7.7 617836 639500 715916
 7.7 617836 639500 715916
 7.7 617836 639500 715916
 7.7 617836 639500 715916
 7.7 617836 639500 715916
 7.7 617836 639500 715916
 7.7 617836 639500 715916
 7.7 617836 639500 715916
 7.7 617836 639500 715916
 7.7 617836 639500 715916
 7.7 617836 639500 715916
 7.7 617836 639500 715916
 7.7 617836 639500 715916
 7.7 617836 639500 715916
 7.7 617836 639500 715916
 7.7 617836 639500 715916
 7.7 617836 639500 715916
 7.7 617836 639500 715916
 7.7 617836 639500 715916
 7.7 617836 639500 715916
 7.7 617836 639500 715916
 7.7 617836 639500 715916
 7.7 617836 639500 715916
 7.7 617836 639500 715916
 7.7 617836 639500 715916
 7.7 617836 639500 715916
 7.7 617836 639500 715916
 7.7 617836 639500 715916
 7.7 617836 639500 715916
 7.7 617836 639500 715916
 7.7 617836 639500 715916
 7.7 617836 639500 715916
 7.7 617836 639500 715916
 7.7 617836 639500 715916
 7.7 617836 639500 715916
 7.7 617836 639500 715916
 7.7 617836 639500 715916
 7.7 617836 639500 715916
 7.7 617836 639500 715916
 7.7 617836 639500 715916
 7.7 617836 639500 715916
 7.7 617836 639500 715916
 7.7 617836 639500 715916
 7.7 617836 639500 715916
 7.7 617836 639500 715916
 7.7 617836 639500 715916
 7.7 617836 639500 715916
 7.7 617836 639500 715916
 7.7 617836 639500 715916
 7.7 617836 639500 715916
 7.7 617836 639500 715916
 7.7 617836 639500 715916
 7.7 617836 639500 715916
 7.7 617836 639500 715916
 7.7 617836 639500 715916
 7.7 617836 639500 715916
 7.7 617836 639500 715916
 7.7 617836 639500 715916
 7.7 617836 639500 715916
 7.7 617836 639500 715916
 7.7 617836 639500 715916
 7.7 617836 639500 715916
 7.7 617836 639500 715916
 7.7 617836 639500 715916
 7.7 617836 639500 715916
 7.7 617836 639500 715916
 7.7 617836 639500 715916
 7.7 617836 639500 715916
 7.7 617836 639500 715916
 7.7 617836 639500 715916
 7.7 617836 639500 715916
 7.7 617836 639500 715916
 7.7 617836 639500 715916
 7.7 617836 639500 715916
 7.7 617836 639500 715916
 7.7 617836 639500 715916
 7.7 617836 639500 715916
 7.7 617836 639500 715916
 7.7 617836 639500 715916
 7.7 617836 639500 715916
 7.7 617836 639500 715916
 7.7 617836 639500 715916
 7.7 617836 639500 715916
 7.7 617836 639500 715916
 7.7 617836 639500 715916
 7.7 617836 639500 715916
 7.7 617836 639500 715916
 7.7 617836 639500 715916
 7.7 617836 639500 715916
 7.7 617836 639500 715916
 7.7 617836 639500 715916
 7.7 617836 639500 715916
 7.7 617836 639500 715916
 7.7 617836 639500 715916
 7.7 617836 639500 715916
 7.7 617836 639500 715916
 7.7 617836 639500 715916
 7.7 617836 639500 715916
 7.7 617836 639500 715916
 7.7 617836 639500 715916
 7.7 617836 639500 715916
 7.7 617836 639500 715916
 7.7 617836 639500 715916
 7.7 617836 639500 715916
 7.7 617836 639500 715916
 7.7 617836 639500 715916
 7.7 617836 639500 715916
 7.7 617836 639500 715916
 7.7 617836 639500 715916
 7.7 617836 639500 715916
 7.7 617836 639500 715916
 7.7 617836 639500 715916
 7.7 617836 639500 715916
 7.7 617836 639500 715916
 7.7 617836 639500 715916
 7.7 617836 639500 715916
 7.7 617836 639500 715916
 7.7 617836 639500 715916
 7.7 617836 639500 715916
 7.7 617836 639500 715916
 7.7 617836 639500 715916
 7.7 617836 639500 715916
 7.7 617836 639500 715916
 7.7 617836 639500 715916
 7.7 617836 639500 715916
 7.7 617836 639500 715916
 7.7 617836 639500 715916
 7.7 617836 639500 715916
 7.7 617836 639500 715916
 7.7 617836 639500 715916
 7.7 617836 639500 715916
 7.7 617836 639500 715916
 7.7 617836 639500 715916
 7.7 617836 639500 715916
 7.7 617836 639500 715916
 7.7 617836 639500 715916
 7.7 617836 639500 715916
 7.7 617836 639500 715916
 7.7 617836 639500 715916
 7.7 617836 639500 715916
 7.7 617836 639500 715916
 7.7 617836 639500 715916
 7.7 617836 639500 715916
 7.7 617836 639500 715916
 7.7 617836 639500 715916
 7.7 617836 639500 715916
 7.7 617836 639500 715916
 7.7 617836 639500 715916
 7.7 617836 639500 715916
 7.7 617836 639500 715916
 7.7 617836 639500 715916
 7.7 617836 639500 715916
 7.7 617836 639500 715916
 7.7 617836 639500 715916
 7.7 617836 639500 715916
 7.7 617836 639500 715916
 7.7 617836 639500 715916
 7.7 617836 639500 715916
 7.7 617836 639500 715916
 7.7 617836 639500 715916
 7.7 617836 639500 715916
 7.7 617836 639500 715916
 7.7 617836 639500 715916
 7.7 617836 639500 715916
 7.7 617836 639500 715916
 7.7 617836 639500 715916
 7.7 617836 639500 715916
 7.7 617836 639500 715916
 7.7 617836 639500 715916
 7.7 617836 639500 715916
 7.7 617836 639500 715916
 7.7 617836 639500 715916
 7.7 617836 639500 715916
 7.7 617836 639500 715916
 7.7 617836 639500 715916
 7.7 617836 639500 715916
 7.7 617836 639500 715916
 7.7 617836 639500 715916
 7.7 617836 639500 715916
 7.7 617836 639500 715916
 7.7 617836 639500 715916
 7.7 617836 639500 715916
 7.7 617836 639500 715916
 7.7 617836 639500 715916
 7.7 617836 639500 715916
 7.7 617836 639500 715916
 7.7 617836 639500 715916
 7.7 617836 639500 715916
 7.7 617836 639500 715916
 7.7 617836 639500 715916
 7.7 617836 639500 715916
 7.7 617836 639500 715916
 7.7 617836 639500 715916
 7.7 617836 639500 715916
 7.7 617836 639500 715916
 7.7 617836 639500 715916
 7.7 617836 639500 715916
 7.7 617836 639500 715916
 7.7 617836 639500 715916
 7.7 617836 639500 715916
 7.7 617836 639500 715916
 7.7 617836 639500 715916
 7.7 617836 639500 715916
 7.7 617836 639500 715916
 7.7 617836 639500 715916
 7.7 617836 639500 715916
 7.7 617836 639500 715916
 7.7 617836 639500 715916
 7.7 617836 639500 715916
 7.7 617836 639500 715916
 7.7 617836 639500 715916
 7.7 617836 639500 715916
 7.7 617836 639500 715916
 7.7 617836 639500 715916
 7.7 617836 639500 715916
 7.7 617836 639500 715916
 7.7 617836 639500 715916
 7.7 617836 639500 715916
 7.7 617836 639500 715916
 7.7 617836 639500 715916
 7.7 617836 639500 715916
 7.7 617836 639500 715916
 7.7 617836 639500 715916
 7.7 617836 639500 715916
 7.7 617836 639500 715916
 7.7 617836 639500 715916
 7.7 617836 639500 715916
 7.7 617836 639500 715916
 7.7 617836 639500 715916
 7.7 617836 639500 715916
 7.7 617836 639500 715916
 7.7 617836 639500 715916
 7.7 617836 639500 715916
 7.7 617836 639500 715916
 7.7 617836 639500 715916
 7.7 617836 639500 715916
 7.7 617836 639500 715916
 7.7 617836 639500 715916
 7.7 617836 639500 715916
 7.7 617836 639500 715916
 7.7 617836 639500 715916
 7.7 617836 639500 715916
 7.7 617836 639500 715916
 7.7 617836 639500 715916
 7.7 617836 639500 715916
 7.7 617836 639500 715916
 7.7 617836 639500 715916
 7.7 617836 639500 715916
 7.7 617836 639500 715916
 7.7 617836 639500 715916
 7.7 617836 639500 715916
 7.7 617836 639500 715916
 7.7 617836 639500 715916
 7.7 617836 639500 715916
 7.7 617836 639500 715916
 7.7 617836 639500 715916
 7.7 617836 639500 715916
 7.7 617836 639500 715916
 7.7 617836 639500 715916
 7.7 617836 639500 715916
 7.7 617836 639500 715916
 7.7 617836 639500 715916
 7.7 617836 639500 715916
 7.7 617836 639500 715916
 7.7 617836 639500 715916
 7.7 617836 639500 715916
 7.7 617836 639500 715916
 7.7 617836 639500 715916
 7.7 617836 639500 715916
 7.7 617836 639500 715916
 7.7 617836 639500 715916
 7.7 617836 639500 715916
 7.7 617836 639500 715916
 7.7 617836 639500 715916
 7.7 617836 639500 715916
 7.7 617836 639500 715916
 7.7 617836 639500 715916
 7.7 617836 639500 715916
 7.7 617836 639500 715916
 7.7 617836 639500 715916
 7.7 617836 639500 715916
 7.7 617836 639500 715916
 7.7 617836 639500 715916
 7.7 617836 639500 715916
 7.7 617836 639500 715916
 7.7 617836 639500 715916
 7.7 617836 639500 715916
 7.7 617836 639500 715916
 7.7 617836 639500 715916
 7.7 617836 639500 715916
 7.7 617836 639500 715916
 7.7 617836 639500 715916
 7.7 617836 639500 715916
 7.7 617836 639500 715916
 7.7 617836 639500 715916
 7.7 617836 639500 715916
 7.7 617836 639500 715916
 7.7 617836 639500 715916
 7.7 617836 639500 715916
 7.7 617836 639500 715916
 7.7 617836 639500 715916
 7.7 617836 639500 715916
 7.7 617836 639500 715916
 7.7 617836 639500 715916
 7.7 617836 639500 715916
 7.7 617836 639500 715916
 7.7 617836 639500 715916
 7.7 617836 639500 715916
 7.7 617836 639500 715916
 7.7 617836 639500 715916
 7.7 617836 639500 715916
 7.7 617836 639500 715916
 7.7 617836 639500 715916
 7.7 617836 639500 715916
 7.7 617836 639500 715916
 7.7 617836 639500 715916
 7.7 617836 639500 715916
 7.7 617836 639500 715916
 7.7 617836 639500 715916
 7.7 617836 639500 715916
 7.7 617836 639500 715916
 7.7 617836 639500 715916
 7.7 617836 639500 715916
 7.7 617836 639500 715916
 7.7 617836 639500 715916
 7.7 617836 639500 715916
 7.7 617836 639500 715916
 7.7 617836 639500 715916
 7.7 617836 639500 715916
 7.7 617836 639500 715916
 7.7 617836 639500 715916
 7.7 617836 639500 715916
 7.7 617836 639500 715916
 7.7 617836 639500 715916
 7.7 617836 639500 715916
 7.7 617836 639500 715916
 7.7 617836 639500 715916
 7.7 617836 639500 715916
 7.7 617836 639500 715916
 7.7 617836 639500 715916
 7.7 617836 639500 715916
 7.7 617836 639500 715916
 7.7 617836 639500 715916
 7.7 617836 639500 715916
 7.7 617836 639500 715916
 7.7 617836 639500 715916
 7.7 617836 639500 715916
 7.7 617836 639500 715916
 7.7 617836 639500 715916
 7.7 617836 639500 715916
 7.7 617836 639500 715916
 7.7 617836 639500 715916
 7.7 617836 639500 715916
 7.7 617836 639500 715916
 7.7 617836 639500 715916
 7.7 617836 639500 715916
 7.7 617836 639500 715916
 7.7 617836 639500 715916
 7.7 617836 639500 715916
 7.7 617836 639500 715916
 7.7 617836 639500 715916
 7.7 617836 639500 715916
 7.7 617836 639500 715916
 7.7 617836 639500 715916
 7.7 617836 639500 715916
 7.7 617836 639500 715916
 7.7 617836 639500 715916
 7.7 617836 639500 715916
 7.7 617836 639500 715916
 7.7 617836 639500 715916
 7.7 617836 639500 715916
 7.7 617836 639500 715916
 7.7 617836 639500 715916
 7.7 617836 639500 715916
 7.7 617836 639500 715916
 7.7 617836 639500 715916
 7.7 617836 639500 715916
 7.7 617836 639500 715916
 7.7 617836 639500 715916
 7.7 617836 639500 715916
 7.7 617836 639500 715916
 7.7 617836 639500 715916
 7.7 617836 639500 715916
 7.7 617836 639500 715916
 7.7 617836 639500 715916
 7.7 617836 639500 715916
 7.7 617836 639500 715916
 7.7 617836 639500 715916
 7.7 617836 639500 715916
 7.7 617836 639500 715916
 7.7 617836 639500 715916
 7.7 617836 639500 715916
 7.7 617836 639500 715916
 7.7 617836 639500 715916
 7.7 617836 639500 715916
 7.7 617836 639500 715916
 7.7 617836 639500 715916
 7.7 617836 639500 715916
 7.7 617836 639500 715916
 7.7 617836 639500 715916
 7.7 617836 639500 715916
 7.7 617836 639500 715916
 7.7 617836 639500 715916
 7.7 617836 639500 715916
 7.7 617836 639500 715916
 7.7 617836 639500 715916
 7.7 617836 639500 715916
 7.7 617836 639500 715916
 7.7 617836 639500 715916
 7.7 617836 639500 715916
 7.7 617836 639500 715916
 7.7 617836 639500 715916
 7.7 617836 639500 715916
 7.7 617836 639500 715916
 7.7 617836 639500 715916
 7.7 617836 639500 715916
 7.7 617836 639500 715916
 7.7 617836 639500 715916
 7.7 617836 639500 715916
 7.7 617836 639500 715916
 7.7 617836 639500 715916
 7.7 617836 639500 715916
 7.7 617836 639500 715916
 7.7 617836 639500 715916
 7.7 617836 639500 715916
 7.7 617836 639500 715916
 7.7 617836 639500 715916
 7.7 617836 639500 715916
 7.7 617836 639500 715916
 7.7 617836 639500 715916
 7.7 617836 639500 715916
 7.7 617836 639500 715916
 7.7 617836 639500 715916
 7.7 617836 639500 715916
 7.7 617836 639500 715916
 7.7 617836 639500 715916
 7.7 617836 639500 715916
 7.7 617836 639500 715916
 7.7 617836 639500 715916
 7.7 617836 639500 715916
 7.7 617836 639500 715916
 7.7 617836 639500 715916
 7.7 617836 639500 715916
 7.7 617836 639500 715916
 7.7 617836 639500 715916
 7.7 617836 639500 715916
 7.7 617836 639500 715916
 7.7 617836 639500 715916
 7.7 617836 639500 715916
 7.7 617836 639500 715916
 7.7 617836 639500 715916
 7.7 617836 639500 715916
 7.7 617836 639500 715916
 7.7 617836 639500 715916
 7.7 617836 639500 715916
 7.7 617836 639500 715916
 7.7 617836 639500 715916
 7.7 617836 639500 715916
 7.7 617836 639500 715916
 7.7 617836 639500 715916
 7.7 617836 639500 715916
 7.7 617836 639500 715916
 7.7 617836 639500 715916
 7.7 617836 639500 715916
 7.7 617836 639500 715916
 7.7 617836 639500 715916
 7.7 617836 639500 715916
 7.7 617836 639500 715916
 7.7 617836 639500 715916
 7.7 617836 639500 715916
 7.7 617836 639500 715916
 7.7 617836 639500 715916
 7.7 617836 639500 715916
 7.7 617836 639500 715916
 7.7 617836 639500 715916
 7.7 617836 639500 715916
 7.7 617836 639500 715916
 7.7 617836 639500 715916
 7.7 617836 639500 715916
 7.7 617836 639500 715916
 7.7 617836 639500 715916
 7.7 617836 639500 715916
 7.7 617836 639500 715916
 7.7 617836 639500 715916
 7.7 617836 639500 715916
 7.7 617836 639500 715916
 7.7 617836 639500 715916
 7.7 617836 639500 715916
 7.7 617836 639500 715916
 7.7 617836 639500 715916
 7.7 617836 639500 715916
 7.7 617836 639500 715916
 7.7 617836 639500 715916
 7.7 617836 639500 715916
 7.7 617836 639500 715916
 7.7 617836 639500 715916
 7.7 617836 639500 715916
 7.7 617836 639500 715916
 7.7 617836 639500 715916
 7.7 617836 639500 715916
 7.7 617836 639500 715916
 7.7 617836 639500 715916
 7.7 617836 639500 715916
 7.7 617836 639500 715916
 7.7 617836 639500 715916
 7.7 617836 639500 715916
 7.7 617836 639500 715916
 7.7 617836 639500 715916
 7.7 617836 639500 715916
 7.7 617836 639500 715916
 7.7 617836 639500 715916
 7.7 617836 639500 715916
 7.7 617836 639500 715916
 7.7 617836 639500 715916
 7.7 617836 639500 715916
 7.7 617836 639500 715916
 7.7 617836 639500 715916
 7.7 617836 639500 715916
 7.7 617836 639500 715916
 7.7 617836 639500 715916
 7.7 617836 639500 715916
 7.7 617836 639500 715916
 7.7 617836 639500 715916
 7.7 617836 639500 715916
 7.7 617836 639500 715916
 7.7 617836 639500 715916
 7.7 617836 639500 715916
 7.7 617836 639500 715916
 7.7 617836 639500 715916
 7.7 617836 639500 715916
 7.7 617836 639500 715916
 7.7 617836 639500 715916
 7.7 617836 639500 715916
 7.7 617836 639500 715916
 7.7 617836 639500 715916
 7.7 617836 639500 715916
 7.7 617836 639500 715916
 7.7 617836 639500 715916
 7.7 617836 639500 715916
 7.7 617836 639500 715916
 7.7 617836 639500 715916
 7.7 617836 639500 715916
 7.7 617836 639500 715916
 7.7 617836 639500 715916
 7.7 617836 639500 715916
 7.7 617836 639500 715916
 7.7 617836 639500 715916
 7.7 617836 639500 715916
 7.7 617836 639500 715916
 7.7 617836 639500 715916
 7.7 617836 639500 715916
 7.7 617836 639500 715916
 7.7 617836 639500 715916
 7.7 617836 639500 715916
 7.7 617836 639500 715916
 7.7 617836 639500 715916
 7.7 617836 639500 715916
 7.7 617836 639500 715916
 7.7 617836 639500 715916
 7.7 617836 639500 715916
 7.7 617836 639500 715916
 7.7 617836 639500 715916
 7.7 617836 639500 715916
 7.7 617836 639500 715916
 7.7 617836 639500 715916
 7.7 617836 639500 715916
 7.7 617836 639500 715916
 7.7 617836 639500 715916
 7.7 617836 639500 715916
 7.7 617836 639500 715916
 7.7 617836 639500 715916
 7.7 617836 639500 715916
 7.7 617836 639500 715916
 7.7 617836 639500 715916
 7.7 617836 639500 715916
 7.7 617836 639500 715916
 7.7 617836 639500 715916
 7.7 617836 639500 715916
 7.7 617836 639500 715916
 7.7 617836 639500 715916
 7.7 617836 639500 715916
 7.7 617836 639500 715916
 7.7 617836 639500 715916
 7.7 617836 639500 715916
 7.7 617836 639500 715916
 7.7 617836 639500 715916
 7.7 617836 639500 715916
 7.7 617836 639500 715916
 7.7 617836 639500 715916
 7.7 617836 639500 715916
 7.7 617836 639500 715916
 7.7 617836 639500 715916
 7.7 617836 639500 715916
 7.7 618280 639500 715916
 7.7 618280 639500 715916
 7.7 618280 639500 715916
 7.7 618280 639500 715916
 7.7 618280 639500 715916
 7.7 618280 639500 715916
 7.7 618280 639500 715916
 7.7 618280 639500 715916
 7.7 618280 639500 715916
 7.7 618280 639500 715916
 7.7 618280 639500 715916
 7.7 618280 639500 715916
 7.7 618280 639500 715916
 7.7 618280 639500 715916
 7.7 618280 639500 715916
 7.7 618280 639500 715916
 7.7 618280 639500 715916
 7.7 618280 639500 715916
 7.7 618280 639500 715916
 7.7 618280 639500 715916
 7.7 618280 639500 715916
 7.7 618280 639500 715916
 7.7 618280 639500 715916
 7.7 618280 639500 715916
 7.7 618280 639500 715916
 7.7 618280 639500 715916
 7.7 618280 639500 715916
 7.7 618280 639500 715916
 7.7 618280 639500 715916
 7.7 618280 639500 715916
 7.7 618280 639500 715916
 7.7 618280 639500 715916
 7.7 618280 639500 715916
 7.7 618280 639500 715916
 7.7 618280 639500 715916
 7.7 618280 639500 715916
 7.7 618280 639500 715916
 7.7 618280 639500 715916
 7.7 618280 639500 715916
 7.7 618280 639500 715916
 7.7 618280 639500 715916
 7.7 618280 639500 715916
 7.7 618280 639500 715916
 7.7 618280 639500 715916
 7.7 618280 639500 715916
 7.7 618280 639500 715916
 7.7 618280 639500 715916
 7.7 618280 639500 715916
 7.7 618280 639500 715916
 7.7 618280 639500 715916
 7.7 618280 639500 715916
 7.7 618280 639500 715916
 7.7 618280 639500 715916
 7.7 618280 639500 715916
 7.7 618280 639500 715916
 7.7 618280 639500 715916
 7.7 618280 639500 715916
 7.7 618280 639500 715916
 7.7 618280 639500 715916
 7.7 618280 639500 715916
 7.7 618280 639500 715916
 7.7 618280 639500 715916
 7.7 618280 639500 715916
 7.7 618280 639500 715916
 7.7 618280 639500 715916
 7.7 618280 639500 715916
 7.7 618280 639500 715916
 7.7 618280 639500 715916
 7.7 618280 639500 715916
 7.7 618280 639500 715916
 7.7 618280 639500 715916
 7.7 618280 639500 715916
 7.7 618280 639500 715916
 7.7 618280 639500 715916
 7.7 618280 639500 715916
 7.7 618280 639500 715916
 7.7 618280 639500 715916
 7.7 618280 639500 715916
 7.7 618280 639500 715916
 7.7 618280 639500 715916
 7.7 618280 639500 715916
 7.7 618280 639500 715916
 7.7 618280 639500 715916
 7.7 618280 639500 715916
 7.7 618280 639500 715916
 7.7 618280 639500 715916
 7.7 618280 639500 715916
 7.7 618280 639500 715916
 7.7 618280 639500 715916
 7.7 618280 639500 715916
 7.7 618280 639500 715916
 7.7 618280 639500 715916
 7.7 618280 639500 715916
 7.7 618280 639500 715916
 7.7 618280 639500 715916
 7.7 618280 639500 715916
 7.7 618280 639500 715916
 7.7 618280 639500 715916
 7.7 618280 639500 715916
 7.7 618280 639500 715916
 7.7 618280 639500 715916
 7.7 618280 639500 715916
 7.7 618280 639500 715916
 7.7 618280 639500 715916
 7.7 618280 639500 715916
 7.7 618280 639500 715916
 7.7 618280 639500 715916
 7.7 618280 639500 715916
 7.7 618280 639500 715916
 7.7 618280 639500 715916
 7.7 618280 639500 715916
 7.7 618280 639500 715916
 7.7 618280 639500 715916
 7.7 618280 639500 715916
 7.7 618280 639500 715916
 7.7 618280 639500 715916
 7.7 618280 639500 715916
 7.7 618280 639500 715916
 7.7 617848 639500 715916
 7.7 617848 639500 715916
 7.7 617848 639500 715916
 7.7 617848 639500 715916
 7.7 617848 639500 715916
 7.7 617848 639500 715916
 7.7 617848 639500 715916
 7.7 617848 639500 715916
 7.7 617848 639500 715916
 7.7 617848 639500 715916
 7.7 617848 639500 715916
 7.7 617848 639500 715916
 7.7 617848 639500 715916
 7.7 617848 639500 715916
 7.7 617848 639500 715916
 7.7 617848 639500 715916
 7.7 617848 639500 715916
 7.7 617848 639500 715916
 7.7 617848 639500 715916
 4.7 378920 639500 715916
 0.0  3676 25096 101512
 0.2 16484 93364 169780
 0.8 67848 93364 169780
 1.4 117560 161632 238048
 2.0 167440 229900 306316
 2.7 221352 298168 374584
 3.4 272552 298168 374584
 4.0 326524 366436 442852
 4.6 370720 434704 511120
 5.1 415336 502972 579388
 5.7 459160 502972 579388
 6.2 502720 571240 647656
 6.8 547268 571240 647656
 7.3 586340 639508 715924
 7.3 586340 639508 715924
 7.3 586340 639508 715924
 7.3 586340 639508 715924
 7.3 586340 639508 715924
 7.3 586340 639508 715924
 7.3 586340 639508 715924
 7.3 586340 639508 715924
 7.3 586340 639508 715924
 7.3 586340 639508 715924
 7.3 586340 639508 715924
 7.3 586340 639508 715924
 7.3 586340 639508 715924
 7.3 586340 639508 715924
 7.3 586340 639508 715924
 7.3 586340 639508 715924
 7.3 586340 639508 715924
 7.3 586340 639508 715924
 7.3 586340 639508 715924
 7.3 586340 639508 715924
 7.3 586340 639508 715924
 7.3 586340 639508 715924
 7.3 586340 639508 715924
 7.3 586340 639508 715924
 7.3 586340 639508 715924
 7.3 586340 639508 715924
 7.3 586340 639508 715924
 7.3 586340 639508 715924
 7.3 586340 639508 715924
 7.3 586340 639508 715924
 7.3 586340 639508 715924
 7.3 586340 639508 715924
 7.3 586340 639508 715924
 7.3 586340 639508 715924
 7.3 586340 639508 715924
 7.3 586340 639508 715924
 7.3 586340 639508 715924
 7.3 586340 639508 715924
 7.3 586340 639508 715924
 7.3 586340 639508 715924
 7.3 586340 639508 715924
 7.3 586340 639508 715924
 7.3 586340 639508 715924
 7.3 586340 639508 715924
 7.3 586340 639508 715924
 7.3 586340 639508 715924
 7.3 586340 639508 715924
 7.3 586340 639508 715924
 7.3 586340 639508 715924
 7.3 586340 639508 715924
 7.3 586340 639508 715924
 7.3 586340 639508 715924
 7.3 586340 639508 715924
 7.3 586340 639508 715924
 7.3 586340 639508 715924
 7.3 586340 639508 715924
 7.3 586340 639508 715924
 7.3 586340 639508 715924
 7.3 586340 639508 715924
 7.3 586340 639508 715924
 7.3 586340 639508 715924
 7.3 586340 639508 715924
 7.3 586340 639508 715924
 7.3 586340 639508 715924
 7.3 586340 639508 715924
 7.3 586340 639508 715924
 7.3 586340 639508 715924
 7.3 586340 639508 715924
 7.3 586340 639508 715924
 7.3 586340 639508 715924
 7.3 586340 639508 715924
 7.3 586340 639508 715924
 7.3 586340 639508 715924
 7.3 586340 639508 715924
 7.3 586340 639508 715924
 7.3 586340 639508 715924
 7.3 586340 639508 715924
 7.3 586340 639508 715924
 7.3 586340 639508 715924
 7.3 586340 639508 715924
 7.3 586340 639508 715924
 7.3 586340 639508 715924
 7.3 586340 639508 715924
 7.3 586340 639508 715924
 7.3 586340 639508 715924
 7.3 586340 639508 715924
 7.3 586340 639508 715924
 7.3 586340 639508 715924
 7.3 586340 639508 715924
 7.3 586340 639508 715924
 7.3 586340 639508 715924
 7.3 586340 639508 715924
 7.3 586340 639508 715924
 7.3 586340 639508 715924
 7.3 586340 639508 715924
 7.3 586340 639508 715924
 7.3 586340 639508 715924
 7.3 586340 639508 715924
 7.3 586340 639508 715924
 7.3 586340 639508 715924
 7.3 586340 639508 715924
 7.3 586340 639508 715924
 7.3 586340 639508 715924
 7.3 586340 639508 715924
 7.3 586340 639508 715924
 7.3 586340 639508 715924
 7.3 586340 639508 715924
 7.3 586340 639508 715924
 7.3 586340 639508 715924
 7.3 586340 639508 715924
 7.3 586340 639508 715924
 7.3 586340 639508 715924
 7.3 586340 639508 715924
 7.3 586340 639508 715924
 7.3 586340 639508 715924
 7.3 586340 639508 715924
 7.3 586340 639508 715924
 7.3 586340 639508 715924
 7.3 586340 639508 715924
 7.3 586340 639508 715924
 7.3 586340 639508 715924
 7.3 586340 639508 715924
 7.3 586340 639508 715924
 7.3 586340 639508 715924
 7.3 586340 639508 715924
 7.3 586340 639508 715924
 7.3 586340 639508 715924
 7.3 586340 639508 715924
 7.3 586340 639508 715924
 7.3 586340 639508 715924
 7.3 586340 639508 715924
 7.3 586340 639508 715924
 7.3 586340 639508 715924
 7.3 586340 639508 715924
 7.3 586340 639508 715924
 7.3 586340 639508 715924
 7.3 586340 639508 715924
 7.3 586340 639508 715924
 7.3 586340 639508 715924
 7.3 586340 639508 715924
 7.3 586340 639508 715924
 7.3 586340 639508 715924
 7.3 586340 639508 715924
 7.3 586340 639508 715924
 7.3 586340 639508 715924
 7.3 586340 639508 715924
 7.3 586340 639508 715924
 7.3 586340 639508 715924
 7.3 586340 639508 715924
 7.3 586340 639508 715924
 7.3 586340 639508 715924
 7.3 586340 639508 715924
 7.3 586340 639508 715924
 7.3 586340 639508 715924
 7.3 586340 639508 715924
 7.3 586340 639508 715924
 7.3 586340 639508 715924
 7.3 586340 639508 715924
 7.3 586340 639508 715924
 7.3 586340 639508 715924
 7.3 586340 639508 715924
 7.3 586340 639508 715924
 7.3 586340 639508 715924
 7.3 586340 639508 715924
 7.3 586340 639508 715924
 7.3 586340 639508 715924
 7.3 586340 639508 715924
 7.3 586340 639508 715924
 7.3 586340 639508 715924
 7.3 586340 639508 715924
 7.3 586340 639508 715924
 7.3 586340 639508 715924
 7.3 586340 639508 715924
 7.3 586340 639508 715924
 7.3 586340 639508 715924
 7.3 586340 639508 715924
 7.3 586340 639508 715924
 7.3 586340 639508 715924
 7.3 586340 639508 715924
 7.3 586340 639508 715924
 7.3 586340 639508 715924
 7.3 586340 639508 715924
 7.3 586340 639508 715924
 7.3 586340 639508 715924
 7.3 586340 639508 715924
 7.3 586340 639508 715924
 7.3 586340 639508 715924
 7.3 586340 639508 715924
 7.3 586340 639508 715924
 7.3 586340 639508 715924
 7.3 586340 639508 715924
 7.3 586340 639508 715924
 7.3 586340 639508 715924
 7.3 586340 639508 715924
 7.3 586340 639508 715924
 7.3 586340 639508 715924
 7.3 586340 639508 715924
 7.3 586340 639508 715924
 7.3 586340 639508 715924
 7.3 586340 639508 715924
 7.3 586340 639508 715924
 7.3 586340 639508 715924
 7.3 586340 639508 715924
 7.3 586340 639508 715924
 7.3 586340 639508 715924
 7.3 586340 639508 715924
 7.3 586340 639508 715924
 7.3 586340 639508 715924
 7.3 586340 639508 715924
 7.3 586340 639508 715924
 7.3 586340 639508 715924
 7.3 586340 639508 715924
 7.3 586340 639508 715924
 7.3 586340 639508 715924
 7.3 586340 639508 715924
 7.3 586340 639508 715924
 7.3 586340 639508 715924
 7.3 586340 639508 715924
 7.3 586340 639508 715924
 7.3 586340 639508 715924
 7.3 586340 639508 715924
 7.3 586340 639508 715924
 7.3 586340 639508 715924
 7.3 586340 639508 715924
 7.3 586340 639508 715924
 7.3 586340 639508 715924
 7.3 586340 639508 715924
 7.3 586340 639508 715924
 7.3 586340 639508 715924
 7.3 586340 639508 715924
 7.3 586340 639508 715924
 7.3 586340 639508 715924
 7.3 586340 639508 715924
 7.3 586340 639508 715924
 7.3 586340 639508 715924
 7.3 586340 639508 715924
 7.3 586340 639508 715924
 7.3 586340 639508 715924
 7.3 586340 639508 715924
 7.3 586340 639508 715924
 7.3 586340 639508 715924
 7.3 586340 639508 715924
 7.3 586340 639508 715924
 7.3 586340 639508 715924
 7.3 586340 639508 715924
 7.3 586340 639508 715924
 7.3 586340 639508 715924
 7.3 586340 639508 715924
 7.3 586340 639508 715924
 7.3 586340 639508 715924
 7.3 586340 639508 715924
 7.3 586340 639508 715924
 7.3 586340 639508 715924
 7.3 586340 639508 715924
 7.3 586340 639508 715924
 7.3 586340 639508 715924
 7.3 586340 639508 715924
 7.3 586340 639508 715924
 7.3 586340 639508 715924
 7.3 586340 639508 715924
 7.3 586340 639508 715924
 7.3 586340 639508 715924
 7.3 586340 639508 715924
 7.3 586340 639508 715924
 7.3 586340 639508 715924
 7.3 586340 639508 715924
 7.3 586340 639508 715924
 7.3 586340 639508 715924
 7.3 586340 639508 715924
 7.3 586340 639508 715924
 7.3 586340 639508 715924
 7.3 586340 639508 715924
 7.3 586340 639508 715924
 7.3 586340 639508 715924
 7.3 586340 639508 715924
 7.3 586340 639508 715924
 7.3 586340 639508 715924
 7.3 586340 639508 715924
 7.3 586340 639508 715924
 7.3 586340 639508 715924
 7.3 586340 639508 715924
 7.3 586340 639508 715924
 7.3 586340 639508 715924
 7.3 586340 639508 715924
 7.3 586340 639508 715924
 7.3 586340 639508 715924
 7.3 586340 639508 715924
 7.3 586340 639508 715924
 7.3 586340 639508 715924
 7.3 586340 639508 715924
 7.3 586340 639508 715924
 7.3 586340 639508 715924
 7.3 586340 639508 715924
 7.3 586340 639508 715924
 7.3 586340 639508 715924
 7.3 586340 639508 715924
 7.3 586340 639508 715924
 7.3 586340 639508 715924
 7.3 586340 639508 715924
 7.3 586340 639508 715924
 7.3 586340 639508 715924
 7.3 586340 639508 715924
 7.3 586340 639508 715924
 7.3 586340 639508 715924
 7.3 586340 639508 715924
 7.3 586340 639508 715924
 7.3 586340 639508 715924
 7.3 586340 639508 715924
 7.3 586340 639508 715924
 7.3 586340 639508 715924
 7.3 586340 639508 715924
 7.3 586340 639508 715924
 7.3 586340 639508 715924
 7.3 586340 639508 715924
 7.3 586340 639508 715924
 7.3 586340 639508 715924
 7.3 586340 639508 715924
 7.3 586340 639508 715924
 7.3 586340 639508 715924
 7.3 586340 639508 715924
 7.3 586340 639508 715924
 7.3 586340 639508 715924
 7.3 586340 639508 715924
 7.3 586340 639508 715924
 7.3 586340 639508 715924
 7.3 586340 639508 715924
 7.3 586340 639508 715924
 7.3 586340 639508 715924
 7.3 586340 639508 715924
 7.3 586340 639508 715924
 7.3 586340 639508 715924
 7.3 586340 639508 715924
 7.3 586340 639508 715924
 7.3 586340 639508 715924
 7.3 586340 639508 715924
 7.3 586340 639508 715924
 7.3 586340 639508 715924
 7.3 586340 639508 715924
 7.3 586340 639508 715924
 7.3 586340 639508 715924
 7.3 586340 639508 715924
 7.3 586340 639508 715924
 7.3 586340 639508 715924
 3.6 294180 366436 442852
 1.3 108720 161632 238048
