coretemp-isa-0000
Adapter: ISA adapter
Package id 0:  +76.0°C  (high = +100.0°C, crit = +100.0°C)
Core 0:        +76.0°C  (high = +100.0°C, crit = +100.0°C)
Core 1:        +72.0°C  (high = +100.0°C, crit = +100.0°C)
Core 2:        +75.0°C  (high = +100.0°C, crit = +100.0°C)
Core 3:        +75.0°C  (high = +100.0°C, crit = +100.0°C)

pch_cannonlake-virtual-0
Adapter: Virtual device
temp1:        +61.0°C  

BAT0-acpi-0
Adapter: ACPI interface
in0:          12.61 V  
curr1:       1000.00 uA 

dell_smm-virtual-0
Adapter: Virtual device
fan1:        3937 RPM

radeon-pci-0100
Adapter: PCI adapter
temp1:            N/A  (crit = +120.0°C, hyst = +90.0°C)

acpitz-acpi-0
Adapter: ACPI interface
temp1:        +25.0°C  (crit = +107.0°C)

%CPU %MEM     ELAPSED
 1.5 120048 512392 523392
 1.9 152600 512392 523392
 2.3 184544 512392 523392
 2.4 198064 537100 613516
 2.5 200440 537100 613516
 2.5 204664 537100 613516
 2.5 205720 537100 613516
 2.6 209944 537100 613516
 2.6 213376 537100 613516
 2.6 214168 537100 613516
 2.6 214696 537100 613516
 2.7 217600 537100 613516
 2.7 221296 537100 613516
 2.8 224728 537100 613516
 2.8 228160 537100 613516
 2.9 232120 537100 613516
 2.9 233440 537100 613516
 2.9 234232 537100 613516
 2.9 235288 537100 613516
 2.9 235288 537100 613516
 2.9 235288 537100 613516
 2.9 236080 537100 613516
 2.9 237928 537100 613516
 3.0 240304 537100 613516
 3.0 242152 537100 613516
 3.0 245056 537100 613516
 3.0 247696 537100 613516
 3.1 250864 537100 613516
 3.1 252712 537100 613516
 3.1 255352 537100 613516
 3.2 257992 537100 613516
 3.2 260368 537100 613516
 3.2 263536 537100 613516
 3.3 267232 537100 613516
 3.3 270400 537100 613516
 3.4 271984 537100 613516
 3.4 274096 537100 613516
 3.4 275416 537100 613516
 3.4 275416 537100 613516
 3.4 278848 537100 613516
 3.5 285448 537100 613516
 3.6 291784 537100 613516
 3.7 302080 537100 613516
 3.9 312640 537100 613516
 4.0 323728 537100 613516
 4.1 334816 537100 613516
 4.2 341680 537100 613516
 4.3 347752 537100 613516
 4.3 351448 537100 613516
 4.4 359104 537100 613516
 4.5 361744 537100 613516
 4.5 365440 537100 613516
 4.6 369928 537100 613516
 4.6 371512 537100 613516
 4.6 372304 537100 613516
 4.6 375736 537100 613516
 4.7 378376 537100 613516
 4.7 380752 537100 613516
 4.8 388408 537100 613516
 4.9 392632 537100 613516
 4.9 395536 537100 613516
 5.0 403192 537100 613516
 5.1 407944 537100 613516
 5.2 416392 537100 613516
 5.2 419560 537100 613516
 5.3 424048 537100 613516
 5.3 429592 537100 613516
 5.3 430120 537100 613516
 5.4 434872 537100 613516
 5.4 437512 537100 613516
 5.4 438832 537100 613516
 5.5 441472 537100 613516
 5.5 442792 537100 613516
 5.5 444376 537100 613516
 5.5 447016 537100 613516
 5.5 447016 537100 613516
 5.6 449392 537100 613516
 5.6 449392 537100 613516
 5.6 452032 537100 613516
 5.6 453880 537100 613516
 5.7 457048 537100 613516
 5.7 460216 537100 613516
 5.7 461800 537100 613516
 5.8 467872 537100 613516
 5.8 468136 537100 613516
 5.9 475528 537100 613516
 6.0 480280 537100 613516
 6.0 482920 537100 613516
 6.1 490576 537100 613516
 6.1 490576 537100 613516
 6.2 499816 537100 613516
 6.3 503776 537100 613516
 6.3 503776 537100 613516
 6.3 509584 537100 613516
 6.3 511432 537100 613516
 6.4 514864 537100 613516
 6.4 514864 537100 613516
 6.4 515328 537100 613516
 6.4 515328 537100 613516
 6.4 515328 537100 613516
 6.4 515328 537100 613516
 6.4 515328 537100 613516
 6.4 515328 537100 613516
 6.4 515328 537100 613516
 6.4 515328 537100 613516
 6.4 515328 537100 613516
 6.4 515328 537100 613516
 6.4 515328 537100 613516
 6.4 515328 537100 613516
 6.4 515328 537100 613516
 6.4 515328 537100 613516
 6.4 515328 537100 613516
 6.4 515328 537100 613516
 6.4 515328 537100 613516
 6.4 515328 537100 613516
 6.4 515328 537100 613516
 6.4 515328 537100 613516
 6.4 515328 537100 613516
 6.4 515328 537100 613516
 6.4 515328 537100 613516
 6.4 515328 537100 613516
 6.4 515328 537100 613516
 6.4 515328 537100 613516
 6.4 515328 537100 613516
 6.4 515328 537100 613516
 6.4 515328 537100 613516
 6.4 515328 537100 613516
 6.4 515328 537100 613516
 6.4 515328 537100 613516
 6.4 515328 537100 613516
 6.4 515328 537100 613516
 6.4 515328 537100 613516
 6.4 515328 537100 613516
 6.4 515328 537100 613516
 6.4 515328 537100 613516
 6.4 515328 537100 613516
 6.4 515328 537100 613516
 6.4 515328 537100 613516
 6.4 515328 537100 613516
 6.4 515328 537100 613516
 6.4 515328 537100 613516
 6.4 515328 537100 613516
 6.4 515328 537100 613516
 6.4 515328 537100 613516
 6.4 515328 537100 613516
 6.4 515328 537100 613516
 6.4 515328 537100 613516
 6.4 515328 537100 613516
 6.4 515328 537100 613516
 6.4 515328 537100 613516
 6.4 515328 537100 613516
 6.4 515328 537100 613516
 6.4 515328 537100 613516
 6.4 515328 537100 613516
 6.4 515328 537100 613516
 6.4 515328 537100 613516
 6.4 515328 537100 613516
 6.4 515328 537100 613516
 6.4 515328 537100 613516
 6.4 515328 537100 613516
 6.4 515328 537100 613516
 6.4 515328 537100 613516
 6.4 515328 537100 613516
 6.4 515328 537100 613516
 6.4 515328 537100 613516
 6.4 515328 537100 613516
 6.4 515328 537100 613516
 6.4 515328 537100 613516
 6.4 515328 537100 613516
 6.4 515328 537100 613516
 6.4 515328 537100 613516
 6.4 515328 537100 613516
 6.4 515328 537100 613516
 6.4 515328 537100 613516
 6.4 515328 537100 613516
 6.4 515328 537100 613516
 6.4 515328 537100 613516
 6.4 515328 537100 613516
 6.4 515328 537100 613516
 6.4 515328 537100 613516
 6.4 515328 537100 613516
 6.4 515328 537100 613516
 6.4 515328 537100 613516
 6.4 515328 537100 613516
 6.4 515328 537100 613516
 6.4 515328 537100 613516
 6.4 515328 537100 613516
 6.4 515328 537100 613516
 6.4 515328 537100 613516
 6.4 515328 537100 613516
 6.4 515328 537100 613516
 6.4 515328 537100 613516
 6.4 515328 537100 613516
 6.4 515328 537100 613516
 6.4 515328 537100 613516
 6.4 515328 537100 613516
 6.4 515328 537100 613516
 6.4 515328 537100 613516
 6.4 515328 537100 613516
 6.4 515328 537100 613516
 6.4 515328 537100 613516
 6.4 515328 537100 613516
 6.4 515328 537100 613516
 6.4 515328 537100 613516
 6.4 515328 537100 613516
 6.4 515328 537100 613516
 6.4 515328 537100 613516
 6.4 515328 537100 613516
 6.4 515328 537100 613516
 6.4 515328 537100 613516
 6.4 515328 537100 613516
 6.4 515328 537100 613516
 6.4 515328 537100 613516
 6.4 515328 537100 613516
 6.4 515328 537100 613516
 6.4 515328 537100 613516
 6.4 515328 537100 613516
 6.4 515328 537100 613516
 6.4 515328 537100 613516
 6.4 515328 537100 613516
 6.4 515328 537100 613516
 6.4 515328 537100 613516
 6.4 515328 537100 613516
 6.4 515328 537100 613516
 6.4 515328 537100 613516
 6.4 515328 537100 613516
 6.4 515328 537100 613516
 6.4 515328 537100 613516
 6.4 515328 537100 613516
 6.4 515328 537100 613516
 6.4 515328 537100 613516
 6.4 515328 537100 613516
 6.4 515328 537100 613516
 6.4 515328 537100 613516
 6.4 515328 537100 613516
 6.4 515328 537100 613516
 6.4 515328 537100 613516
 6.4 515328 537100 613516
 6.4 515328 537100 613516
 6.4 515328 537100 613516
 6.4 515328 537100 613516
 6.4 515328 537100 613516
 6.4 515328 537100 613516
 6.4 515328 537100 613516
 6.4 515328 537100 613516
 6.4 515328 537100 613516
 6.4 515328 537100 613516
 6.4 515328 537100 613516
 6.4 515328 537100 613516
 6.4 515328 537100 613516
 6.4 515328 537100 613516
 6.4 515328 537100 613516
 6.4 515328 537100 613516
 6.4 515328 537100 613516
 6.4 515328 537100 613516
 6.4 515328 537100 613516
 6.4 515328 537100 613516
 6.4 515328 537100 613516
 6.4 515328 537100 613516
 6.4 515328 537100 613516
 6.4 515328 537100 613516
 6.4 515328 537100 613516
 6.4 515328 537100 613516
 6.4 515328 537100 613516
 6.4 515328 537100 613516
 6.4 515328 537100 613516
 6.4 515328 537100 613516
 6.4 515328 537100 613516
 6.4 515328 537100 613516
 6.4 515328 537100 613516
 6.4 515328 537100 613516
 6.4 515328 537100 613516
 6.4 515328 537100 613516
 6.4 515328 537100 613516
 6.4 515328 537100 613516
 6.4 515328 537100 613516
 6.4 515328 537100 613516
 6.4 515328 537100 613516
 6.4 515328 537100 613516
 6.4 515328 537100 613516
 6.4 515328 537100 613516
 6.4 515328 537100 613516
 6.4 515328 537100 613516
 6.4 515328 537100 613516
 6.4 515328 537100 613516
 6.4 515328 537100 613516
 6.4 515328 537100 613516
 6.4 515328 537100 613516
 6.4 515328 537100 613516
 6.4 515328 537100 613516
 6.4 515328 537100 613516
 6.4 515328 537100 613516
 6.4 515328 537100 613516
 6.4 515328 537100 613516
 6.4 515328 537100 613516
 6.4 515328 537100 613516
 6.4 515328 537100 613516
 6.4 515328 537100 613516
 6.4 515328 537100 613516
 6.4 515328 537100 613516
 6.4 515328 537100 613516
 6.4 515328 537100 613516
 6.4 515328 537100 613516
 6.4 515328 537100 613516
 6.4 515328 537100 613516
 6.4 515328 537100 613516
 6.4 515328 537100 613516
 6.4 515328 537100 613516
 6.4 515328 537100 613516
 6.4 515328 537100 613516
 6.4 515328 537100 613516
 6.4 515328 537100 613516
 6.4 515328 537100 613516
 6.4 515328 537100 613516
 6.4 515328 537100 613516
 6.4 515328 537100 613516
 6.4 515328 537100 613516
 6.4 515328 537100 613516
 6.4 515328 537100 613516
 6.4 515328 537100 613516
 6.4 515328 537100 613516
 6.4 515328 537100 613516
 6.4 515328 537100 613516
 6.4 515328 537100 613516
 6.4 515328 537100 613516
 6.4 515328 537100 613516
 6.4 515328 537100 613516
 6.4 515328 537100 613516
 6.4 515328 537100 613516
 6.4 515328 537100 613516
 6.4 515328 537100 613516
 6.4 515328 537100 613516
 6.4 515328 537100 613516
 6.4 515328 537100 613516
 6.4 515328 537100 613516
 6.4 515328 537100 613516
 6.4 515328 537100 613516
 6.4 515328 537100 613516
 6.4 515328 537100 613516
 6.4 515328 537100 613516
 6.4 515328 537100 613516
 6.4 515328 537100 613516
 6.4 515328 537100 613516
 6.4 515328 537100 613516
 6.4 515328 537100 613516
 6.4 515328 537100 613516
 6.4 515328 537100 613516
 6.4 515328 537100 613516
 6.4 515328 537100 613516
 6.4 515328 537100 613516
 6.4 515328 537100 613516
 6.4 515328 537100 613516
 6.4 515328 537100 613516
 6.4 515328 537100 613516
 6.4 515328 537100 613516
 6.4 515328 537100 613516
 6.4 515328 537100 613516
 6.4 515328 537100 613516
 6.4 515328 537100 613516
 6.4 515328 537100 613516
 6.4 515328 537100 613516
 6.4 515328 537100 613516
 6.4 515328 537100 613516
 6.4 515328 537100 613516
 6.4 515328 537100 613516
 6.4 515328 537100 613516
 6.4 515328 537100 613516
 6.4 515328 537100 613516
 6.4 515328 537100 613516
 6.4 515328 537100 613516
 6.4 515328 537100 613516
 6.4 515328 537100 613516
 6.4 515328 537100 613516
 6.4 515328 537100 613516
 6.4 515328 537100 613516
 6.4 515328 537100 613516
 6.4 515328 537100 613516
 6.4 515328 537100 613516
 6.4 515328 537100 613516
 6.4 515328 537100 613516
 6.4 515328 537100 613516
 6.4 515328 537100 613516
 6.4 515328 537100 613516
 6.4 515328 537100 613516
 6.4 515328 537100 613516
 6.4 515328 537100 613516
 6.4 515328 537100 613516
 6.4 515328 537100 613516
 6.4 515328 537100 613516
 6.4 515328 537100 613516
 6.4 515328 537100 613516
 6.4 515328 537100 613516
 6.4 515328 537100 613516
 6.4 515328 537100 613516
 6.4 515328 537100 613516
 6.4 515328 537100 613516
 6.4 515328 537100 613516
 6.4 515328 537100 613516
 6.4 515328 537100 613516
 6.4 515328 537100 613516
 6.4 515328 537100 613516
 6.4 515328 537100 613516
 6.4 515328 537100 613516
 6.4 515328 537100 613516
 6.4 515328 537100 613516
 6.4 515328 537100 613516
 6.4 515328 537100 613516
 6.4 515328 537100 613516
 6.4 515328 537100 613516
 6.4 515328 537100 613516
 6.4 515328 537100 613516
 6.4 515328 537100 613516
 6.4 515328 537100 613516
 6.4 515328 537100 613516
 6.4 515328 537100 613516
 6.4 515328 537100 613516
 6.4 515328 537100 613516
 6.4 515328 537100 613516
 6.4 515328 537100 613516
 6.4 515328 537100 613516
 6.4 515328 537100 613516
 6.4 515328 537100 613516
 6.4 515328 537100 613516
 6.4 515328 537100 613516
 6.4 515328 537100 613516
 6.4 515328 537100 613516
 6.4 515328 537100 613516
 6.4 515328 537100 613516
 6.4 515328 537100 613516
 6.4 515328 537100 613516
 6.4 515328 537100 613516
 6.4 515328 537100 613516
 6.4 515328 537100 613516
 6.4 515328 537100 613516
 6.4 515328 537100 613516
 6.4 515328 537100 613516
 6.4 515328 537100 613516
 6.4 515328 537100 613516
 6.4 515328 537100 613516
 6.4 515328 537100 613516
 6.4 515328 537100 613516
 6.4 515328 537100 613516
 6.4 515328 537100 613516
 6.4 515328 537100 613516
 6.4 515328 537100 613516
 6.4 515328 537100 613516
 6.4 515328 537100 613516
 6.4 515328 537100 613516
 6.4 515328 537100 613516
 6.4 515328 537100 613516
 6.4 515328 537100 613516
 6.4 515328 537100 613516
 6.4 515328 537100 613516
 6.4 515328 537100 613516
 6.4 515328 537100 613516
 6.4 515328 537100 613516
 6.4 515328 537100 613516
 6.4 515328 537100 613516
 6.4 515328 537100 613516
 6.4 515328 537100 613516
 6.4 515328 537100 613516
 6.4 515328 537100 613516
 6.4 515328 537100 613516
 6.4 515328 537100 613516
 6.4 515328 537100 613516
 6.4 515328 537100 613516
 6.4 515328 537100 613516
 6.4 515328 537100 613516
 6.4 515328 537100 613516
 6.4 515328 537100 613516
 6.4 515328 537100 613516
 6.4 515328 537100 613516
 6.4 515328 537100 613516
 6.4 515328 537100 613516
 6.4 515328 537100 613516
 6.4 515328 537100 613516
 6.4 515328 537100 613516
 6.4 515328 537100 613516
 6.4 515328 537100 613516
 6.4 515328 537100 613516
 6.4 515328 537100 613516
 6.4 515328 537100 613516
 6.4 515328 537100 613516
 6.4 515328 537100 613516
 6.4 515328 537100 613516
 6.4 515328 537100 613516
 6.4 515328 537100 613516
 6.4 515328 537100 613516
 6.4 515328 537100 613516
 6.4 515328 537100 613516
 6.4 515328 537100 613516
 6.4 515328 537100 613516
 6.4 515328 537100 613516
 6.4 515328 537100 613516
 6.4 515328 537100 613516
 6.4 515328 537100 613516
 6.4 515328 537100 613516
 6.4 515328 537100 613516
 6.4 515328 537100 613516
 6.4 515328 537100 613516
 6.4 515328 537100 613516
 6.4 515328 537100 613516
 6.4 515328 537100 613516
 6.4 515328 537100 613516
 6.4 515328 537100 613516
 6.4 515328 537100 613516
 6.4 515328 537100 613516
 6.4 515328 537100 613516
 6.4 515328 537100 613516
 6.4 515328 537100 613516
 6.4 515328 537100 613516
 6.4 515328 537100 613516
 6.4 515328 537100 613516
 6.4 515328 537100 613516
 6.4 515328 537100 613516
 6.4 515328 537100 613516
 6.4 515328 537100 613516
 6.4 515328 537100 613516
 6.4 515328 537100 613516
 6.4 515328 537100 613516
 6.4 515328 537100 613516
 6.4 515328 537100 613516
 6.4 515328 537100 613516
 6.4 515328 537100 613516
 6.4 515328 537100 613516
 6.4 515328 537100 613516
 6.4 515328 537100 613516
 6.4 515328 537100 613516
 6.4 515328 537100 613516
 6.4 515328 537100 613516
 6.4 515328 537100 613516
 6.4 515328 537100 613516
 6.4 515328 537100 613516
 6.4 515328 537100 613516
 6.4 515328 537100 613516
 6.4 515328 537100 613516
 6.4 515328 537100 613516
 6.4 515328 537100 613516
 6.4 515328 537100 613516
 6.4 515328 537100 613516
 6.4 515328 537100 613516
 6.4 515328 537100 613516
 6.4 515328 537100 613516
 6.4 515328 537100 613516
 6.4 515328 537100 613516
 6.4 515328 537100 613516
 6.4 515328 537100 613516
 6.4 515328 537100 613516
 6.4 515328 537100 613516
 6.4 515328 537100 613516
 6.4 515328 537100 613516
 6.4 515328 537100 613516
 6.4 515328 537100 613516
 6.4 515328 537100 613516
 6.4 515328 537100 613516
 6.4 515328 537100 613516
 6.4 515328 537100 613516
 6.4 515328 537100 613516
 6.4 515328 537100 613516
 6.4 515328 537100 613516
 6.4 515328 537100 613516
 6.4 515328 537100 613516
 6.4 515328 537100 613516
 6.4 515328 537100 613516
 6.4 515328 537100 613516
 6.4 515328 537100 613516
 6.4 515328 537100 613516
 6.4 515328 537100 613516
 6.4 515328 537100 613516
 6.4 515328 537100 613516
 6.4 515328 537100 613516
 6.4 515328 537100 613516
 6.4 515328 537100 613516
 6.4 515328 537100 613516
 6.4 515328 537100 613516
 6.4 515328 537100 613516
 6.4 515328 537100 613516
 6.4 515328 537100 613516
 6.4 515328 537100 613516
 6.4 515328 537100 613516
 6.4 515328 537100 613516
 6.4 515328 537100 613516
 6.4 515328 537100 613516
 6.4 515328 537100 613516
 6.4 515328 537100 613516
 6.4 515328 537100 613516
 6.4 515328 537100 613516
 6.4 515328 537100 613516
 6.4 515328 537100 613516
 6.4 515328 537100 613516
 6.4 515328 537100 613516
 6.4 515328 537100 613516
 6.4 515328 537100 613516
 6.4 515328 537100 613516
 6.4 515328 537100 613516
 6.4 515328 537100 613516
 6.4 515328 537100 613516
 6.4 515328 537100 613516
 6.4 515328 537100 613516
 6.4 515328 537100 613516
 6.4 515328 537100 613516
 6.4 515328 537100 613516
 6.4 515328 537100 613516
 6.4 515328 537100 613516
 6.4 515328 537100 613516
 6.4 515328 537100 613516
 6.4 515328 537100 613516
 6.4 515328 537100 613516
 6.4 515328 537100 613516
 6.4 515328 537100 613516
 6.4 515328 537100 613516
 6.4 515328 537100 613516
 6.4 515328 537100 613516
 6.4 515328 537100 613516
 6.4 515328 537100 613516
 6.4 515328 537100 613516
 6.4 515328 537100 613516
 6.4 515328 537100 613516
 6.4 515328 537100 613516
 6.4 515328 537100 613516
 6.4 515328 537100 613516
 6.4 515328 537100 613516
 6.4 515328 537100 613516
 6.4 515328 537100 613516
 6.4 515328 537100 613516
 6.4 515328 537100 613516
 6.4 515328 537100 613516
 6.4 515328 537100 613516
 6.4 515328 537100 613516
 6.4 515328 537100 613516
 6.4 515328 537100 613516
 6.4 515328 537100 613516
 6.4 515328 537100 613516
 6.4 515328 537100 613516
 6.4 515328 537100 613516
 6.4 515328 537100 613516
 6.4 515328 537100 613516
 6.4 515328 537100 613516
 6.4 515328 537100 613516
 6.4 515328 537100 613516
 6.4 515328 537100 613516
 6.4 515328 537100 613516
 6.4 515328 537100 613516
 6.4 515328 537100 613516
 6.4 515328 537100 613516
 6.4 515328 537100 613516
 6.4 515328 537100 613516
 6.4 515328 537100 613516
 6.4 515328 537100 613516
 6.4 515328 537100 613516
 6.4 515328 537100 613516
 6.4 515328 537100 613516
 6.4 515328 537100 613516
 6.4 515328 537100 613516
 6.4 515328 537100 613516
 6.4 515328 537100 613516
 6.4 515328 537100 613516
 6.4 515328 537100 613516
 6.4 515328 537100 613516
 6.4 515328 537100 613516
 6.4 515328 537100 613516
 6.4 515328 537100 613516
 6.4 515328 537100 613516
 6.4 515328 537100 613516
 6.4 515328 537100 613516
 6.4 515328 537100 613516
 6.4 515328 537100 613516
 6.4 515328 537100 613516
 6.4 515328 537100 613516
 6.4 515328 537100 613516
 6.4 515328 537100 613516
 6.4 515328 537100 613516
 6.4 515328 537100 613516
 6.4 515328 537100 613516
 6.4 515328 537100 613516
 6.4 515328 537100 613516
 6.4 515328 537100 613516
 6.4 515328 537100 613516
 6.4 515328 537100 613516
 6.4 515328 537100 613516
 6.4 515328 537100 613516
 6.4 515328 537100 613516
 6.4 515328 537100 613516
 6.4 515328 537100 613516
 6.4 515328 537100 613516
 6.4 515328 537100 613516
 6.4 515328 537100 613516
 6.4 515328 537100 613516
 6.4 515328 537100 613516
 6.4 515328 537100 613516
 6.4 515328 537100 613516
 6.4 515328 537100 613516
 6.4 515328 537100 613516
 6.4 515328 537100 613516
 6.4 515328 537100 613516
 6.4 515328 537100 613516
 6.4 515328 537100 613516
 6.4 515328 537100 613516
 6.4 515328 537100 613516
 6.4 515328 537100 613516
 6.4 515328 537100 613516
 6.4 515328 537100 613516
 6.4 515328 537100 613516
 6.4 515328 537100 613516
 6.4 515328 537100 613516
 6.4 515328 537100 613516
 6.4 515328 537100 613516
 6.4 515328 537100 613516
 6.4 515328 537100 613516
 6.4 515328 537100 613516
 6.4 515328 537100 613516
 6.4 515328 537100 613516
 6.4 515328 537100 613516
 6.4 515328 537100 613516
 6.4 515328 537100 613516
 6.4 515328 537100 613516
 6.4 515328 537100 613516
 6.4 515328 537100 613516
 6.4 515328 537100 613516
 6.4 515328 537100 613516
 6.4 515328 537100 613516
 6.4 515328 537100 613516
 6.4 515328 537100 613516
 6.4 515328 537100 613516
 6.4 515328 537100 613516
 6.4 515328 537100 613516
 6.4 515328 537100 613516
 6.4 515328 537100 613516
 6.4 515328 537100 613516
 6.4 515328 537100 613516
 6.4 515328 537100 613516
 6.4 515328 537100 613516
 6.4 515328 537100 613516
 6.4 515328 537100 613516
 6.4 515328 537100 613516
 6.4 515328 537100 613516
 6.4 515328 537100 613516
 6.4 515328 537100 613516
 6.4 515328 537100 613516
 6.4 515328 537100 613516
 6.4 515328 537100 613516
 6.4 515328 537100 613516
 6.4 515328 537100 613516
 6.4 515328 537100 613516
 6.4 515328 537100 613516
 6.4 515328 537100 613516
 6.4 515328 537100 613516
 6.4 515328 537100 613516
 6.4 515328 537100 613516
 6.4 515328 537100 613516
 6.4 515328 537100 613516
 6.4 515328 537100 613516
 6.4 515328 537100 613516
 6.4 515328 537100 613516
 6.4 515328 537100 613516
 6.4 515328 537100 613516
 6.4 515328 537100 613516
 6.4 515328 537100 613516
 6.4 515328 537100 613516
 6.4 515328 537100 613516
 6.4 515328 537100 613516
 6.4 515328 537100 613516
 6.4 515328 537100 613516
 6.4 515328 537100 613516
 6.4 515328 537100 613516
 6.4 515328 537100 613516
 6.4 515328 537100 613516
 6.4 515328 537100 613516
 6.4 515328 537100 613516
 6.4 515328 537100 613516
 6.4 515328 537100 613516
 6.4 515328 537100 613516
 6.4 515328 537100 613516
 6.4 515328 537100 613516
 6.4 515328 537100 613516
 6.4 515328 537100 613516
 6.4 515328 537100 613516
 6.4 515328 537100 613516
 6.4 515328 537100 613516
 6.4 515328 537100 613516
 6.4 515328 537100 613516
 6.4 515328 537100 613516
 6.4 515328 537100 613516
 6.4 515328 537100 613516
 6.4 515328 537100 613516
 6.4 515328 537100 613516
 6.4 515328 537100 613516
 6.4 515328 537100 613516
 6.4 515328 537100 613516
 6.4 515328 537100 613516
 6.4 515328 537100 613516
 6.4 515328 537100 613516
 6.4 515328 537100 613516
 6.4 515328 537100 613516
 6.4 515328 537100 613516
 6.4 515328 537100 613516
 6.4 515328 537100 613516
 6.4 515328 537100 613516
 6.4 515328 537100 613516
 6.4 515328 537100 613516
 6.4 515328 537100 613516
 6.4 515328 537100 613516
 6.4 515328 537100 613516
 6.4 515328 537100 613516
 6.4 515328 537100 613516
 6.4 515328 537100 613516
 6.4 515328 537100 613516
 6.4 515328 537100 613516
 6.4 515328 537100 613516
 6.4 515328 537100 613516
 6.4 515328 537100 613516
 6.4 515328 537100 613516
 6.4 515328 537100 613516
 6.4 515328 537100 613516
 6.4 515328 537100 613516
 6.4 515328 537100 613516
 6.4 515328 537100 613516
 6.4 515328 537100 613516
 6.4 515328 537100 613516
 6.4 515328 537100 613516
 6.4 515328 537100 613516
 6.4 515328 537100 613516
 6.4 515328 537100 613516
 6.4 515328 537100 613516
 6.4 515328 537100 613516
 6.4 515328 537100 613516
 6.4 515328 537100 613516
 6.4 515328 537100 613516
 6.4 515328 537100 613516
 6.4 515328 537100 613516
 6.4 515328 537100 613516
 6.4 515328 537100 613516
 6.4 515328 537100 613516
 6.4 515328 537100 613516
 6.4 515328 537100 613516
 6.4 515328 537100 613516
 6.4 515328 537100 613516
 6.4 515328 537100 613516
 6.4 515328 537100 613516
 6.4 515328 537100 613516
 6.4 515328 537100 613516
 6.4 515328 537100 613516
 6.4 515328 537100 613516
 6.4 515328 537100 613516
 6.4 515328 537100 613516
 6.4 515328 537100 613516
 6.4 515328 537100 613516
 6.4 515328 537100 613516
 6.4 515328 537100 613516
 6.4 515328 537100 613516
 6.4 515328 537100 613516
 6.4 515328 537100 613516
 6.4 515328 537100 613516
 6.4 515328 537100 613516
 6.4 515328 537100 613516
 6.4 515328 537100 613516
 6.4 515328 537100 613516
 6.4 515328 537100 613516
 6.4 515328 537100 613516
 6.4 515328 537100 613516
 6.4 515328 537100 613516
 6.4 515328 537100 613516
 6.4 515328 537100 613516
 6.4 515328 537100 613516
 6.4 515328 537100 613516
 6.4 515328 537100 613516
 6.4 515328 537100 613516
 6.4 515328 537100 613516
 6.4 515328 537100 613516
 6.4 515328 537100 613516
 6.4 515328 537100 613516
 6.4 515328 537100 613516
 6.4 515328 537100 613516
 6.4 515328 537100 613516
 6.4 515328 537100 613516
 6.4 515328 537100 613516
 6.4 515328 537100 613516
 6.4 515328 537100 613516
 6.4 515328 537100 613516
 6.4 515328 537100 613516
 6.4 515328 537100 613516
 6.4 515328 537100 613516
 6.4 515328 537100 613516
 6.4 515328 537100 613516
 6.4 515328 537100 613516
 6.4 515328 537100 613516
 6.4 515328 537100 613516
 6.4 515328 537100 613516
 6.4 515328 537100 613516
 6.4 515328 537100 613516
 6.4 515328 537100 613516
 6.4 515328 537100 613516
 6.4 515328 537100 613516
 6.4 515328 537100 613516
 6.4 515328 537100 613516
 6.4 515328 537100 613516
 6.4 515328 537100 613516
 6.4 515328 537100 613516
 6.4 515328 537100 613516
 6.4 515328 537100 613516
 6.4 515328 537100 613516
 6.4 515328 537100 613516
 6.4 515328 537100 613516
 6.4 515328 537100 613516
 6.4 515328 537100 613516
 6.4 515328 537100 613516
 6.4 515328 537100 613516
 6.4 515328 537100 613516
 6.4 515328 537100 613516
 6.4 515328 537100 613516
 6.4 515328 537100 613516
 6.4 515328 537100 613516
 6.4 515328 537100 613516
 6.4 515328 537100 613516
 6.4 515328 537100 613516
 6.4 515328 537100 613516
 6.4 515328 537100 613516
 6.4 515328 537100 613516
 6.4 515328 537100 613516
 6.4 515328 537100 613516
 6.4 515328 537100 613516
 6.4 515328 537100 613516
 6.4 515328 537100 613516
 6.4 515328 537100 613516
 6.4 515328 537100 613516
 6.4 515328 537100 613516
 6.4 515328 537100 613516
 6.4 515328 537100 613516
 6.4 515328 537100 613516
 6.4 515328 537100 613516
 6.4 515328 537100 613516
 6.4 515328 537100 613516
 6.4 515328 537100 613516
 6.4 515328 537100 613516
 6.4 515328 537100 613516
 6.4 515328 537100 613516
 6.4 515328 537100 613516
 6.4 515328 537100 613516
 6.4 515328 537100 613516
 6.4 515328 537100 613516
 6.4 515328 537100 613516
 6.4 515328 537100 613516
 6.4 515328 537100 613516
 6.4 515328 537100 613516
 6.4 515328 537100 613516
 6.4 515328 537100 613516
 6.4 515328 537100 613516
 6.4 515328 537100 613516
 6.4 515328 537100 613516
 6.4 515328 537100 613516
 6.4 515328 537100 613516
 6.4 515328 537100 613516
 6.4 515328 537100 613516
 6.4 515328 537100 613516
 6.4 515328 537100 613516
 6.4 515328 537100 613516
 6.4 515328 537100 613516
 6.4 515328 537100 613516
 6.4 515328 537100 613516
 6.4 515328 537100 613516
 6.4 515328 537100 613516
 6.4 515328 537100 613516
 6.4 515328 537100 613516
 6.4 515328 537100 613516
 6.4 515328 537100 613516
 6.4 515328 537100 613516
 6.4 515328 537100 613516
 6.4 515328 537100 613516
 6.4 515328 537100 613516
 6.4 515328 537100 613516
 6.4 515328 537100 613516
 6.4 515328 537100 613516
 6.4 515328 537100 613516
 6.4 515328 537100 613516
 6.4 515328 537100 613516
 6.4 515328 537100 613516
 6.4 515328 537100 613516
 6.4 515328 537100 613516
 6.4 515328 537100 613516
 6.4 515328 537100 613516
 6.4 515328 537100 613516
 6.4 515328 537100 613516
 6.4 515328 537100 613516
 6.4 515328 537100 613516
 6.4 515328 537100 613516
 6.4 515328 537100 613516
 6.4 515328 537100 613516
 6.4 515328 537100 613516
 6.4 515328 537100 613516
 6.4 515328 537100 613516
 6.4 515328 537100 613516
 6.4 515328 537100 613516
 6.4 515328 537100 613516
 6.4 515328 537100 613516
 6.4 515328 537100 613516
 6.4 515328 537100 613516
 6.4 515328 537100 613516
 6.4 515328 537100 613516
 6.4 515328 537100 613516
 6.4 515328 537100 613516
 6.4 515328 537100 613516
 6.4 515328 537100 613516
 6.4 515328 537100 613516
 6.4 515328 537100 613516
 6.4 515328 537100 613516
 6.4 515328 537100 613516
 6.4 515328 537100 613516
 6.4 515328 537100 613516
 6.4 515328 537100 613516
 6.4 515328 537100 613516
 6.4 515328 537100 613516
 6.4 515328 537100 613516
 6.4 515328 537100 613516
 6.4 515328 537100 613516
 6.4 515328 537100 613516
 6.4 515328 537100 613516
 6.4 515328 537100 613516
 6.4 515328 537100 613516
 6.4 515328 537100 613516
 6.4 515328 537100 613516
 6.4 515328 537100 613516
 6.4 515328 537100 613516
 6.4 515328 537100 613516
 6.4 515328 537100 613516
 6.4 515328 537100 613516
 6.4 515328 537100 613516
 6.4 515328 537100 613516
 6.4 515328 537100 613516
 6.4 515328 537100 613516
 6.4 515328 537100 613516
 6.4 515328 537100 613516
 6.4 515328 537100 613516
 6.4 515328 537100 613516
 6.4 515328 537100 613516
 6.4 515328 537100 613516
 6.4 515328 537100 613516
 6.4 515328 537100 613516
 6.4 515328 537100 613516
 6.4 515328 537100 613516
 6.4 515328 537100 613516
 6.4 515328 537100 613516
 6.4 515328 537100 613516
 6.4 515328 537100 613516
 6.4 515328 537100 613516
 6.4 515328 537100 613516
 6.4 515328 537100 613516
 6.4 515328 537100 613516
 6.4 515328 537100 613516
 6.4 515328 537100 613516
 6.4 515328 537100 613516
 6.4 515328 537100 613516
 6.4 515328 537100 613516
 6.4 515328 537100 613516
 6.4 515328 537100 613516
 6.4 515328 537100 613516
 6.4 515328 537100 613516
 6.4 515328 537100 613516
 6.4 515328 537100 613516
 6.4 515328 537100 613516
 6.4 515328 537100 613516
 6.4 515328 537100 613516
 6.4 515328 537100 613516
 6.4 515328 537100 613516
 6.4 515328 537100 613516
 6.4 515328 537100 613516
 6.4 515328 537100 613516
 6.4 515328 537100 613516
 6.4 515328 537100 613516
 6.4 515328 537100 613516
 6.4 515328 537100 613516
 6.4 515328 537100 613516
 6.4 515328 537100 613516
 6.4 515328 537100 613516
 6.4 515328 537100 613516
 6.4 515328 537100 613516
 6.4 515328 537100 613516
 6.4 515328 537100 613516
 6.4 515328 537100 613516
 6.4 515328 537100 613516
 6.4 515328 537100 613516
 6.4 515328 537100 613516
 6.4 515328 537100 613516
 6.4 515328 537100 613516
 6.4 515328 537100 613516
 6.4 515328 537100 613516
 6.4 515328 537100 613516
 6.4 515328 537100 613516
 6.4 515328 537100 613516
 6.4 515328 537100 613516
 6.4 515328 537100 613516
 6.4 515328 537100 613516
 6.4 515328 537100 613516
 6.4 515328 537100 613516
 6.4 515328 537100 613516
 6.4 515328 537100 613516
 6.4 515328 537100 613516
 6.4 515328 537100 613516
 6.4 515328 537100 613516
 6.4 515328 537100 613516
 6.4 515328 537100 613516
 6.4 515328 537100 613516
 6.4 515328 537100 613516
 6.4 515328 537100 613516
 6.4 515328 537100 613516
 6.4 515328 537100 613516
 6.4 515328 537100 613516
 6.4 515328 537100 613516
 6.4 515328 537100 613516
 6.4 515328 537100 613516
 6.4 515328 537100 613516
 6.4 515328 537100 613516
 6.4 515328 537100 613516
 6.4 515328 537100 613516
 6.4 515328 537100 613516
 6.4 515328 537100 613516
 6.4 515328 537100 613516
 6.4 515328 537100 613516
 6.4 515328 537100 613516
 6.4 515328 537100 613516
 6.4 515328 537100 613516
 6.4 515328 537100 613516
 6.4 515328 537100 613516
 6.4 515328 537100 613516
 6.4 515328 537100 613516
 6.4 515328 537100 613516
 6.4 515328 537100 613516
 6.4 515328 537100 613516
 6.4 515328 537100 613516
 6.4 515328 537100 613516
 6.4 515328 537100 613516
 6.4 515328 537100 613516
 6.4 515328 537100 613516
 6.4 515328 537100 613516
 6.4 515328 537100 613516
 6.4 515328 537100 613516
 6.4 515328 537100 613516
 6.4 515328 537100 613516
 6.4 515328 537100 613516
 6.4 515328 537100 613516
 6.4 515328 537100 613516
 6.4 515328 537100 613516
 6.4 515328 537100 613516
 6.4 515328 537100 613516
 3.2 260348 537100 613516
 0.0  3580 25096 101512
 0.0  4368 76300 152716
 0.6 55272 127504 203920
 1.3 105996 127504 203920
 1.9 159088 229912 306328
 2.5 202384 229912 306328
 3.0 245152 281116 357532
 3.6 288184 332320 408736
 4.1 331480 383524 459940
 4.7 376888 434728 511144
 5.2 422296 485932 562348
 5.8 469288 537136 613552
 6.3 511000 537136 613552
 6.4 515488 537136 613552
 6.4 515488 537136 613552
 6.4 515488 537136 613552
 6.4 515488 537136 613552
 6.4 515488 537136 613552
 6.4 515488 537136 613552
 6.4 515488 537136 613552
 6.4 515488 537136 613552
 6.4 515488 537136 613552
 6.4 515488 537136 613552
 6.4 515488 537136 613552
 6.4 515488 537136 613552
 6.4 515488 537136 613552
 6.4 515488 537136 613552
 6.4 515488 537136 613552
 6.4 515488 537136 613552
 6.4 515488 537136 613552
 6.4 515488 537136 613552
 6.4 515488 537136 613552
 6.4 515488 537136 613552
 6.4 515488 537136 613552
 6.4 515488 537136 613552
 6.4 515488 537136 613552
 6.4 515488 537136 613552
 6.4 515488 537136 613552
 6.4 515488 537136 613552
 6.4 515488 537136 613552
 6.4 515488 537136 613552
 6.4 515488 537136 613552
 6.4 515488 537136 613552
 6.4 515488 537136 613552
 6.4 515488 537136 613552
 6.4 515488 537136 613552
 6.4 515488 537136 613552
 6.4 515488 537136 613552
 6.4 515488 537136 613552
 6.4 515488 537136 613552
 6.4 515488 537136 613552
 6.4 515488 537136 613552
 6.4 515488 537136 613552
 6.4 515488 537136 613552
 6.4 515488 537136 613552
 6.4 515488 537136 613552
 6.4 515488 537136 613552
 6.4 515488 537136 613552
 6.4 515488 537136 613552
 6.4 515488 537136 613552
 6.4 515488 537136 613552
 6.4 515488 537136 613552
 6.4 515488 537136 613552
 6.4 515488 537136 613552
 6.4 515488 537136 613552
 6.4 515488 537136 613552
 6.4 515488 537136 613552
 6.4 515488 537136 613552
 6.4 515488 537136 613552
 6.4 515488 537136 613552
 6.4 515488 537136 613552
 6.4 515488 537136 613552
 6.4 515488 537136 613552
 6.4 515488 537136 613552
 6.4 515488 537136 613552
 6.4 515488 537136 613552
 6.4 515488 537136 613552
 6.4 515488 537136 613552
 6.4 515488 537136 613552
 6.4 515488 537136 613552
 6.4 515488 537136 613552
 6.4 515488 537136 613552
 6.4 515488 537136 613552
 6.4 515488 537136 613552
 6.4 515488 537136 613552
 6.4 515488 537136 613552
 6.4 515488 537136 613552
 6.4 515488 537136 613552
 6.4 515488 537136 613552
 6.4 515488 537136 613552
 6.4 515488 537136 613552
 6.4 515488 537136 613552
 6.4 515488 537136 613552
 6.4 515488 537136 613552
 6.4 515488 537136 613552
 6.4 515488 537136 613552
 6.4 515488 537136 613552
 6.4 515488 537136 613552
 6.4 515488 537136 613552
 6.4 515488 537136 613552
 6.4 515488 537136 613552
 6.4 515488 537136 613552
 6.4 515488 537136 613552
 6.4 515488 537136 613552
 6.4 515488 537136 613552
 6.4 515488 537136 613552
 6.4 515488 537136 613552
 6.4 515488 537136 613552
 6.4 515488 537136 613552
 6.4 515488 537136 613552
 6.4 515488 537136 613552
 6.4 515488 537136 613552
 6.4 515488 537136 613552
 6.4 515488 537136 613552
 6.4 515488 537136 613552
 6.4 515488 537136 613552
 6.4 515488 537136 613552
 6.4 515488 537136 613552
 6.4 515488 537136 613552
 6.4 515488 537136 613552
 6.4 515488 537136 613552
 6.4 515488 537136 613552
 6.4 515488 537136 613552
 6.4 515488 537136 613552
 6.4 515488 537136 613552
 6.4 515488 537136 613552
 6.4 515488 537136 613552
 6.4 515488 537136 613552
 6.4 515488 537136 613552
 6.4 515488 537136 613552
 6.4 515488 537136 613552
 6.4 515488 537136 613552
 6.4 515488 537136 613552
 6.4 515488 537136 613552
 6.4 515488 537136 613552
 6.4 515488 537136 613552
 6.4 515488 537136 613552
 6.4 515488 537136 613552
 6.4 515488 537136 613552
 6.4 515488 537136 613552
 6.4 515488 537136 613552
 6.4 515488 537136 613552
 6.4 515488 537136 613552
 6.4 515488 537136 613552
 6.4 515488 537136 613552
 6.4 515488 537136 613552
 6.4 515488 537136 613552
 6.4 515488 537136 613552
 6.4 515488 537136 613552
 6.4 515488 537136 613552
 6.4 515488 537136 613552
 6.4 515488 537136 613552
 6.4 515488 537136 613552
 6.4 515488 537136 613552
 6.4 515488 537136 613552
 6.4 515488 537136 613552
 6.4 515488 537136 613552
 6.4 515488 537136 613552
 6.4 515488 537136 613552
 6.4 515488 537136 613552
 6.4 515488 537136 613552
 6.4 515488 537136 613552
 6.4 515488 537136 613552
 6.4 515488 537136 613552
 6.4 515488 537136 613552
 6.4 515488 537136 613552
 6.4 515488 537136 613552
 6.4 515488 537136 613552
 6.4 515488 537136 613552
 6.4 515488 537136 613552
 6.4 515488 537136 613552
 6.4 515488 537136 613552
 6.4 515488 537136 613552
 6.4 515488 537136 613552
 6.4 515488 537136 613552
 6.4 515488 537136 613552
 6.4 515488 537136 613552
 6.4 515488 537136 613552
 6.4 515488 537136 613552
 6.4 515488 537136 613552
 6.4 515488 537136 613552
 6.4 515488 537136 613552
 6.4 515488 537136 613552
 6.4 515488 537136 613552
 6.4 515488 537136 613552
 6.4 515488 537136 613552
 6.4 515488 537136 613552
 6.4 515488 537136 613552
 6.4 515488 537136 613552
 6.4 515488 537136 613552
 6.4 515488 537136 613552
 6.4 515488 537136 613552
 6.4 515488 537136 613552
 6.4 515488 537136 613552
 6.4 515488 537136 613552
 6.4 515488 537136 613552
 6.4 515488 537136 613552
 6.4 515488 537136 613552
 6.4 515488 537136 613552
 6.4 515488 537136 613552
 6.4 515488 537136 613552
 6.4 515488 537136 613552
 6.4 515488 537136 613552
 6.4 515488 537136 613552
 6.4 515488 537136 613552
 6.4 515488 537136 613552
 6.4 515488 537136 613552
 6.4 515488 537136 613552
 6.4 515488 537136 613552
 6.4 515488 537136 613552
 6.4 515488 537136 613552
 6.4 515488 537136 613552
 6.4 515488 537136 613552
 6.4 515488 537136 613552
 6.4 515488 537136 613552
 6.4 515488 537136 613552
 6.4 515488 537136 613552
 6.4 515488 537136 613552
 6.4 515488 537136 613552
 6.4 515488 537136 613552
 6.4 515488 537136 613552
 6.4 515488 537136 613552
 6.4 515488 537136 613552
 6.4 515488 537136 613552
 6.4 515488 537136 613552
 6.4 515488 537136 613552
 6.4 515488 537136 613552
 6.4 515488 537136 613552
 6.4 515488 537136 613552
 6.4 515488 537136 613552
 6.4 515488 537136 613552
 6.4 515488 537136 613552
 6.4 515488 537136 613552
 6.4 515488 537136 613552
 6.4 515488 537136 613552
 6.4 515488 537136 613552
 6.4 515488 537136 613552
 6.4 515488 537136 613552
 6.4 515488 537136 613552
 6.4 515488 537136 613552
 6.4 515488 537136 613552
 6.4 515488 537136 613552
 6.4 515488 537136 613552
 6.4 515488 537136 613552
 6.4 515488 537136 613552
 6.4 515488 537136 613552
 6.4 515488 537136 613552
 6.4 515488 537136 613552
 6.4 515488 537136 613552
 6.4 515488 537136 613552
 6.4 515488 537136 613552
 6.4 515488 537136 613552
 6.4 515488 537136 613552
 6.4 515488 537136 613552
 6.4 515488 537136 613552
 6.4 515488 537136 613552
 6.4 515488 537136 613552
 6.4 515488 537136 613552
 6.4 515488 537136 613552
 6.4 515488 537136 613552
 6.4 515488 537136 613552
 6.4 515488 537136 613552
 6.4 515488 537136 613552
 6.4 515488 537136 613552
 6.4 515488 537136 613552
 6.4 515488 537136 613552
 6.4 515488 537136 613552
 6.4 515488 537136 613552
 6.4 515488 537136 613552
 6.4 515488 537136 613552
 6.4 515488 537136 613552
 6.4 515488 537136 613552
 6.4 515488 537136 613552
 6.4 515488 537136 613552
 6.4 515488 537136 613552
 6.4 515488 537136 613552
 6.4 515488 537136 613552
 6.4 515488 537136 613552
 6.4 515488 537136 613552
 6.4 515488 537136 613552
 6.4 515488 537136 613552
 6.4 515488 537136 613552
 6.4 515488 537136 613552
 6.4 515488 537136 613552
 6.4 515488 537136 613552
 6.4 515488 537136 613552
 6.4 515488 537136 613552
 6.4 515488 537136 613552
 6.4 515488 537136 613552
 6.4 515488 537136 613552
 6.4 515488 537136 613552
 6.4 515488 537136 613552
 6.4 515488 537136 613552
 6.4 515488 537136 613552
 6.4 515488 537136 613552
 6.4 515488 537136 613552
 6.4 515488 537136 613552
 6.4 515488 537136 613552
 6.4 515488 537136 613552
 6.4 515488 537136 613552
 6.4 515488 537136 613552
 6.4 515488 537136 613552
 6.4 515488 537136 613552
 6.4 515488 537136 613552
 6.4 515488 537136 613552
 6.4 515488 537136 613552
 6.4 515488 537136 613552
 6.4 515488 537136 613552
 6.4 515488 537136 613552
 6.4 515488 537136 613552
 6.4 515488 537136 613552
 6.4 515488 537136 613552
 6.4 515488 537136 613552
 6.4 515488 537136 613552
 6.4 515488 537136 613552
 6.4 515488 537136 613552
 6.4 515488 537136 613552
 6.4 515488 537136 613552
 6.4 515488 537136 613552
 6.4 515488 537136 613552
 6.4 515488 537136 613552
 6.4 515488 537136 613552
 6.4 515488 537136 613552
 6.4 515488 537136 613552
 6.4 515488 537136 613552
 6.4 515488 537136 613552
 6.4 515488 537136 613552
 6.4 515488 537136 613552
 6.4 515488 537136 613552
 6.4 515488 537136 613552
 6.4 515488 537136 613552
 6.4 515488 537136 613552
 6.4 515488 537136 613552
 6.4 515488 537136 613552
 6.4 515488 537136 613552
 6.4 515488 537136 613552
 6.4 515488 537136 613552
 6.4 515488 537136 613552
 6.4 515488 537136 613552
 6.4 515488 537136 613552
 6.4 515488 537136 613552
 6.4 515488 537136 613552
 6.4 515488 537136 613552
 6.4 515488 537136 613552
 6.4 515488 537136 613552
 6.4 515488 537136 613552
 6.4 515488 537136 613552
 6.4 515488 537136 613552
 6.4 515488 537136 613552
 6.4 515488 537136 613552
 6.4 515488 537136 613552
 6.4 515488 537136 613552
 6.4 515488 537136 613552
 6.4 515488 537136 613552
 6.4 515488 537136 613552
 6.4 515488 537136 613552
 4.0 323260 383524 459940
 2.2 182932 229912 306328
 0.2 16036 76300 152716
