4188791
2588492
974413
6804753
7482772
6622245
6830517
8391634
6882165
4335822
6044304
6002287
6562726
4126441
7133697
3672711
2111046
4762750
2503796
8597664
6460877
8379798
2273870
2137797
6837840
736250
5989319
310518
4696171
4923158
5345101
7442624
9711340
3563074
8181203
4878082
6190016
8113774
2551772
7842881
7502862
8559682
1226786
5042923
3915462
8125183
6643807
321890
1945702
4631536
3517611
2172692
7782940
5616293
2571622
1884809
4605862
4045248
7640111
6872596
4170666
7093103
2576241
5547999
3994799
6484895
4473570
3426967
5500764
1326364
2997226
2126175
3493427
1033867
1061416
2328994
6336905
7561292
6348468
6691823
3257825
7017684
1519338
2392829
4203182
3681243
8374452
3297619
5904889
6273622
652733
5439058
8884817
2218732
8573477
7412509
8081268
5216705
1479252
517421
2186238
6815125
1115668
7324005
2100159
3646996
2722296
3171382
7970052
4202462
6347128
5988841
7448412
1887841
8846367
3815205
2829718
2137668
2461414
6902656
5230382
3386686
3145054
726261
3828739
6508401
7286489
6983018
1555582
7946006
6436917
7079725
9048226
1749211
8774426
4789576
2359865
3020333
3461322
3850255
6236442
5865755
8127892
9298858
8036348
6446001
6149712
7287525
2148122
6291401
4959728
1234967
7055534
3470868
4294558
7403652
4018572
5895816
8543859
1229685
6191941
5771073
5330759
1040167
2367038
7909310
9650542
1902870
3590428
9276040
6572847
9729979
1840556
2526341
4776515
3651742
5514417
8064361
3805921
3667485
6768334
9861293
7542032
7245462
9061682
3211571
5780701
5674410
7020424
4127830
4000508
4078168
8169110
224282
6670269
6854215
2052772
9035507
2420331
3091109
9206549
5750980
5363601
5494439
4138943
6610843
1781104
3847668
3311006
3212302
3305490
5599521
7318629
8274096
5445857
5042530
2221244
3422205
4473925
2372172
3122266
7426058
4617709
3614449
6448073
2825745
7758809
7426045
2465109
1835467
5503869
3822983
3419807
3120839
6256193
2648358
2045186
6548408
7682939
7972009
1225961
2998830
7915930
6357440
2855276
8012582
3183523
1648050
5966217
5566948
3162215
4572508
3584471
7154671
4522253
3492325
8447274
6965160
3964367
7317076
2968017
1274190
1592007
3942494
4375635
5315250
4293226
500489
2437525
3882799
9693108
5622829
6781705
838547
5375578
5241199
6244783
6263059
6949415
4415743
5205940
4547437
4857185
2640757
4107424
7408611
2099830
1147342
8958324
1708017
5116085
7445613
7301696
5895036
6118548
7809676
7064928
1563461
8251293
2899258
1096961
1726467
1305934
4462781
5192558
9207749
5605596
915735
8912078
7730944
9380170
5288419
3404104
4348932
3310318
6435645
2860181
7395392
5369735
5770874
6610159
3701909
1654715
8760023
3686651
7505388
3592284
2398051
3353408
3752525
3071573
2072098
1267492
6281632
2998781
6430753
618363
273008
4077093
779510
3769739
4694797
3273404
3724979
1879407
3606915
4295797
2978422
9084361
3880650
3060412
3117775
4476929
1518002
5337000
8441303
6320095
7380456
4748637
1941358
4058499
4375771
5534897
3136065
961120
8206556
5761265
2622953
5231612
5107788
5100432
6264006
1917991
6939942
4567643
8451863
3206076
3254664
5004159
6117979
3939087
5986519
7649836
793483
2217429
4372083
6918824
5071969
6445602
5231907
5456942
4823698
4574484
8283191
9583663
874848
7535363
9216570
1239316
4377343
1734579
2468778
7180253
8789810
5353996
6281590
7452387
7685535
402624
8088670
7598588
4479047
6461641
6485221
4845547
3865806
4532188
5856277
1986644
3595479
9343431
6723832
5833986
7002709
738522
7287080
6874723
3886524
3335493
2404474
7599187
1907203
5207880
901235
6326929
3652836
7292741
2945557
4915107
4763946
6756076
9291113
5522570
9513148
3685024
9604302
6792208
1512229
4332667
6246950
5848411
8239069
3467852
7736677
6458967
1763779
3395212
3817269
8001964
7628315
503572
6761654
8145935
1161765
2994379
3570493
6253844
7393764
8926981
5542513
3201948
1747557
5808930
8630378
8289571
9232380
3335047
2717819
7450944
6832751
8031822
7253834
7373286
7403333
6680462
5182560
9347526
9462519
5874020
6600591
7283431
3303995
1585603
2796590
2742823
5700582
3029827
2748008
2838119
2824798
3743542
3588226
4372380
7808326
959431
2287338
2413678
7109296
2914093
4260302
4049804
8300283
5063003
7836686
2499964
3241171
1083022
2996164
7482744
7007181
8226446
7819348
6347405
7092848
6835843
7109539
3799617
993229
2495314
8681466
3485586
523392
1052693
3704564
2969697
3513926
2214298
7404725
2749307
7120552
6058824
8092191
7537320
5970734
1301975
7339633
5603789
2981571
5773336
1362634
2826936
3828248
9064286
4809831
2753791
3435561
5368266
7945890
9005338
3780074
4818062
5079829
2489844
3511553
7561256
7158408
9202658
8501158
9277439
5037284
8634435
5709840
7255552
467956
5224331
8281921
3904939
2633627
5658835
1378697
5472657
4834375
3577920
7477013
1361477
5625807
7977973
2303875
5174390
1629062
1111810
4510676
9506374
5640746
3175077
725137
1770297
3129974
2243209
6588320
6880593
7624485
7533641
835094
2567388
6199938
6387300
6700165
4610431
2664578
8360967
3251052
8575672
2107521
3287791
4309629
3757324
2690393
4913575
4434476
4635029
6222906
6515725
2464822
4394126
6425661
6941556
7541416
3034059
4327958
1917993
7422801
8654024
3206094
2625360
4640083
6217340
5063277
7528745
9741023
2381814
7955449
4137220
5177428
1354427
9694821
1221255
4175493
461311
8334672
2855372
2618068
6455477
5551442
8130487
3196233
6590236
582811
5579841
8880381
7603588
1527010
2741991
5836954
8284451
43308
6731913
5919471
3214311
1761225
4677757
9177180
2785187
5996481
6613943
997127
8584780
2580826
7727196
3107761
2575963
5712858
3061614
8687559
1901315
2970061
5176749
8262540
3783433
6616175
5549084
2053202
3093165
7550683
4275432
4310730
4155103
2831650
9172368
3459881
4289887
8079399
6140972
7424697
2852469
6983758
2914960
5015736
4280004
7774809
7959230
7506171
4475555
4772313
2575118
4230400
1945171
4591479
1324947
3280369
6852722
4938818
4382028
4633089
1154323
8591030
5382791
8069526
632819
4397454
623256
7455932
5654895
2694243
1597904
1009311
2699437
5382320
7841250
5426426
3766953
8490847
5003305
4163280
1033672
6740712
6175028
1625966
7407943
1348287
1711714
4811713
4561933
3014579
876691
3309710
2594230
6107088
5963315
1895675
6124869
2867985
9758237
3751578
2187601
2571697
3827152
7251837
6097944
7344498
6865284
6121184
6527683
5668190
9087282
7556177
5172348
3789796
3344515
6062443
5395075
1276378
6339891
3384120
7868024
5135988
7128265
3340130
8073351
1332920
2855220
8345020
6777318
5875032
2640744
4922907
7826798
2735327
1965453
2788388
1126364
6061208
4675837
7838789
2353472
5558364
6943319
1740325
5470299
4232010
3385422
4369587
8974141
883052
6296107
4939654
7764087
8192280
1292845
9413597
7437406
7881049
4706432
4592382
5380039
6017161
1210341
6853072
4115119
1302479
2433422
6434056
1557339
6175331
5028346
7005220
6421714
2494094
1748128
6195637
5225081
6279478
2069355
6317052
5673793
3469736
2552969
1958185
3297246
2413261
3581143
2619713
6761375
9150611
8667387
6877439
895439
3763796
3537107
8574291
925827
3504120
2741216
3093634
5936666
2630591
7880017
7095064
3182281
5978858
6916960
4682696
2343794
5558255
8086200
9028647
7444650
1169974
6039683
5247032
8309114
1227773
9331117
5918922
7747709
4750971
6998999
2564203
6690815
9176644
2660397
7563590
1658764
5562335
1777907
2945625
6421110
1417757
6386689
5800800
5096866
4958524
6178029
4841578
7479662
8005168
4742619
6185357
520412
4088638
5192246
6156917
5739239
8971024
9735306
8583367
4062946
4395280
1613514
3766819
7767718
3427278
8694185
8492670
6398876
6680596
5664230
6514606
8870632
3455711
5632106
3518101
6754868
5169688
1043897
3567850
4086888
7133013
4279580
5924983
4309637
1304622
6984969
2543374
7684961
2932864
2830807
4515486
9435369
4271231
6468437
7884664
6719370
3636710
241853
3633047
3686780
7279009
5615358
4542665
7104588
3145799
3027178
1201075
7630141
3774147
6009509
7033635
3029266
8806563
4966871
1770820
6686099
5619403
6918245
5632020
4013669
9116485
3006597
8975799
9653961
5631489
2532869
8796651
6304335
5964354
929173
3805037
4071942
9692937
6993212
774367
4649705
4614234
8101786
4036124
5908653
4875816
5060368
6202881
8220981
2662747
8197584
6562290
5814524
2465245
3487191
2423863
7271570
307702
575631
8357136
1175979
7241391
3758652
7716035
4514830
7006211
7573949
6003661
4949379
5515648
3988498
3763248
9145111
6240936
6062512
1410268
960924
2756623
8109526
8694189
9073598
8663407
8113009
8469225
3961555
7101629
6319586
5165524
1786802
5462382
7814032
2467390
8275485
2386702
7296374
1419571
9041253
7020306
1451662
9010520
6960548
1509426
3393317
3324602
3367743
7352252
4364634
4949551
7544416
6557965
656985
6664375
4200458
6402661
1962434
3932394
8606341
7635013
2081003
1909004
4556890
1130803
8339493
2096547
8076362
9044137
9134166
8177090
7415647
4446388
5123120
158020
478755
7914779
6652762
5929055
4475424
2295169
5757381
3133856
3529157
1818557
9555397
3083229
5410742
9736350
5025875
5265303
4278943
2110502
6996192
6325785
8896058
4672969
2497083
5706610
1595979
692951
6984240
7250146
1954134
7779777
7733504
3281014
9309401
5042370
7388814
3402695
5471700
8489304
5469544
7136379
1487457
5571579
5582070
6362958
3267353
4263484
6753266
9890802
529914
6349020
5289612
3790548
1319482
2255972
9563142
5970618
8434299
1624350
3732890
4458211
5991853
1494967
7453655
8123623
5366087
4768718
5447627
3107471
3289755
5818580
4851197
7420247
5815010
5979182
4242440
1007980
7808151
3560443
1558206
7155038
6859574
9368116
4564824
4554683
2709348
1012332
7511268
3207425
4345966
4286735
7310243
7472303
5944155
5761611
1212908
4693297
2628499
3084393
4178291
6121850
5389881
2377090
6825600
1293081
4778999
7840926
5157005
7291906
8127798
5327486
3572651
3354620
5480855
668987
5478751
1231205
9430016
4686054
595959
7335057
2151246
7530365
2065256
1692118
4597592
6690355
3016358
3214848
3992071
8647019
963037
6520454
2671140
8813733
6915926
3639799
2082658
5322421
4672581
4783692
498596
9431929
3662302
3059459
3808171
6664784
8717273
5070959
7449409
6217458
3316901
5506144
480214
7068160
8055790
6303879
4818111
7635618
3928855
3282730
3795897
6753625
6436811
3364844
6528745
6560572
3163651
4807813
4146854
2554967
5295438
7365300
7407718
7900996
5336405
4203098
7972706
7910280
4073745
6423667
4324932
2244597
9303137
5889006
5024854
2363940
2056115
8167358
5839482
8853698
1018884
7248647
1241319
4225739
1614175
3479514
3533006
1965230
4412895
5301939
5732937
5858092
7484529
4348213
4178751
8948423
5198872
7600876
3578536
2247480
5474768
8069831
6574859
446497
6763266
1728609
8817333
6228314
7703996
5107668
426769
5652266
7957418
5221395
2610903
7232912
3895243
5588921
5807906
7777174
2613537
8116922
3199849
3670497
6831508
2672682
592920
6673253
4783258
7779066
5664974
4885011
3276675
7204648
3971161
8602511
4872851
5642756
5031666
5877052
6948282
8515179
1239515
9177358
355472
3917588
3045433
3046794
8793024
6465172
8354384
2607287
4730817
4261983
3035753
2258672
2172584
7451734
4314912
7512261
6422031
4103398
4554651
9832011
3709488
8625964
8772735
3806503
6416922
1663439
6801316
6726593
1530756
9199893
6840260
5436732
2616633
4847409
7268348
1570282
1550937
6412176
5931680
9240433
1410607
7468435
6721416
7348744
3774788
8865748
6669456
2061156
7116720
8488428
8715835
616938
9118773
2896899
8422611
1221608
5340757
7527786
1988857
8401512
3371551
6978148
3703059
9925267
8180391
2149977
715094
2482221
5707673
1861724
5767944
4541795
4833312
6102413
2761862
4146347
7081276
945504
6036905
7448564
7193456
3821916
1898701
5520702
4878152
1462623
5303598
1747029
2037182
5091531
6196594
7777626
7361371
252450
4408519
6694961
7370218
6636361
7113489
5001825
2930041
6841435
5819362
8662455
4142344
3300393
287208
771262
442410
5165532
1785993
5971727
4466372
5159230
5590254
4797619
4009755
9318055
1368468
2435546
7496689
4021293
1670589
8579775
963431
9247682
4100868
6332767
679990
8973080
3856758
5195839
796811
8125484
1733496
3010588
1117180
3983000
8042688
8843115
6507800
2687288
8645161
6113074
6978659
8574177
1137516
6319795
4276785
4958437
6713440
8748339
5856262
8688151
7121931
6531662
432361
1221113
9420542
7001936
2338872
8933562
1270980
5459698
4553998
1766515
4199440
2996411
6394889
1991300
6984181
8177812
4854620
2745607
4488317
5839800
8696959
1828699
7946356
8330905
7331205
4888623
4009762
5817848
6110367
6932377
4338153
6472620
994254
5349532
930862
9805819
7092288
4885579
7411299
4156413
8259771
7108644
7747562
751610
8146362
1553371
7334083
4942886
9623962
7811390
7906269
5719884
2178446
6331772
2386473
8872488
5446767
4939571
9060285
7175496
4437763
2953585
6766960
6255413
5235485
2753195
2179069
4686354
3229780
1266412
4705832
2963394
3291451
8978985
6583628
5030253
2602806
8087158
3407422
5340500
4081265
1789325
6563438
7167475
8397193
811303
8396493
8770913
8277755
273007
2318161
2302180
3336574
460250
617297
5982990
3252072
6914110
6523631
2950736
4884929
2462347
4841989
6301426
858653
7192960
550037
2017823
1704744
7067425
8563899
66186
8476150
2199811
5997430
9390763
8134989
6217962
1758589
3250044
4644712
1739848
4348547
2528492
3118704
8205675
1674039
9346103
1379466
3561382
5122925
3587891
7458615
2513752
5423227
1489296
3258851
7682203
4583123
6587170
7709784
8877252
4247826
6358312
4261025
8124542
4298639
7991870
2148743
766271
5993172
5846877
2027153
8885660
6721831
5546338
6915291
3435047
5078971
9545182
4701449
4508066
4403578
8728186
9640306
2971722
4690373
445871
9199077
5145931
4828535
882179
3137949
5263916
6889423
7781571
7997903
5902450
6422560
2355951
6371567
4212673
2436327
1342042
6783652
9845717
5619697
7352431
1896853
4839684
2217105
6699324
1081806
9645930
6165411
5734559
1562553
7297867
6008476
2036266
5057208
4264721
7151147
1830428
7121283
5549342
4314512
1254271
2805073
4425920
7725348
9120194
8062831
773173
803118
5063719
3363643
3281158
9570104
3865712
8560022
3660908
3400250
3927196
2792610
2652327
9067560
8339258
2993495
4477302
3530497
5013363
9204439
7200230
5333947
7450341
3924515
9047497
4628038
1337354
3459057
7758268
4902508
6505652
7721398
8222766
5970824
9002162
1383240
8460386
3573618
4068746
4195459
2627724
5126110
2250157
5404429
7655154
9215350
8767369
4126331
2483238
975978
7393373
5184545
2152576
4084735
3587822
6987418
1065162
5840239
6839454
6925116
1550420
2594744
7237973
3930900
4934984
9379055
3093066
9120087
8784467
4784746
725848
4325424
5298784
3931302
2111702
2673141
5008631
7688008
4187167
5974915
380265
5006878
8319274
5480549
6474245
6380215
4605839
7397525
3612800
4514464
6106706
3844529
6566596
8252064
6707449
7310969
6864156
4549058
5110307
1270607
138571
2830639
7920456
6445832
9310158
7183540
6769942
3455845
3495598
2212579
1674752
592012
2573481
4689105
7381174
333543
1068153
6621788
3114727
505126
4386019
1004417
5732310
4203388
6812119
8529903
5267601
5380974
3043146
5279297
3545507
3525139
3071567
3799576
552215
7109249
9473177
4271910
2692799
6832832
3387187
1433327
6736264
6551042
1669058
2026360
5598833
5487005
7281340
4297995
6597465
3757176
3017772
5678613
5961974
5931904
4918742
2908632
3927170
4078838
4012773
8675326
3174278
1244488
1924712
6471015
3467217
4811320
4262656
2641335
5403409
7919628
4387992
1293434
5647370
3105595
3131487
4698441
6810728
8641128
4063905
4024296
2400317
4986231
8158891
4600392
9305548
4426779
602065
8775276
8428265
5933636
2830566
4918986
6655431
2090019
3984672
9375124
5572314
5052845
8055116
3976432
5508062
6389616
8600971
4298974
7225975
7522853
3700745
7558106
2559494
4921682
1009867
3434265
784084
2037502
3547125
1416233
6820056
8128746
207769
534017
2586247
5739292
8843236
2972592
7704909
6462937
2895519
9391539
1374824
3609942
7456812
2255919
509291
3013082
3778820
7249667
5629630
8027104
6777693
241998
5468516
3298935
4469395
4617487
1631494
6059618
3236713
419377
7407919
7398894
6297043
5415632
1283508
6205317
1071341
4824140
6511416
7942478
521949
2005565
6889317
3370110
1783687
7879995
4224067
4655913
1293152
6296740
6179972
5378671
7972151
4730110
2360832
7422017
4353093
3462394
5990090
2857443
1200929
4744648
8191573
8044899
6133970
4410690
5233395
375895
2614064
5414096
3667622
2638149
4474784
1802485
6848742
2314302
7925386
5942961
8205369
9255951
6283028
3456494
6522516
5340473
7165084
8886382
6285785
6548043
2393183
5577286
1479613
4033322
5852295
6713482
5987128
8086064
8683734
4013930
2829268
6466893
1168236
4075362
6481369
5594207
6516007
5054685
3332710
2045335
4501183
7586118
469696
6905131
6762296
7405181
699305
436038
4769835
2162538
6857364
5802979
631704
6929912
6218541
7753930
7968991
7694363
3736829
2632783
3795348
6672648
970203
3682500
4712166
3909024
3088915
3893700
7004490
321978
7704553
1827997
7134750
1630754
8250180
9465806
3351166
2615341
5692017
4203930
4872435
997715
4645252
6054854
4654230
2375115
3768835
5487077
6169296
5671424
6759185
6859158
3799241
6926841
5942069
5810616
3168073
7844800
5735489
4563274
7314956
5440135
8194739
5376810
1199466
1072684
3429221
382373
4305764
5160511
9546557
2000266
3745584
7064390
9860550
2553949
2853670
9193528
2357708
7928915
6604337
5089913
2048054
6075231
2319653
3403595
789903
3905752
949771
5394288
6990427
8340412
8444064
5325220
3326366
5355126
5248766
6220594
5062228
5636515
5032233
8529286
1204333
796807
6448869
8977335
3183247
1269330
3317026
6313146
7263966
5075689
5507464
7885534
5364705
6197775
775566
462584
4964584
3174716
5113475
8420588
3857672
5182448
575438
2022186
6161241
7441102
5686850
2986397
4784130
1511829
3679086
7981043
519576
8027548
3654985
3941582
4845090
8556569
3234465
7342596
2071748
3290679
2682695
6465135
661276
2388467
1337011
5235639
5453088
2221826
5744735
1723693
8534184
501761
2691290
6461109
6732681
3061201
5084420
759140
9203550
7524460
4253851
9141248
9764463
2574280
4118666
6077078
7516586
5945757
7651691
5945212
5323246
6572426
2879911
6826014
5320139
4396647
2234442
3259395
7434223
6100256
7474383
3482311
6339569
6728439
7168605
760522
1605387
8593581
4405213
3985290
8020191
2784927
4891587
6178228
1765295
6807914
9646005
5481247
3452372
8002493
4390840
3463122
1753319
6127123
2102403
62532
3214423
6561800
4632280
7703057
938754
8275753
8027078
8567658
4866347
3704903
304312
3487856
4804651
6279433
6803214
8700803
7312584
4782646
8143176
7090267
9102716
7247169
5835386
1992993
8663880
525493
7868467
6771437
7677764
3819370
7897728
9019870
1432851
3309867
1672114
7097167
5787497
4798647
8655112
4480794
2288514
3720286
7667661
1769765
3653149
9483706
1008942
4254437
824618
2220094
7179885
1979039
5368046
6169791
2732352
2444762
5604350
2875718
1881490
4296192
2989187
5053070
5510005
3377941
3074139
6415666
2796892
5803792
3940855
970927
3844668
7849562
8656470
7558796
5780283
7291352
3192592
6356231
8196656
3615520
8024363
7045554
2317434
3229915
1477975
5646595
2025950
1352462
7756046
6034717
2869869
7147774
1840893
3893936
2401538
2721461
1010501
1509081
9020767
3188667
4226982
4648596
7367991
5648393
6099793
5706286
7291238
2851777
1629193
6770232
1976778
4514779
3336265
3909941
4906352
7537643
6945553
5256593
4524669
4864673
763834
6072782
7431260
9782553
2488305
6575323
9413479
4633912
4747032
2317320
4043480
2306306
3999846
7448420
8576495
7517400
9702812
1406502
4867805
8369013
6719376
6002394
7686324
4702826
6271817
2629540
198591
5568754
3767702
6170398
4739673
2991053
5940977
6772063
4770197
4001815
4927364
9412663
7813804
3597438
1638523
1576270
8379914
2422424
8932740
1148569
5090883
3935127
9488158
3349612
6795049
5207721
1686326
4128430
5571370
5122673
3801869
5658643
2260316
444872
1336033
7006394
4644270
3601548
4534521
4965335
9060133
7274531
3356703
3940925
6341102
8699395
6919017
5282700
3995550
6642278
6805195
2376216
8415541
6190690
3289617
3529683
2404684
8877100
2314000
7500496
8859313
1783384
2356729
5086634
3037884
5050415
4330248
2234378
4035998
5362770
8384731
6955659
3855594
5363868
1608113
9009519
1714979
8762178
1986048
5120468
6339133
2258002
6675318
6345442
3111226
6415397
6271088
8279974
7728948
9036529
3088881
8977464
3355424
4559247
6738406
1357740
6149414
7332508
5134339
8339761
2407654
7091492
5586742
6418162
6142462
6424224
5856876
6183307
8521192
9205426
2525043
1443490
3287283
3714838
9216498
3030632
1047237
6723583
2714884
4718489
2568958
5897146
3958862
4465063
9786639
2236781
3484015
6824842
5501123
7402536
2445759
4070571
3254251
4866966
1050882
8042379
6782274
1781286
7725818
2972830
449288
1950224
4213320
4019993
5839786
3497084
6654567
6519769
3038646
327326
4784627
6986496
6911209
6751671
6744973
7871466
1917695
6171105
6424678
1430194
4008084
6531583
2493504
4533502
6387205
6345163
4779268
4629954
1439072
6482705
5812436
7506040
8320001
5180540
6013820
7889877
1165244
7511971
8321799
3187673
9527578
1993636
3213445
3101894
2558569
7840795
6722633
5480557
6850044
9314736
6066412
6236013
504832
7070299
6617348
1510219
6039502
3799765
5425626
2413804
3834938
1707602
6946337
2282996
8953192
6732341
1975049
5985412
2751968
7246919
7399562
8519754
4826988
2239741
7648254
6122843
7216654
1747242
2213772
9278491
6090530
4759491
1859554
5736758
6820771
1985737
788730
4288983
6784349
7210756
6215663
1560932
9053822
6890686
1474249
8284816
2618044
6104328
4222515
6537467
4032292
8501240
5893325
8307005
4737494
1302996
7730440
7476098
4894846
4239591
1804113
5394024
1286026
659312
4183485
6481068
4649643
5994051
4584082
5122624
1102077
4031201
8134896
4533147
6350999
6061626
7716230
2581842
5936719
3029721
4655658
4599296
7084041
7353095
1320220
6038556
5118311
8376573
1934021
7771209
3051764
3005008
2692434
4166330
6813342
7596985
5373055
3742030
2087276
4743120
3968990
5064127
1137506
5278735
4919264
3504586
5874081
6321576
1367982
5641558
1054033
3244283
3564075
783168
2760447
8405084
6698251
7359455
2565862
7268406
4263400
9787114
6439768
5652047
7115007
3654044
8803896
305911
6871831
8656913
6536012
6442025
7896455
5102516
727527
5306227
2118111
2700928
2511624
5379357
7831031
3508599
6729844
3321381
4450873
5510141
8835211
8119502
8939575
6221841
6743369
9501496
4927805
3052987
6767550
5793552
3994568
7631771
89699
2417858
9075753
8496860
1491929
6403916
8384431
4087172
5750583
4854621
6444083
9042636
5439049
7459561
9185574
9387402
7758195
486419
4212837
8340411
5634794
4855465
8676226
5671027
1692124
2815207
8536248
3699129
2061115
7455367
8975623
5178157
1438588
1182686
3547864
3803614
6405908
6493089
6977053
4773095
8276991
5714918
7562279
8700310
5090841
1883928
1156161
2430787
5866953
7663192
2706844
9271300
2785388
3674375
5732611
3743451
5256496
1189778
8763876
421135
4079511
539562
7871206
6070766
1188187
8150014
9213573
4085535
6973819
9023060
1512408
5980740
8559968
4816244
4195401
4838805
9834617
3218995
1430209
3753115
4530703
7157662
3230512
6137705
5798794
3287166
7799320
812096
892392
1723527
2400271
7427050
6318567
7866882
1934969
6357740
3007689
3316608
2877570
8190170
1690098
3833528
4977063
5651578
7752731
7116606
890653
7698222
8250466
6402046
6753766
2736003
2667230
6660307
6317163
6356596
4800743
5754762
4128532
9298844
6154361
8246864
7063535
6141117
5544522
3994907
3800329
4453246
6491691
9144402
5210017
5856793
2312919
2337717
7969784
8552376
9251717
7104809
7648860
4623108
2558695
4728514
7750643
6261687
7251814
2859159
6935411
5740517
2889496
3089518
5747564
9129250
5397082
8631549
7321996
1914458
7183453
751380
7754759
8559008
3442960
9530677
6679106
8950931
1557737
922255
6006339
8801501
7247150
567157
7232754
4224560
7478368
3047419
5757993
2233609
3675344
3652794
3402915
8390951
8139782
3047096
4128091
3217513
7972269
2734223
6661765
343730
1508593
4171247
6314970
5408820
2179627
5066313
7622295
6047436
3595984
6362964
2173525
2440142
1071687
2208352
4638617
4691328
9266080
7907860
1650051
626631
2576112
1655532
5186067
9001114
3789272
3775332
4526795
7575580
8838658
7593854
3709037
5191138
3432939
3654150
4944385
7200580
1166995
4276208
4462795
7395489
5456899
7340619
9785351
7071348
1670441
5654342
8167846
7891858
2809548
7147787
2313704
9254427
6566852
8304217
5696761
4924670
3475787
3153696
5742357
6806833
1594776
7125780
1120783
2977301
6443097
7825285
5791461
6638942
8326775
7538724
5222082
2933805
2156631
3099055
8650295
3171744
9512127
6694942
8526066
7016882
6712007
457293
835192
1471565
3308990
8308902
7538209
5005393
8217698
8804978
1304727
6880581
3338259
6376066
1423974
1045726
3208056
1907510
8225295
6267687
6773986
3065836
9366809
6912374
5786096
5984687
5579263
6221872
2826799
1760144
3311516
1745708
4154871
6686429
7854111
6726811
3192688
5783700
1744138
2678684
4062047
7053160
1579626
2042598
3887252
3525657
6562041
4896272
2892477
2507187
7878925
7913029
2764619
7526704
6269689
5061171
4567108
6420804
2370239
6813673
770573
5395237
6623464
6950231
3823769
6307888
4382893
7666817
8609473
1961884
3207488
5999642
3632884
6794727
4883705
8230822
4603943
7259861
3852828
8592618
851394
1061691
8433396
5431200
1179010
3419044
821400
6060159
8439630
6475183
2685780
7837043
2981505
7335092
4291725
2818619
4649018
1629282
6239061
6906236
918401
8338544
2775428
6976825
9604800
1184268
4288120
4337224
2122151
4758445
5037716
7434410
4572953
4355391
2074826
5527748
8107958
7745932
3800070
3987090
5474697
9456899
8187813
4027134
5235253
3673737
6482481
6492385
8194797
1933014
3509623
2829854
6877153
2635035
9019472
3856884
6051226
2967378
711830
8215057
5232810
3719978
4172840
3237289
2522816
7212297
7073134
8483924
4889806
2747305
1529663
8915930
9559288
2235177
5890938
8659079
3294225
9152133
6935318
6518023
3448273
3184763
5975712
2145785
2188602
6011643
3428541
7264425
5477571
5487033
6896382
8909360
7730892
1463673
7820149
3000538
1058357
4684881
5629710
8098418
7075646
9377090
3930367
3179199
9818577
3860048
4742804
6726360
2227263
4801758
4561968
9316769
2722715
8021592
462422
5645221
1956041
7310109
3478029
210876
8620931
1850739
1822990
1918622
3264371
768512
6760113
2127579
4677417
1274351
5275884
6899745
797601
9406072
3305625
3081282
5130295
3845005
5244516
7312240
826876
1716625
9661482
2783880
2938916
3440701
6398236
3578130
6771837
3710449
6622994
5688287
3666303
5820115
777566
4469846
1709487
814418
8005704
7306657
1299017
7867001
5368699
4221271
2426905
1383407
3250739
5627703
4107039
3245624
5251617
5028477
6074845
6018332
613439
592099
3751133
2378483
846118
3199486
3798465
7963674
8157888
3461295
2369938
6081057
6308671
3999638
2492632
6565695
7286188
4874543
6815828
502335
4208547
4820191
3604450
549590
5449787
3910954
8247455
3911762
2166690
2635646
2103133
5222134
8085442
5762714
6584817
6387132
7281003
943739
3352098
9726065
2414769
2722609
5618246
9612423
2728458
8936223
6722432
1027235
4517796
7408133
2541849
7134117
754509
7302192
6747580
4225184
1408778
4214290
2514043
4581880
1333688
6177612
6390795
8827173
7916406
3078404
649521
2054942
2900419
5776252
9680265
5995853
900330
4583559
4788015
7812439
5480773
2463762
8088501
6312091
9069346
5583274
2404878
4623489
3854246
3091986
2955922
4678091
4819608
7769730
5095471
5124151
7127807
7672657
1727520
4932326
4687470
3305233
2571587
2684873
2950369
725652
7274313
4222802
4595170
26689
5080677
1370572
3383266
5764168
6768097
8380568
3668727
6307620
6332256
3376872
1371949
5982956
6053908
5698590
5189609
8642744
1981600
2782503
1799551
8801156
7331921
2024584
1143751
8438226
4941557
1894723
5028104
4604223
2897053
6534245
4245535
2160232
849383
673117
9052001
2530858
6888936
787902
4489283
5156551
8169212
2105338
5261894
2963674
5154583
3733041
8147421
3203777
6215020
6836142
7567349
5624566
4822162
3413351
1273435
4940484
8114197
7249185
9676397
5284360
4323075
5964781
4796480
839674
1330356
6818784
8844427
2396114
1341175
7600139
2995013
4192537
6597097
5609719
5448831
7494706
5917464
4051766
4612095
7937126
2051175
3570468
3264288
3123191
8339819
2570299
6839158
2768602
4417793
5549851
6128248
3320392
5649426
3176546
1957468
8680915
3709652
1658327
2193566
4292731
8101334
7475808
5868617
4672758
9344204
7238572
7803039
2191251
5170548
7050209
3427406
2543565
3639940
8771014
2538142
8065036
2578584
8151798
1913300
4863984
8317749
702072
5765641
1261320
3001750
6540399
2100582
3794935
4117908
1354414
2479426
3681957
2682149
7528491
5194118
34794
2718785
4619092
4119888
4067975
7900018
7944917
8484180
8080855
6501923
2534076
5041878
2921598
5655376
7592100
5228052
4814905
3759670
4910855
5850810
5068870
3385065
8402850
2772073
6978855
5005403
6185689
5150177
2838331
7844412
5664994
7588922
1853058
4069954
2327401
681836
4754156
2599069
8527127
7099270
7689364
8892960
3403029
1346578
9527221
3544824
3325058
230568
2518294
6642851
1133867
9331383
2622472
4639670
3414072
5833464
4935324
2635776
8160187
1445614
5578780
4137663
4735685
4243092
6370479
6476184
5075779
6802028
2410114
3061915
4337675
7983022
6614715
6131949
7011061
7759897
4929376
1519896
64069
47027
4613979
6417105
5552588
2155160
7828179
3403052
6206699
7421854
4659546
4317668
8153629
3442217
8258247
3887516
1306644
7346511
2886309
6361212
5799317
5880554
9608005
7691508
825097
7570334
1103616
2213287
4605020
9762424
8185988
9259756
6244103
2214290
7257635
1819788
4554175
3048614
6156715
5414215
8026134
4231385
2789206
666722
8756775
4699418
9241490
2020888
7792276
6552255
9388030
8337892
4026137
4933922
9674028
2741923
5769633
2101635
6815058
2146074
1738065
1924768
3154999
5261950
6449327
2033016
3837779
8133221
3049890
6173501
5018491
3672053
6420473
3914282
8475745
8216438
6850973
4750487
3838204
5541686
3058027
4838953
3815620
828418
4959752
6513902
1343882
4344674
1003988
9176569
4421398
6319966
6576433
6525920
6973255
9498938
2063011
4462665
8636812
6533743
7949966
692333
7732725
8303443
4050305
8352401
7384037
6146136
902835
3757839
2550378
6436583
7447049
4532560
6120926
1463971
3252183
4166424
8270970
373792
7534074
9488131
3504729
1903104
3663260
6034673
7132502
7250946
1596383
8177511
5291675
2241587
2520234
5859982
3988145
2784852
2820353
5125968
6206500
1120369
7722448
6475098
3873478
1514596
8382080
8163642
4840372
3364366
395618
3072705
3378844
7021407
8048030
6323008
6527077
3974686
3675938
5236370
8596641
2858243
3055409
6906367
343428
3976648
6222791
5513619
4900342
301518
6873193
6644730
3315429
5119102
4254867
4231825
6085269
5458711
3078429
1075339
4955830
305983
9007273
3993093
2460389
3900723
9669887
3099014
6823017
8061452
5378134
9305422
7478802
3987814
5233137
8781570
7628147
9339694
3180900
8465810
2522779
766421
597230
1822929
6871516
4977923
2401378
6255716
2025922
305400
9144117
5807573
5470223
8039272
6077742
4573150
2215419
2586686
7645359
5488926
8986482
7952914
6986580
6181605
3977606
2493543
6556565
8223211
1059930
3926226
2998370
8178799
6684084
8643818
1285600
1964322
8179596
9234809
3574474
4675553
4059056
6439907
5251420
4735290
1555773
5873103
6301264
4056273
1818803
4780975
3771210
5824818
4657489
9365547
1885700
7265363
9108462
3177207
4901068
1589868
6830081
7908073
2740882
2549685
5927387
2416441
4077937
2056205
8844664
4890724
7017387
3614248
927042
9404602
7651470
5838928
8699846
2205039
6157669
1784495
1833448
7273959
9043688
6761329
5835664
1626725
3759292
3353493
1109761
7150996
5903759
3209312
8399999
7956202
8531813
2186207
6456238
8916999
6598749
1319091
7808817
472682
6024074
5346159
6581495
3581075
759568
3998211
5269618
4871662
4263210
5471005
3190570
3194711
8996805
5436174
8197770
3739321
7726045
3511797
7349190
1428078
3642158
5975981
9069898
624955
2591044
9038288
3922330
6109882
4548178
8674311
5055853
5257537
5565054
6243440
4616596
7163259
6568329
9436875
5583765
7496427
2964038
6243237
9751357
5972547
7393417
4308994
7293061
2418722
2217325
5819687
2149458
3652356
7290785
7882446
7117290
4776614
8627606
5230348
8766316
6052998
1637694
623956
3642503
6882447
8112302
8621803
8593614
3684679
1998201
4253947
3595133
4134696
8069410
4957423
420516
4590301
843659
8930476
5726574
3209247
8703646
3174423
5189957
5539655
3614649
3572192
8625802
9182874
5497984
6151511
2899199
3289744
6481230
5252460
9507926
7642553
3124865
1776173
566675
5226651
3212361
6568935
5761580
9133596
8987639
2334020
6377713
8367468
8085912
1985356
4587608
5256142
5560549
4937016
3569799
5420325
8994377
4253177
7407065
7862527
9067626
7900712
3534029
700619
804407
3373530
7672442
4008064
9645475
4350155
8531400
8528285
1322299
1609871
8313807
6048820
5612132
4627305
3226599
8935771
2993098
2644712
6682487
3526139
6919661
3358893
6686448
6306221
8684675
3525283
9148558
931555
6939122
7831675
4200815
934318
7425792
2672327
5491664
8706498
4755973
1998969
1021353
8516279
5081505
7465241
4233470
7642108
9538209
3955267
638439
3895288
4782433
6035500
1719503
4582980
7589235
8543199
5690445
5997564
7309241
2031141
4495820
8159901
8400604
7881809
1007995
2472987
3009390
6707474
6617396
7983966
3124437
7002099
4222697
6836124
2964124
6160115
3974398
1019946
1892987
3321588
5843629
1486727
1978947
4478575
7874029
7820893
2595164
6321223
274596
3395904
2661110
6698708
1491669
1271541
1224688
2999805
8209986
7504888
3198615
2693860
994525
6689913
4469198
2559272
5441461
9306542
5294110
7252354
6500625
8538139
8060057
4668320
3956270
8799126
7608856
8666368
1727400
897206
1037912
2233269
5490825
3395829
3390508
2111074
1900767
5378159
6908972
9542403
4351409
5416524
4041661
6700943
3950382
2409032
5825875
3917548
7660002
1229025
3262609
7364767
761242
1713932
1925001
3111248
5911846
4326207
3714247
7300310
6944244
973984
6426215
3392416
8398200
8042382
3624249
2864147
5399214
7030872
5441867
1956502
1811778
1021452
2449145
2414638
2462037
3422684
810420
4939666
3983449
6871339
1488409
2112286
174457
8010199
2102379
1139926
7495919
1762738
7674175
7828938
3962373
7290656
1415487
6936723
3854658
8620527
7409526
8152294
6374609
4833702
222758
1984487
3544670
78925
7564648
7974215
4003457
5635141
1686162
8996250
6844284
3841874
2549633
3033452
4361424
5995259
7694828
5185769
1428142
8807830
399274
5833251
6008801
8247481
3271721
8659663
5843777
3390459
6847338
2953712
4901257
3320663
4913004
7374142
6659182
5036172
4695361
6738936
6987906
6528940
7412094
3546412
7820973
6860866
9446276
8031828
6164117
5871975
5256191
1539681
4772126
7795982
6427324
3364475
250696
3263731
1275887
4540334
7704867
8270808
5531934
1337039
4202549
8449718
4235500
1925211
4504856
3457364
4089099
6706238
5180823
3906637
8898244
3702001
6142786
6233898
5120543
6704551
2440988
3043691
3744741
3305801
7141085
9579428
1080594
6859734
5745019
9763607
6250723
2009782
4810767
7346956
8380738
1793257
3722110
9265741
4009781
4016778
5992849
4884179
6257057
2872422
1373944
5857473
4717017
2298605
1465491
6155038
5295473
7359815
1797460
4053857
5054633
7725595
8768354
6782819
3000469
7035888
8213094
4266048
3598871
4799282
9216376
8448285
6265599
5309747
1091454
8617485
5517858
6082043
4817444
4945595
2722084
2767512
9180093
7879415
4855219
8082207
7283087
3176702
4207577
6140428
4099803
3474393
3703881
6880994
3718695
704575
5739872
5095740
3088817
2633740
7943514
722774
2888114
4702501
3822017
6773170
4779861
6701755
1587312
5819806
9956236
3156539
4054042
4972247
4790892
8778679
3142263
8289060
7175719
3286116
844984
5936894
5117803
4127970
3452031
6585960
3735958
4101902
4696454
3407276
4861438
7412409
5581269
9512054
5624015
6112913
9108039
8822901
2751419
4008839
7500573
5759884
4963915
1463914
5025731
4739401
8010382
6115683
3755258
4070309
8901953
7132506
2749521
6691967
2464918
4170550
5215790
5406744
2608260
5403935
7457219
2983377
2262083
5467170
7435019
8233361
4533044
2783511
2386199
2789094
8889723
3728943
1033923
3972330
6598699
4083106
8777471
7180534
4192543
5592136
5958691
1225027
7501877
1834360
272563
5868005
6541191
8556540
6909924
2062999
348700
9327712
7715774
4061816
7424204
8686616
7598374
4060996
4343104
6391640
7307443
636387
4363637
3890688
3404370
2551677
7933533
1884764
2888957
6519335
5205432
7022090
1225182
2480340
7671235
2022182
5447238
7482130
4892040
9602126
9473766
1620068
7199707
5010859
9022408
9490308
6634709
6617366
6888400
6786236
2347461
6371549
913030
4869256
7879581
7029193
2030376
1124028
8233775
7014826
3581406
414496
5928723
2722113
7001180
5166137
2778801
4823086
3930340
4324497
8342366
5777611
7083605
1115101
4793979
7216540
3102893
5815811
3879790
2739355
9034665
5991912
5839825
5721529
8731243
8901105
563597
5062615
3889412
6502941
6165776
4803990
8790953
3085527
4326349
2526493
1345368
541191
4558231
2225574
7150430
7988159
2296631
2742679
3126729
3096446
7326766
1251332
4826389
4326676
4567942
530965
492435
7624154
6890724
3280033
9353611
8669172
7632688
3782621
6624740
7070360
3482199
4231191
6498736
6920450
9116329
6245997
6428214
1391350
3803146
2767755
7953355
7633220
3318644
2923874
2159159
5091542
2281299
1030817
3169058
3965284
6765193
3653099
4118290
5607717
9066926
8058475
9523014
6836721
6115763
5459847
2862242
8582464
6653935
1675045
1699422
8256963
6180605
3335644
4876411
1842758
5289197
4565787
5840442
3539919
3922362
1329690
5590828
4334262
6790644
946561
5103714
4218001
4220629
1269342
4723667
7197769
2918897
7737581
974369
8476682
6652798
7697829
3680749
2828733
8269274
5813590
1697029
4905646
3156122
148370
3350060
6861282
6746996
4595650
3353117
8415270
8659298
5807343
2461334
3892186
4022854
2094464
3033127
4775100
3476379
9227606
9370946
7092563
5135315
7068161
6338478
3755736
8038922
2489628
2449841
3046485
1220690
6288579
2269534
4760255
6022132
6549995
2898713
9335981
2231534
6686747
2613588
7584624
7440129
1077045
6280082
3430612
8969864
7454601
7508034
2304646
3162296
3821330
929891
2941424
7112551
9396245
4411730
3732009
3281368
7208817
4907158
1598459
511816
1784599
3946361
3266879
4542521
1682718
8755012
3767351
4772877
4849577
4143325
5288592
9553090
1276853
915182
5719729
2111855
4481738
5885154
749168
7505451
2585918
5009846
6256846
3072864
7796614
5627008
5330493
7675684
9528746
8409290
4916399
5683367
1587412
9503862
6575674
6932603
7590737
6978392
2731036
1587823
5338803
1599460
3940223
5532508
2709476
2430841
7348978
1364965
3978585
3992183
247075
2985455
7125387
4863003
3095935
7972712
6555714
1083502
6405826
5634096
9306870
7529230
8307288
1621624
9638913
8407430
2326313
2676509
2897601
6820062
9892224
4031575
2928056
3026901
9109250
5928363
113863
5535152
5430883
5049927
9116515
8392931
2330358
6263251
5984519
1795747
6556796
8716815
5960491
5930668
817063
4577411
3106403
4658708
7582011
6559619
3918512
1130581
4236232
6192073
3045700
5942981
9737420
1402899
4786881
2721880
4799689
6165476
1810759
975581
5871090
3724385
7343544
4304698
5794452
3873313
1872409
3287422
6539961
4011746
2678906
7293429
7315001
6316985
8671843
5515557
7369532
1511282
938072
8422968
2460727
4198731
4912544
4455557
3461562
7950691
6438529
6873324
7038209
7306141
3901152
6366467
342129
5369806
2528608
738723
3155068
8866069
5580199
8503828
2438090
6581505
1393613
421087
1069374
7690358
3544316
5316328
117137
5656390
5853545
7064758
6891439
3172054
5936148
1790034
594001
583132
5895895
5916287
5709247
2124711
7194920
1962806
946760
4149420
3198608
3471769
4565351
9757655
1736944
2776978
3461600
6910776
3263007
431045
5761534
2755590
6684345
9805562
3061203
2110993
7110017
5644314
5353054
1397835
8651982
1865842
1180461
4483920
5255123
5163130
9906206
4707664
8297946
5637578
5801519
7772793
7746584
2120248
1003043
6040464
8263976
1749303
6343166
8795534
2073323
6494106
2528818
3889383
3288429
8435865
6652428
6785846
8780706
5708271
8733916
6493790
6008656
1507697
6126189
6682451
4578422
9309238
7509984
4239444
4331083
7757817
7750554
1938313
4615005
519383
7306662
6209949
523057
7592667
4557473
2500356
8494891
2190630
9148108
7154239
829382
793549
7292610
7771806
2201910
5203554
6290234
5129281
7994208
9936692
5621209
5215506
1636779
8500484
4481236
3684414
858646
4635714
4054798
6229282
5700686
6743939
6909113
7060920
4423319
7575391
5711303
3386467
102471
4913022
3996116
3690880
7481484
5656646
3881081
9163894
7372453
9346575
3349781
959189
540107
6400027
6523901
1252003
4001567
1506383
8998566
1782000
4400783
6689764
5584419
6264656
3832685
9371264
74073
6775989
2887087
7254684
1892799
4650820
8070031
7991195
6307453
8543035
4735680
7955776
5610310
3670059
1985966
5294871
2325610
5275162
9732893
2901923
2536313
4383323
2968736
8596266
5470618
6873113
5722293
874479
6183456
6735415
7955289
4154620
5602262
6250887
9128068
6794694
4666329
2852104
5776562
1468589
9393979
8569521
9385172
6237040
8970439
4144128
6381251
4318076
3030876
5397703
5609504
8663880
2034074
3241100
7444343
4689708
1828521
5173916
5715899
3439023
3559633
8654813
4538509
5543159
3956710
8018174
7789702
6737293
5963245
7743760
3382569
6074423
394225
930092
6754437
9493992
2669845
846938
3206490
1504634
328016
5283013
994575
642529
5229284
8048062
1769020
4642663
3705959
5745694
3078159
301759
2852141
6903303
7909048
2866956
2969609
6394796
4890523
6749569
7199043
8199475
5446110
6423548
1531414
4039542
3192894
3722284
1384325
661283
1600813
2278039
2114480
1560672
9234788
6812180
3455422
4447111
1247442
7939243
4468726
8391961
2221682
4447854
7138149
4269297
8618597
5694243
4779133
8442066
3419501
3400345
2255752
2475032
3098231
1065037
7622773
4053569
758751
4719582
8303719
4505740
6630738
9609983
644108
4655023
6865323
7327436
8211398
3587453
2483598
5524055
518860
3387665
8604840
1490350
3307128
5365055
7227589
5200477
4840539
3373921
8456935
7656153
6143594
3245975
6617366
9863998
4663415
8180186
4693294
1869689
4984706
8409390
1639431
9225808
7060147
8668151
4971050
4796043
2346538
2869035
6532548
7543503
2140418
5692675
4183710
1450412
6247920
4685973
3285340
972110
7696965
9911631
5087078
5253516
1007945
1428685
7287783
7564013
5937843
2145309
5496101
2340272
1776844
6157718
6626412
5561410
1991033
2891298
3125649
475583
5582965
757389
1519045
8986128
2575607
5790984
8137109
2477457
6803002
8477855
500749
5558837
406380
5587155
5665945
5468253
5720191
2987568
3887519
3146384
4970908
2672346
894642
6237301
2409723
2519846
8846868
5118581
8009634
3897640
1693571
3717034
7865432
6681110
3079839
5668849
7200966
4340359
7180180
6270753
4039726
3761139
7014052
7921371
2397031
6223724
7935000
4025643
2947789
4946763
3549179
6177654
5706747
4741844
3161981
2317147
3407010
3063323
242463
5808771
6919134
7356645
4056230
7876403
1927527
1205572
4984563
1969016
5472847
4713174
445414
934716
4753893
5258135
4544359
1356708
7519598
2820422
5279804
8424565
5841256
3710487
2871087
5559637
9627653
3087678
2995070
3117759
5656034
7242393
8891248
4919510
8468357
1115025
6108734
6355716
397056
1863769
688608
7739603
5667648
2670077
9197122
4608777
1358113
2734922
4705695
8257771
1706191
8025679
6163708
3604627
3800797
4965942
2616677
5409576
4678104
6413373
3482288
5019429
721976
3234111
4535849
2361689
6920959
1641612
3212648
7459607
6807503
7423601
2992432
4885472
2222311
7347313
4838913
9462704
7009697
2715859
5036233
9218948
8072880
5369201
9211686
5125189
8036912
5684276
6831779
3478574
2269430
3009854
2672232
8538113
4388928
2380803
4068937
4638741
6617561
7599550
4559484
2520374
5390687
5184840
5765449
3306775
5335808
3260129
8337481
3956472
3520707
2213995
4970469
3224110
8864692
6751575
6672763
1594002
2044601
6338425
7412051
8226726
1649066
9644395
6597847
2098637
4563868
1020973
7349006
445727
3260840
2429586
9411418
7216748
6659917
2605670
8781416
2820950
7567578
5092814
3234104
1699638
2118611
8026486
3602726
2281322
7083927
5565940
9335226
8377084
5490578
6391124
933496
4735541
1936929
4013053
8105854
785428
7762663
2495060
4045298
3779366
7963085
5285110
7512119
2895229
5443555
3051577
4595259
8185318
4818397
7850962
6729083
8097384
2851548
4021050
5268670
2812409
5324758
3335386
5468783
4813729
2153617
4989817
4530082
2790330
9663325
2603318
4108096
1831881
3739421
5471653
6294576
1642545
3939377
3491835
6922164
2189878
3362929
3934455
4091111
4623814
2826927
2061986
5963135
3378929
1743430
2509617
8237339
8931492
3699601
6642825
2971889
1858364
1802416
787448
4447389
7312763
2058808
4991934
8334480
1540799
6394007
4007596
4277900
988327
1548275
5838252
8959996
4950923
1018294
7217626
5423654
2344047
1965802
1559958
4336895
2651661
9253165
3484360
7359262
8579910
937648
6224228
3412959
6374877
8147899
4992301
4402932
653148
3484790
1019423
5799182
5574876
3664718
7293501
6775056
404696
5560693
7587137
7649663
4597606
5579802
7563684
5523396
4196734
6151971
3488260
3930996
8298241
829399
3307000
3887487
6091667
5046744
9369594
7522414
1421503
860049
5806231
8490649
6391015
6448857
4662733
6549282
7827372
8522973
5808811
5314657
2350903
2381197
2402899
3239802
5380877
929997
2111750
584610
2217471
484252
3472088
6351924
7154530
7616696
5056809
4098978
8282823
7879021
3104280
4655990
7008414
5800020
5461170
6495237
4068206
6883284
6542709
896688
6223604
591717
9159918
5583664
3587941
6095592
8841779
7943393
2805923
9585329
5197242
6835623
8672925
1877181
4139857
1787065
6858509
2472550
2409340
7850426
4698569
6438898
2329526
6113834
4486811
4832402
5660216
2624161
9908695
7404916
9656903
2907865
2876318
3532594
6055854
9309060
5897197
4655344
1705760
6717369
2671318
2125014
7397876
6657283
7119428
7283683
8317024
918099
3865774
6284376
2394703
5467831
3847979
8754082
4517692
7105641
2923916
4669858
2063240
6975238
1752286
2999711
8301735
1442815
3509978
3086501
951411
4741935
6654765
4708845
5908845
8263689
8200658
7303222
3647465
1746852
6867184
5598051
7456092
482156
4559721
3703096
4758942
7598120
7180572
4368062
1849435
1901071
5530616
1526147
7936753
8823903
560143
4902694
602059
7288969
8165979
8472713
5523109
7586474
9106004
5972670
8753235
4595959
6389446
4550365
5498633
2624403
2929734
5531320
3421453
2637496
8431545
5247578
6814881
7487157
4718652
6800409
4533067
5155246
1848435
9359491
2681124
5957165
8336272
6674788
8889817
6434733
1080587
3634193
7693007
1751155
4170408
3594581
6606775
9588763
2985250
2847988
3327048
3352254
3158964
1964849
4581156
3957731
9594992
4538145
9556531
3308541
5625844
2795177
5026063
5801580
8550317
4598880
6739942
4164834
2107220
5602202
6098262
4980811
4974729
5406739
4821944
4506784
2746388
6585759
2854289
9352967
8113111
8297607
1503918
6029502
6542482
8335867
2839182
4144034
6524470
7959043
2924785
4580829
5419116
3900032
6062316
4117704
5916844
7183243
7153211
7224491
9396431
2119013
7722467
6048583
4262914
1034107
4510821
5138297
7635793
4503993
4507289
4902037
7824509
5711066
6793067
417134
7430861
6027836
8050606
2338905
3993357
7549718
2534738
2839226
6798499
5634375
8785598
3853076
2181683
6485801
4607052
1035874
2864104
8014052
1469236
8636889
8095828
4525873
7625086
5363924
8648516
2859823
6527044
2024977
3994178
8981107
1264294
3490412
9840331
3169645
3990804
6029227
4681875
6644784
4402345
2125668
3109928
7208482
4040529
8282712
9708176
2068376
1570752
4088840
718756
6002675
1483313
9012234
2970414
6168331
5991547
6453189
5824402
4637120
3656205
2715992
3063427
8611161
9221702
881152
3723900
9487768
5422398
4773877
7712906
3808182
2464578
7497688
6230365
5867936
8162357
3688482
5540025
1491679
4947430
6050626
5058773
3746635
8767178
7131560
6739408
4090347
9108904
8216973
4357177
4655206
3771996
3233144
1468070
651061
938768
4848326
1243236
1654956
1942894
6180927
1916547
3639223
4966353
6603411
1513972
546569
6849792
4303227
7377418
1051648
1485930
5834274
1734725
8674295
7322697
5142372
3670781
6852440
1595843
1494869
9464362
6670966
8163184
8314264
2859286
3342033
5194117
6838756
9052025
6123431
7630673
8011430
8538711
5203670
2257044
4510255
9647476
1634652
7962975
7306221
4141556
8805125
5946630
9519664
4035169
4593586
3436355
6137169
5862803
3745516
4286113
7976495
9376099
6327330
1217616
9840158
7661036
3210202
4266829
3056457
9248079
7749618
1045872
4940642
8498220
7631451
5094704
1392813
7882227
2666590
2954450
7134253
2226007
2906759
2046873
3742461
6530946
4443942
3488759
8173448
7918784
2273161
4624657
5469155
3596884
6472179
6064822
3602462
8136730
9121708
4173485
4787035
1177675
5589045
3429418
1294826
5930994
2733420
1424976
5221239
3290848
5473499
1006953
8212151
3320438
8040648
2196679
2789961
8778764
1920895
5913062
6921553
550763
6793518
6812941
4607447
7713520
6189936
9363373
3861696
7795837
4801125
7841632
4963135
4819526
3697542
3364121
4566165
5707658
4933620
1304362
2374191
5079511
6290321
1676774
7574921
4685080
7152804
5537022
4273290
3653316
1314909
2379110
5282765
1771767
4861487
8816968
7602356
1315309
2548007
6922777
8458651
6842118
9096162
4776970
4120444
4831770
7917826
6772625
3828648
5625765
6733830
5050928
7203695
6619023
5842293
6280118
6931252
4460556
6282223
1527470
2810943
8122562
6531184
3295170
2796252
3008523
1307722
6524014
3169949
427885
6640191
2536896
1705210
5811523
2851834
2861158
4150394
615038
7299442
3048486
340326
3708070
327524
7986298
4830534
5322830
4411474
2726579
8370968
631637
1068386
700238
4045623
3389886
6514708
3193285
3910064
5316788
8533645
9191959
8474896
8954946
5141060
8696458
3867619
7899239
778002
3778102
6382832
3091742
2661723
1946305
3523244
5669269
3283225
2081114
6873994
3305008
4815632
8910972
7546634
4400859
3939911
7870410
5862459
3731135
5368221
7706306
3347490
4528073
2932089
5784344
6765946
4588237
8258521
2082109
3387979
3906266
3660171
1638755
5576486
7261661
6616870
4818874
7881767
6614504
3748916
4482620
7474546
9389397
3528071
6315834
4035213
3416626
8114504
3119741
3254514
7462513
5507755
3277555
1649912
7792957
8802393
4878701
9164643
5572775
4875382
3766937
6704281
1260306
2722934
4662847
6512922
1651266
2707767
1525243
4344206
7469956
7270469
3492863
8496654
7821322
6877447
4597888
5797196
931975
1447293
9566199
6614347
6898310
8497134
7401864
7774594
2036888
4333168
7848681
5582250
6896883
7055766
5958993
2246822
6747444
5716406
4157134
5250982
4812830
3025003
8138651
4344141
7680094
7082602
7286317
6992819
4349463
3939259
5212687
7095444
7817092
1238129
6956560
2070374
4299737
686871
3129877
4594143
8328561
8420761
4321716
1478315
2780061
7405102
1472475
4202225
4035227
4101207
5363108
3545501
3226394
1643989
3696079
1939533
5525015
6975411
2886869
5150648
2981090
9458291
5719274
1382869
1910878
9726766
4385897
7532831
4008885
2380711
2061060
3939949
4875196
7662256
2924974
6010893
5564227
4501830
6430345
5023256
2928463
3924221
7815078
4900707
2811464
2965866
1600714
5725623
1373571
3809922
9333832
9813712
2814167
7600266
5804215
1860252
863704
7135419
7474985
3483549
4581044
1819754
3792700
5685123
7713566
3491272
6397780
2285650
3089688
5183455
7888170
5200244
6644710
6255825
9026328
1589916
5837797
9058036
7270177
6906487
7365728
9932760
6883656
8225491
1881369
6665813
2374252
6077907
4387748
2672137
8539563
981611
4287421
6344263
7912967
5405277
8689526
9357430
5731671
6364106
5889793
1930257
2798200
6739201
5626743
1381324
539774
3625368
4826257
8576413
9004384
8278003
5498303
6586218
5283808
7553253
8874913
9107581
6644067
6308144
444025
2387147
1452254
6989805
9604681
7593869
7883790
6449294
220551
1568091
5774534
3727330
7801538
3803260
3711029
5176533
914198
8643291
2169079
2858489
3648482
545961
3623574
8159329
4500036
3964033
3780874
1167800
4645214
8294133
5713555
1304861
8819477
5650608
5579178
4232469
4909624
3310108
5053308
9095893
1694298
8303176
4798929
1739981
1505897
2487149
1297143
4289470
4815021
6873842
3092845
5151410
5517558
8472107
1198571
6511000
6105920
3226451
8413501
5589844
2818096
6908679
2227414
9104854
996094
6307773
5564138
1375063
6505787
4262428
2394519
348095
5956033
8961439
9489168
5265038
9094837
6166928
6827419
4504004
7233954
3248122
5704239
2866352
3882306
5876768
5881486
4244344
9056777
3287205
5609260
3089771
9330178
8585976
7831064
2288832
5283593
858177
5278757
3120272
6778280
6104672
3674158
2787946
2193604
5541845
7562066
9392763
3482719
4597326
6173432
5788379
5380470
4866484
9575722
4050970
3450716
5335148
8850451
1142569
6908155
6302426
7164694
5687360
7703332
7790481
4005932
4290918
6092958
2037300
3356023
6122698
2580017
4694341
2276446
5133268
6043817
7255812
1110636
3496399
2364244
5171425
3210790
8659116
6954043
2674004
3370937
3394062
760733
3725056
1166859
8911830
6564801
6313281
8554177
2002089
1918074
4353385
5429350
7950422
1254060
8505903
1473268
6747726
9189399
3978475
7053852
1403998
3141914
2603122
1767239
5954103
2285421
579128
3363912
3934282
1986700
2300895
5051786
4430526
7398162
6660117
6216542
3520015
8216320
3789556
5755912
1365025
5370868
6636459
8117516
7540231
4223739
7244896
5634103
4415148
7252864
2504345
2431569
2198162
1747054
3883898
4919450
6886305
6871220
4701333
6533410
1078742
8457068
2344072
3432818
4164450
6487786
2039542
7290982
3725181
2579104
7734703
5200560
7467887
6595053
4137662
6655546
7472118
7646371
3711704
7403753
4980541
4014624
3264671
6089625
202280
1343941
566880
6150421
4273443
2788115
4225533
436452
8951156
4086884
6224347
4922177
7600617
585849
3982931
291613
5533608
3419804
5783968
2706001
5900269
7369512
9514794
7927466
4214869
2096640
7432008
877848
6471400
8511792
7450354
7181674
7407191
8110916
6028363
9367840
8203452
6751965
1110411
6390091
5028168
6081164
4844636
1621495
6566400
3400472
6514134
8744504
4141238
1112770
6380793
5931825
5725006
6962185
4250206
6385432
5813132
2493102
6747873
8971987
2987757
6023202
1667883
6292921
1470296
3457302
3114869
3990326
6874559
2270865
7624459
5772621
7802994
3978673
4968205
3696283
5220035
2174577
2682543
2806796
996923
5707141
5691476
1755699
1981347
2778348
4957519
6510533
2297052
1712031
8065987
7366431
9411668
4601798
4067750
6204850
195997
3988868
804905
7632593
1819899
3780589
8290524
6012172
4553790
2115988
2181192
7710757
5719087
3875732
7381115
5420881
4428217
5341245
6717013
1246032
9463810
6736734
826115
6433684
3174123
6406806
8706050
2026875
7927534
7350705
2323965
9356365
2059799
3208811
6744709
8725224
8574641
8975320
3944669
8814747
1798183
2721152
405242
3667918
7120918
2667235
3613464
3692355
4090745
471871
1433584
1724527
1169491
3625769
5192613
4394960
5258016
2064420
6860115
2855366
6837457
3153035
6524896
7507396
1589670
3360821
1268557
6469598
2835167
8303928
7015663
8840334
9318277
5826429
7660843
1622317
3966120
6715330
7232273
3441920
4925371
2330422
3739635
4286693
8439183
2313583
4866839
6795643
6897191
3714351
8174837
3021099
115826
4888825
2825481
3116113
5760186
8233924
5113562
1757410
828152
375803
7157746
5647681
9608796
5892321
934312
7189318
1111055
1671362
6297786
3477749
5655715
5193472
1379297
2921167
2430526
7027087
927013
2426070
135089
2171955
6394350
1304729
5804545
2559684
5817046
5242460
7823904
2458464
3736397
7445870
4879224
6083988
6744466
8913099
5873625
6367750
7415585
4105897
3210102
1488689
6208064
1031354
5394586
4271380
1913215
5853701
6069897
4806007
5010590
1783495
3131061
785955
4333395
652399
1315644
7853380
5099971
5721811
3328810
1866973
5341913
4518557
8032274
5093377
7596813
1568445
8198338
2555000
4937167
490225
1813133
4055836
4676063
8637615
758233
7871939
5800779
2721429
1373802
2917598
4855970
660480
7963760
4037168
2289522
5159120
7538258
5372131
4311478
7313858
4264499
7973781
5119374
8956088
2149144
2462884
3334767
1468249
3410390
4652989
5193174
6323551
5527311
3842534
7525940
7168615
5029344
3966592
6476544
3677555
2868951
3424933
8676764
5822420
6194173
2132572
5275333
657935
2697213
3407665
3941732
9297765
8444386
3262617
3180422
2825772
4232424
6959261
3334756
6972936
4405379
7687965
4480090
5744334
2656636
4605668
6981162
5752427
7974118
8967160
3098728
2508201
5251156
3618541
9743663
3357398
3224209
8257049
3103898
1343169
7173681
7613149
5295645
1933580
2780672
7221845
3021967
3645431
1901971
7713505
542154
3307027
5774322
4507458
4802691
6265311
6652280
7300321
8382588
1025372
4595628
780588
5396951
5026125
4545124
2583872
909985
4681799
5356593
9616872
9738769
5270835
131330
6185078
1602313
6390321
9052709
7828886
5747831
1863795
5202813
5717410
2694776
7530123
9051027
8739297
1928048
1479586
6138071
4922943
2938770
9733865
3226131
8434648
8747205
4860071
3987219
3246051
1783127
3864769
6809001
2987758
3900168
2704102
4335108
3152111
7334183
8519759
6539489
3589217
3812264
8240740
2137798
3982498
4323766
3976064
4889091
5551964
7598488
448399
6247800
3840476
2952736
1587548
2403712
1536687
7144110
7149436
9548494
262917
2540677
1554245
8113838
