coretemp-isa-0000
Adapter: ISA adapter
Package id 0:  +75.0°C  (high = +100.0°C, crit = +100.0°C)
Core 0:        +71.0°C  (high = +100.0°C, crit = +100.0°C)
Core 1:        +75.0°C  (high = +100.0°C, crit = +100.0°C)
Core 2:        +70.0°C  (high = +100.0°C, crit = +100.0°C)
Core 3:        +72.0°C  (high = +100.0°C, crit = +100.0°C)

pch_cannonlake-virtual-0
Adapter: Virtual device
temp1:        +58.0°C  

BAT0-acpi-0
Adapter: ACPI interface
in0:          12.87 V  
curr1:            N/A  

dell_smm-virtual-0
Adapter: Virtual device
fan1:        4938 RPM

radeon-pci-0100
Adapter: PCI adapter
temp1:            N/A  (crit = +120.0°C, hyst = +90.0°C)

acpitz-acpi-0
Adapter: ACPI interface
temp1:        +25.0°C  (crit = +107.0°C)

%MEM   RSS  SIZE    VSZ
 0.0  2240   424   8636
 0.0  2240   424   8636
 0.0  2240   424   8636
 0.0  2240   424   8636
 0.0  2240   424   8636
 0.0  2240   424   8636
 0.0  2240   424   8636
 0.0  2240   424   8636
 0.0  2240   424   8636
 0.0  2240   424   8636
 0.0  2240   424   8636
 0.0  2240   424   8636
 0.0  2240   424   8636
 0.0  2240   424   8636
 0.0  2240   424   8636
 0.0  2240   424   8636
 0.0  2240   424   8636
 0.0  2240   424   8636
 0.0  2240   424   8636
 0.0  2240   424   8636
 0.0  2240   424   8636
 0.0  2240   424   8636
 0.0  2240   424   8636
 0.0  2240   424   8636
 0.0  2240   424   8636
 0.0  3952   756   8968
 0.0  4816   888   9100
 0.0  4816  9080  17296
 0.1  8540 116872 452160
 0.1  8540 117004 517696
 0.1  8540 117016 517696
 0.1 10180 118864 650352
 0.1 12028 120844 652332
 0.1 14140 122956 654444
 0.2 16516 125200 656688
 0.2 18628 127312 658800
 0.2 20476 129292 660780
 0.2 22588 131404 662892
 0.3 24700 133516 665004
 0.3 26812 135628 667116
 0.3 28924 137740 669228
 0.3 31036 139852 671340
 0.4 32884 141700 673188
 0.4 34996 143812 675300
 0.4 37108 145924 677412
 0.4 39220 147904 679392
 0.5 41068 149884 681372
 0.5 43180 151996 683484
 0.5 45292 154108 685596
 0.5 47668 156352 687840
 0.6 49516 158332 689820
 0.6 51628 160444 691932
 0.6 54004 162688 694176
 0.6 55852 164668 696156
 0.7 57964 166780 698268
 0.7 60076 168892 700380
 0.7 62188 171004 702492
 0.8 64300 173116 704604
 0.8 66676 175492 706980
 0.8 68788 177472 708960
 0.8 70900 179716 711204
 0.9 73276 181960 713448
 0.9 75388 184072 715560
 0.9 77500 186184 717672
 0.9 79612 188296 719784
 1.0 81988 190672 722160
 1.0 83836 192652 724140
 1.0 86212 194896 726384
 1.1 88324 197140 728628
 1.1 90172 198856 730344
 1.1 92284 200968 732456
 1.1 94396 203080 734568
 1.2 96244 205060 736548
 1.2 98356 207172 738660
 1.2 100468 209284 740772
 1.2 102316 211132 742620
 1.3 104164 212848 744336
 1.3 106276 214960 746448
 1.3 108388 217204 748692
 1.3 110500 219184 750672
 1.4 112348 221164 752652
 1.4 114460 223144 754632
 1.4 116308 224992 756480
 1.4 118156 226972 758460
 1.5 120268 229084 760572
 1.5 122380 231196 762684
 1.5 124228 233044 764532
 1.5 126340 235024 766512
 1.6 128452 237136 768624
 1.6 130036 238720 770208
 1.6 132148 240832 772320
 1.6 134260 242944 774432
 1.7 136108 244924 776412
 1.7 138220 246904 778392
 1.7 140332 249148 780636
 1.7 142444 251260 782748
 1.8 144556 253372 784860
 1.8 146668 255484 786972
 1.8 149044 257728 789216
 1.8 150892 259708 791196
 1.9 153004 261820 793308
 1.9 155116 263800 795288
 1.9 156964 265780 797268
 1.9 159076 267760 799248
 2.0 161188 269872 801360
 2.0 163036 271852 803340
 2.0 165148 273832 805320
 2.0 166996 275812 807300
 2.1 169108 277792 809280
 2.1 171220 279904 811392
 2.1 173332 282016 813504
 2.1 175180 283996 815484
 2.2 177292 285976 817464
 2.2 179404 288088 819576
 2.2 181780 290464 821952
 2.2 183628 292444 823932
 2.3 185740 294424 825912
 2.3 187588 296404 827892
 2.3 189700 298384 829872
 2.3 191548 300364 831852
 2.4 193660 302344 833832
 2.4 195508 304324 835812
 2.4 197620 306436 837924
 2.4 199468 308284 839772
 2.5 201316 310000 841488
 2.5 203428 312244 843732
 2.5 205540 314356 845844
 2.5 207652 316468 847956
 2.6 209500 318316 849804
 2.6 211876 320692 852180
 2.6 213988 322804 854292
 2.7 216100 324916 856404
 2.7 218212 326896 858384
 2.7 220060 328876 860364
 2.7 222172 330856 862344
 2.8 224284 333100 864588
 2.8 226132 334948 866436
 2.8 227980 336796 868284
 2.8 229828 338644 870132
 2.9 231940 340624 872112
 2.9 233524 342340 873828
 2.9 235372 344320 875808
 2.9 237484 346168 877656
 2.9 239596 348412 879900
 3.0 241708 350392 881880
 3.0 243556 352240 883728
 3.0 245404 354220 885708
 3.0 247516 356200 887688
 3.1 249364 358048 889536
 3.1 251476 360160 891648
 3.1 253588 362404 893892
 3.1 255700 364384 895872
 3.2 257812 366496 897984
 3.2 259660 368476 899964
 3.2 261772 370588 902076
 3.3 263884 372568 904056
 3.3 265732 374548 906036
 3.3 267580 376264 907752
 3.3 269428 378112 909600
 3.3 271540 380356 911844
 3.4 273652 382336 913824
 3.4 275764 384448 915936
 3.4 277612 386296 917784
 3.4 279724 388540 920028
 3.5 281836 390520 922008
 3.5 283948 392632 924120
 3.5 286060 394876 926364
 3.6 288172 396988 928476
 3.6 290020 398704 930192
 3.6 292396 401080 932568
 3.6 294244 402928 934416
 3.7 296356 405304 936792
 3.7 298468 407152 938640
 3.7 300316 409132 940620
 3.7 302164 410980 942468
 3.8 304012 412828 944316
 3.8 306124 414940 946428
 3.8 308236 417052 948540
 3.8 310348 419164 950652
 3.9 312460 421276 952764
 3.9 314572 423388 954876
 3.9 316684 425368 956856
 3.9 318268 427084 958572
 4.0 320116 428932 960420
 4.0 322228 430912 962400
 4.0 324340 433024 964512
 4.0 326452 435268 966756
 4.1 328300 437116 968604
 4.1 329884 438568 970056
 4.1 331732 440416 971904
 4.1 333580 442396 973884
 4.1 335692 444376 975864
 4.2 337540 446356 977844
 4.2 339652 448336 979824
 4.2 341500 450316 981804
 4.2 343612 452296 983784
 4.3 345460 454276 985764
 4.3 347836 456520 988008
 4.3 349684 458500 989988
 4.3 351796 460612 992100
 4.4 353908 462592 994080
 4.4 355756 464572 996060
 4.4 357868 466684 998172
 4.5 360244 468928 1000416
 4.5 362356 471040 1002528
 4.5 364204 473020 1004508
 4.5 366316 475000 1006488
 4.6 368164 476848 1008336
 4.6 370276 479092 1010580
 4.6 372652 481336 1012824
 4.6 374500 483316 1014804
 4.7 376612 485428 1016916
 4.7 378724 487540 1019028
 4.7 380836 489520 1021008
 4.7 382684 491500 1022988
 4.8 384796 493480 1024968
 4.8 386908 495724 1027212
 4.8 389020 497836 1029324
 4.8 391132 499948 1031436
 4.9 392980 501796 1033284
 4.9 395092 503776 1035264
 4.9 396940 505624 1037112
 4.9 398524 507340 1038828
 5.0 400900 509716 1041204
 5.0 403012 511696 1043184
 5.0 404860 513676 1045164
 5.0 406972 515788 1047276
 5.1 408820 517636 1049124
 5.1 410932 519616 1051104
 5.1 413044 521728 1053216
 5.1 414892 523576 1055064
 5.2 416740 525556 1057044
 5.2 418588 527404 1058892
 5.2 420964 529780 1061268
 5.2 423076 531760 1063248
 5.3 424924 533608 1065096
 5.3 426772 535456 1066944
 5.3 428620 537436 1068924
 5.3 430732 539416 1070904
 5.4 432580 541396 1072884
 5.4 434428 543244 1074732
 5.4 436540 545488 1076976
 5.4 438652 547468 1078956
 5.5 440764 549448 1080936
 5.5 442876 551692 1083180
 5.5 444988 553804 1085292
 5.5 447364 556180 1087668
 5.6 449476 558160 1089648
 5.6 451324 560008 1091496
 5.6 453436 562120 1093608
 5.6 455284 564100 1095588
 5.7 457396 566212 1097700
 5.7 459244 568060 1099548
 5.7 461356 570172 1101660
 5.7 463468 572284 1103772
 5.8 465580 574264 1105752
 5.8 467428 576244 1107732
 5.8 469540 578224 1109712
 5.8 471388 580072 1111560
 5.9 473500 582184 1113672
 5.9 475348 584164 1115652
 5.9 477460 586276 1117764
 5.9 479572 588256 1119744
 6.0 481684 590500 1121988
 6.0 483532 592348 1123836
 6.0 485644 594328 1125816
 6.1 488020 596704 1128192
 6.1 489868 598552 1130040
 6.1 491716 600532 1132020
 6.1 493828 602644 1134132
 6.2 495940 604624 1136112
 6.2 497788 606472 1137960
 6.2 499636 608452 1139940
 6.2 501748 610432 1141920
 6.3 503860 612544 1144032
 6.3 505972 614656 1146144
 6.3 507820 616636 1148124
 6.3 509932 618748 1150236
 6.4 512308 620992 1152480
 6.4 514420 623104 1154592
 6.4 516532 625348 1156836
 6.4 518644 627460 1158948
 6.5 520756 629572 1161060
 6.5 522604 631288 1162776
 6.5 524716 633532 1165020
 6.5 526828 635512 1167000
 6.6 528676 637360 1168848
 6.6 530524 639340 1170828
 6.6 532636 641452 1172940
 6.6 534748 643564 1175052
 6.7 536860 645676 1177164
 6.7 538972 647656 1179144
 6.7 540820 649636 1181124
 6.7 542668 651484 1182972
 6.8 545044 653728 1185216
 6.8 546892 655576 1187064
 6.8 548740 657556 1189044
 6.8 550852 659668 1191156
 6.9 552964 661648 1193136
 6.9 554812 663628 1195116
 6.9 556924 665608 1197096
 6.9 559300 667984 1199472
 7.0 561148 669964 1201452
 7.0 563260 672208 1203696
 7.0 565372 674056 1205544
 7.0 567220 676036 1207524
 7.1 569596 678280 1209768
 7.1 571708 680392 1211880
 7.1 573556 682240 1213728
 7.1 575404 684220 1215708
 7.2 577252 685936 1217424
 7.2 579364 688180 1219668
 7.2 581212 690028 1221516
 7.2 583324 692008 1223496
 7.3 585436 694120 1225608
 7.3 587284 696100 1227588
 7.3 589396 698212 1229700
 7.4 591772 700588 1232076
 7.4 593884 702700 1234188
 7.4 595996 704680 1236168
 7.4 598108 706792 1238280
 7.5 600220 708904 1240392
 7.5 602068 710752 1242240
 7.5 604180 712996 1244484
 7.5 606292 714976 1246464
 7.6 608140 716956 1248444
 7.6 610252 718936 1250424
 7.6 612100 721048 1252536
 7.6 614212 723028 1254516
 7.7 616324 725140 1256628
 7.7 618436 727252 1258740
 7.7 620548 729496 1326388
 8.1 648268 757380 1419644
 8.1 650116 759096 1421360
 8.1 651964 761092 1423340
 8.1 654340 763504 1425716
 8.2 656188 765352 1427564
 8.2 658300 767648 1429808
 8.2 660412 769496 1431656
 8.2 662260 771476 1433636
 8.3 664372 773588 1435748
 8.3 666484 775700 1437860
 8.3 668596 777680 1439840
 8.3 670764 779804 1441964
 8.4 672612 781520 1443680
 8.4 674724 783632 1445792
 8.4 677100 786140 1448300
 8.4 679476 788384 1450544
 8.5 681060 790100 1452260
 8.5 682908 791948 1454108
 8.5 685284 794192 1456352
 8.5 687132 796040 1458200
 8.6 689244 798152 1460312
 8.6 690956 800008 1462168
 8.6 692804 801856 1464016
 8.6 694652 803704 1465864
 8.7 696500 805552 1467712
 8.7 698348 807268 1469428
 8.7 699932 808984 1471144
 8.7 701516 810568 1472728
 8.7 703628 812548 1474708
 8.8 705476 814528 1476688
 8.8 707060 815980 1478140
 8.8 708908 817828 1479988
 8.8 710492 819544 1481704
 8.9 712604 821524 1483684
 8.9 714452 823372 1485532
 8.9 716300 825220 1487380
 8.9 718412 827464 1489624
 9.0 720260 829312 1491472
 9.0 722108 831160 1493320
 9.0 723956 832876 1495036
 9.0 725804 834856 1497016
 9.1 727916 836836 1498996
 9.1 729764 838684 1500844
 9.1 732048 840816 1502972
 9.1 734160 842932 1505084
 9.2 735744 844652 1506800
 9.2 737592 846504 1508648
 9.2 739440 848224 1510364
 9.2 741024 849944 1512080
 9.2 743136 851928 1514060
 9.3 744984 853780 1515908
 9.3 746568 855496 1517624
 9.3 748416 857348 1519472
 9.3 750528 859332 1521452
 9.4 752112 861052 1523168
 9.4 754224 863036 1525148
 9.4 756072 865020 1527128
 9.4 758184 867004 1529108
 9.5 760296 869120 1531220
 9.5 762144 871104 1533200
 9.5 764520 873352 1535444
 9.5 766368 875336 1537424
 9.6 768480 877452 1539536
 9.6 770328 879304 1541384
 9.6 772440 881288 1543364
 9.6 774024 883004 1545080
 9.7 775608 884460 1546532
 9.7 777336 886216 1548248
11.0 881632 990336 1714736
11.0 884504 992824 1716980
11.0 887112 995264 1719224
11.1 889516 997272 1721072
11.1 891364 999272 1722920
11.1 894028 1001556 1725032
11.2 896696 1003856 1727144
11.2 899360 1006164 1729256
11.2 901472 1008460 1731368
11.3 904460 1010900 1733612
11.3 907128 1013200 1735724
11.3 909528 1015364 1737704
11.3 911376 1017328 1739552
11.4 913488 1019440 1741664
11.5 920140 1025116 1747340
11.5 922252 1027228 1749452
11.5 924364 1029340 1751564
11.5 926476 1031452 1753676
11.6 928324 1033300 1755524
11.6 928116 1035412 1757636
11.6 931944 1037656 1759880
11.6 934608 1039768 1761992
11.7 936720 1041748 1763972
11.7 939388 1043860 1766084
11.7 942112 1045972 1768196
11.8 944776 1048084 1770308
11.8 947444 1050196 1772420
11.8 949292 1052308 1774532
11.9 951956 1054288 1776512
11.9 952884 1056268 1778492
11.9 954732 1058248 1780472
11.9 957512 1060228 1782452
12.0 959916 1062076 1784300
12.0 962316 1064056 1786280
12.0 964164 1065772 1787996
12.0 966888 1067884 1790108
12.1 969556 1069996 1792220
12.1 972220 1072108 1794332
12.1 974888 1074220 1796444
12.2 977288 1076200 1798424
12.2 979664 1078444 1800668
12.2 982332 1080556 1802780
12.3 984996 1082804 1804892
12.3 987400 1084924 1806872
12.3 990592 1087748 1809512
12.4 992440 1089804 1811360
12.4 995108 1091984 1813340
12.4 997772 1094268 1815452
12.5 1002832 1098600 1819412
12.5 1004416 1100476 1821128
12.5 1007080 1102644 1823108
12.6 1009484 1104688 1824956
12.6 1012676 1107536 1827596
12.6 1015344 1109964 1829840
12.7 1017984 1112612 1832348
12.7 1019832 1114592 1834328
12.7 1021416 1116176 1835912
12.8 1024192 1117628 1837364
12.8 1026304 1119740 1839476
12.8 1028680 1122248 1841984
12.8 1030792 1124360 1844096
12.9 1032904 1126472 1846208
12.9 1035016 1128452 1848188
12.9 1037128 1130696 1850432
12.9 1038976 1132544 1852280
13.0 1041088 1134524 1854260
13.0 1043200 1136768 1856504
13.0 1045312 1138880 1858616
13.1 1049976 1140728 1860464
13.1 1052088 1142708 1862444
13.1 1054200 1144952 1864688
13.2 1056312 1147064 1866800
13.2 1058160 1148912 1868648
13.2 1060272 1151024 1870760
13.2 1062384 1153004 1872740
13.3 1064496 1155116 1874852
13.3 1066608 1157360 1877096
13.3 1068720 1159340 1879076
13.3 1070832 1161452 1881188
13.4 1075496 1163432 1883168
13.4 1077608 1165544 1885280
13.5 1079720 1167656 1887392
13.5 1081832 1169768 1889504
13.5 1083808 1171616 1891352
13.5 1083816 1171616 1891352
13.5 1083816 1171616 1891352
13.5 1083816 1171616 1891352
13.5 1083816 1171616 1891352
13.5 1083816 1171616 1891352
13.5 1086340 1171800 1891352
13.5 1086896 1171976 1891352
13.5 1086896 1172068 1891352
13.5 1086896 1172068 1891352
13.6 1087912 1172068 1891352
13.6 1087912 1172068 1891352
13.6 1087912 1172068 1891352
13.6 1087912 1172068 1891352
13.6 1087912 1172068 1891352
13.6 1087912 1172068 1891352
13.6 1087912 1172068 1891352
13.6 1087912 1172068 1891352
13.6 1087912 1172068 1891352
13.6 1087912 1172068 1891352
13.6 1087912 1172068 1891352
13.6 1090728 1172068 1891352
13.6 1090728 1172068 1891352
13.6 1090728 1172068 1891352
13.6 1090728 1172068 1891352
13.6 1090728 1172068 1891352
13.6 1090728 1172068 1891352
13.6 1090728 1172068 1891352
13.6 1090728 1172068 1891352
13.6 1090728 1172068 1891352
13.6 1090728 1172068 1891352
13.6 1093544 1172068 1891352
13.6 1093544 1172068 1891352
13.6 1093544 1172068 1891352
13.6 1093544 1172068 1891352
13.6 1093544 1172068 1891352
13.6 1093544 1172068 1891352
13.6 1093544 1172068 1891352
13.6 1093544 1172068 1891352
13.6 1093544 1172068 1891352
13.6 1093544 1172068 1891352
13.6 1093544 1172068 1891352
13.7 1096188 1172100 1891352
13.7 1096188 1172100 1891352
13.7 1096188 1172100 1891352
13.7 1096188 1172100 1891352
13.7 1096188 1172100 1891352
13.7 1096188 1172100 1891352
13.7 1096188 1172100 1891352
13.7 1096188 1172100 1891352
13.7 1096188 1172100 1891352
13.7 1096188 1172100 1891352
13.7 1098828 1172100 1891352
13.7 1098828 1172100 1891352
13.7 1098828 1172100 1891352
13.7 1098828 1172100 1891352
13.7 1098828 1172100 1891352
13.7 1098828 1172100 1891352
13.7 1098828 1172100 1891352
13.7 1098828 1172100 1891352
13.7 1098828 1172100 1891352
13.7 1098828 1172100 1891352
13.7 1098828 1172100 1891352
13.7 1101644 1172100 1891352
13.7 1101644 1172100 1891352
13.7 1101644 1172100 1891352
13.7 1101644 1172100 1891352
13.7 1101644 1172100 1891352
13.7 1101644 1172100 1891352
13.7 1101644 1172100 1891352
13.7 1101644 1172100 1891352
13.7 1101644 1172100 1891352
13.7 1101644 1172100 1891352
13.7 1101644 1172100 1891352
13.8 1104460 1172100 1891352
13.8 1104460 1172100 1891352
13.8 1104460 1172100 1891352
13.8 1104460 1172264 1891352
13.8 1105712 1172496 1891352
13.8 1106264 1172668 1891352
13.8 1106264 1172668 1891352
13.8 1106264 1172668 1891352
13.8 1106264 1172668 1891352
13.8 1107456 1172668 1891352
13.8 1107456 1172668 1891352
13.8 1107456 1172668 1891352
13.8 1107456 1172668 1891352
13.8 1107456 1172668 1891352
13.8 1107456 1172668 1891352
13.8 1107456 1172668 1891352
13.8 1107456 1172668 1891352
13.8 1107456 1172668 1891352
13.8 1107456 1172668 1891352
13.8 1110272 1172668 1891352
13.8 1110272 1172668 1891352
13.8 1110272 1172668 1891352
13.8 1110272 1172668 1891352
13.8 1110272 1172668 1891352
13.8 1110272 1172668 1891352
13.8 1110272 1172668 1891352
13.8 1110272 1172668 1891352
13.8 1110272 1172668 1891352
13.8 1110272 1172668 1891352
13.8 1110272 1172668 1891352
13.9 1113088 1172668 1891352
13.9 1113088 1172668 1891352
13.9 1113088 1172668 1891352
13.9 1113088 1172668 1891352
13.9 1113088 1172668 1891352
13.9 1113088 1172668 1891352
13.9 1113088 1172668 1891352
13.9 1113088 1172668 1891352
13.9 1113088 1172668 1891352
13.9 1113088 1172668 1891352
13.9 1115672 1172752 1891352
13.9 1116228 1172948 1891352
13.9 1116228 1173144 1891352
13.9 1116780 1173224 1891352
13.9 1116780 1173224 1891352
13.9 1116780 1173224 1891352
13.9 1116780 1173224 1891352
13.9 1116780 1173224 1891352
13.9 1116780 1173224 1891352
13.9 1116780 1173224 1891352
13.9 1116780 1173224 1891352
13.9 1118960 1173224 1891352
13.9 1118960 1173224 1891352
13.9 1118960 1173224 1891352
13.9 1118960 1173224 1891352
13.9 1118960 1173224 1891352
13.9 1118960 1173224 1891352
13.9 1118960 1173224 1891352
13.9 1118960 1173224 1891352
13.9 1118960 1173224 1891352
13.9 1118960 1173224 1891352
14.0 1121776 1173224 1891352
14.0 1121776 1173224 1891352
14.0 1121776 1173224 1891352
14.0 1121776 1173224 1891352
14.0 1121776 1173224 1891352
14.0 1121776 1173224 1891352
14.0 1121776 1173224 1891352
14.0 1121776 1173224 1891352
14.0 1121776 1173224 1891352
14.0 1121776 1173224 1891352
14.0 1121776 1173224 1891352
14.0 1124592 1173224 1891352
14.0 1124592 1173224 1891352
14.0 1124592 1173224 1891352
14.0 1124592 1173224 1891352
14.0 1124592 1173224 1891352
14.0 1124592 1173296 1891352
14.0 1126248 1173456 1891352
14.0 1126800 1173652 1891352
14.0 1126800 1173736 1891352
14.0 1126800 1173736 1891352
14.0 1126800 1173736 1891352
14.0 1126800 1173736 1891352
14.0 1126800 1173736 1891352
14.0 1126800 1173736 1891352
14.0 1126800 1173736 1891352
14.0 1126800 1173736 1891352
14.0 1126800 1173736 1891352
14.0 1126800 1173736 1891352
14.0 1126800 1173736 1891352
14.0 1126800 1173736 1891352
14.0 1126800 1173736 1891352
13.8 1106916 1136148 1853756
13.8 1105012 1103380 1820972
13.8 1105012 1103380 1820972
13.8 1105012 1103380 1820972
13.8 1105012 1103380 1820972
13.8 1105012 1103380 1820972
13.8 1105012 1103568 1821160
13.8 1105012 1103568 1821160
13.8 1105012 1103568 1821160
13.8 1105012 1103568 1821160
13.8 1105012 1103568 1821160
13.8 1105012 1103568 1821160
13.8 1105272 1103568 1821160
13.8 1105272 1103568 1821160
13.8 1105272 1103568 1821160
13.8 1105272 1103568 1821160
13.8 1105272 1103568 1821160
13.8 1105272 1103568 1821160
13.8 1105272 1103568 1821160
13.8 1105272 1103568 1821160
13.8 1105272 1103568 1821160
13.8 1105272 1103568 1821160
13.8 1105272 1103964 1821556
13.8 1105272 1103964 1821556
13.8 1105272 1103964 1821556
13.8 1105272 1103964 1821556
13.8 1105272 1103964 1821556
13.8 1105272 1103964 1821556
13.8 1105272 1103964 1821556
13.8 1105272 1103964 1821556
13.8 1105272 1103964 1821556
13.8 1105272 1103964 1821556
13.8 1105272 1103964 1821556
13.8 1105272 1103964 1821556
13.8 1105272 1103964 1821556
13.8 1105272 1103964 1821556
13.8 1105272 1103964 1821556
13.8 1105272 1103964 1821556
13.8 1105272 1103964 1821556
13.8 1105272 1103964 1821556
13.8 1105536 1103964 1821556
13.0 1042640 1071196 1725856
13.0 1042640 1071196 1725856
13.0 1042640 1071196 1725856
13.0 1042640 1071196 1725856
13.0 1042640 1071196 1725856
13.0 1042640 1071196 1725856
13.0 1042640 1071196 1725856
13.0 1042640 1071196 1725856
13.0 1042640 1071196 1725856
13.0 1042076 1070632 1725292
13.0 1042076 1070632 1725292
13.0 1042076 1070632 1725292
13.0 1042076 1070632 1725292
13.0 1042076 1070632 1725292
13.0 1042076 1070632 1725292
13.0 1042076 1070632 1725292
13.0 1042076 1070632 1725292
13.0 1042076 1070632 1725292
13.0 1042076 1070632 1725292
13.0 1042076 1070632 1725292
13.0 1042076 1070632 1725292
13.0 1042076 1070632 1725292
13.0 1042076 1070632 1725292
13.0 1042076 1070632 1725292
13.0 1042076 1070632 1725292
13.0 1042076 1070632 1725292
13.0 1042076 1070632 1725292
13.0 1042076 1070632 1725292
13.0 1042076 1070632 1725292
13.0 1042076 1070632 1725292
13.0 1042076 1070632 1725292
13.0 1042076 1070632 1725292
13.0 1042076 1070632 1725292
13.0 1042076 1070632 1725292
13.0 1042076 1070632 1725292
13.0 1042076 1070632 1725292
13.0 1042076 1070632 1725292
13.0 1042076 1070632 1725292
13.0 1042076 1070632 1725292
13.0 1042076 1070632 1725292
13.0 1042076 1070632 1725292
13.0 1042076 1070632 1725292
13.0 1042076 1070632 1725292
