2603674
9869864
6407221
7604028
319419
7453009
1253978
5389285
3445000
9447768
6171430
9586859
428975
8339334
1884007
4929724
2084530
6430455
1547658
5755397
5003031
9806336
190669
4808358
3828026
6972265
311116
5009479
2786754
4682137
316276
6376125
2036240
6671847
2484471
5195478
3551436
9244156
2532127
8220016
2181942
7880348
51086
2549898
54725
9073772
61202
4585621
275716
5553573
2183027
8051112
1468208
5390979
210109
5746290
3325164
4363372
1996621
9999539
6707777
7247148
4487564
9413830
1426565
4240369
138882
4494068
459577
9564625
1428949
9563606
2298355
6020503
287386
7656504
3055681
9997352
2295782
8927112
44868
849715
79854
7583187
3346239
8311934
335490
5518323
3875212
9874364
1459368
5929431
1853953
8750446
1242410
6791444
8589572
9984159
458208
9936230
509037
8182626
1976927
7419523
6652488
9274832
2116048
9406413
4626049
9786030
5318332
8698844
836585
919154
3287645
9830897
2113022
5873977
7790673
9695829
950001
2285549
692398
8426207
29496
4854285
8454237
9959757
7942261
9803981
2367927
8045358
4284157
7312526
2523562
8641857
221849
9068646
3467900
8866195
1490615
6743594
1945455
8627262
696681
9632359
1521617
9548112
3262767
7106711
4486698
6593881
370430
9078421
7073436
9731758
700849
1009200
6702352
9073952
1928590
9057275
3046269
6895905
854367
8897337
227837
7060728
1754412
7575594
8305051
9876117
1421267
5725676
1863151
9909125
5456111
8647385
1041036
9321188
5159044
9861462
907482
9959153
956276
8824810
2965722
6128320
1556447
5222333
1514234
9040680
4002424
9183952
311288
5789075
4732132
9818349
2009471
7136174
4540756
9641299
6887924
8773496
3726278
7268319
248375
2107917
539782
5176396
2833263
8643734
1581027
8029292
7685754
9209781
32553
7601717
2549108
9576223
1591739
7338437
1503423
5068241
6101141
8828728
1206614
7337053
3391772
4312834
1474695
9969880
5226252
6200554
6379871
6785104
1716097
7009920
3764341
8672335
3976080
5785969
89637
8856886
259456
7849391
2447195
9005510
5079102
9804223
7416601
8430810
1817268
9864982
689975
8658522
5933421
9645063
493445
8849598
974271
6558430
6783097
9017660
3291496
7770008
400360
6453920
3530687
8182389
1991682
7938662
5325414
9998267
5081743
7991018
3066485
7732009
1653
9631473
3952376
9039082
2059497
2229575
1715719
7657272
229743
1717262
354070
1185645
396660
8699217
4609514
9798447
5977698
9016968
834581
4877010
7735727
9735461
1057130
9272474
886127
9911840
8418229
9921979
1669263
9310888
1687231
7994991
2057118
9922533
7596772
9983916
270998
8816221
2152305
8980374
1041464
5357434
1304024
7461381
1637489
9966033
1603267
7475715
780853
7308121
3057473
7139123
1562934
3828859
7165690
7956636
4136551
9793495
3111853
8037827
163855
7916892
698228
6111414
484393
6628847
3764763
8279119
3885850
7878561
83797
362031
3438841
8228904
600388
7840329
6470382
7472925
345719
4214750
2378109
5570252
2408521
9818228
3647809
8241159
4258409
9078391
5759920
9838313
810101
9810853
272261
8587673
2669205
8145419
2802288
9779537
971894
3350730
412149
2598079
8007774
9907107
7008949
9790159
1959856
8458635
1516439
7886232
2251444
6230061
744939
9278954
347762
8521815
2240870
9792675
1510288
6986329
4975343
9254879
1148161
9782240
1784317
9478033
156708
393232
1899958
9723710
6163294
9658159
3284668
7511557
2083055
6089861
1665587
5176948
2446798
7813347
2893988
4564437
573518
1856936
2472925
8862842
352585
3443458
4096336
6012093
3628605
7623455
911973
9828146
1960727
9202276
963492
9442300
430770
1435888
8678
6738996
3829823
7299386
4018531
4324351
3603290
9875068
646652
7319770
205190
9059058
7301047
8422260
2019767
8409946
1154013
8619561
4012220
6578922
7223088
9472742
3436193
9283570
7351815
9802447
2777097
8691030
1876073
7457900
4796740
9335315
180072
4819041
707696
8883207
472044
7003464
2859136
9881848
244664
9508414
1365205
5015527
5548399
8292757
414596
5420248
4766423
9963776
1194971
9613620
281236
6025126
495663
6179996
319698
5695516
4488821
7901576
5978691
7928695
4092063
8551095
1768921
9670556
715322
7526758
1088604
9897182
3790473
9367846
2733889
7526961
2320908
7648127
4015730
9827772
67080
2607229
486889
8521809
1721090
7608982
871657
4713304
111055
5106471
1147621
9573091
763306
5849031
2830003
9425026
3983902
9107442
3192884
9071590
6817120
9826493
217825
6069240
6165866
8840169
2632998
8711919
1592428
5962378
2210461
9893600
872491
6328507
1836742
7039635
2686963
9858855
5016584
9416478
645758
9272886
833447
9859556
299321
8954646
2579937
7276038
2295683
8912213
3014420
7124297
1616024
6789975
980345
5941535
111850
7140923
3001726
9543986
3800758
9784212
1595378
6275538
66187
5011002
4679964
8207708
2509834
5564789
307487
6444053
2318700
7287275
2436
4941135
1034293
9730857
1638672
8282587
1349035
9600048
951790
8224906
506137
9283474
504463
6899082
4004102
9864778
3183913
8298764
4422657
9169909
2563137
7428059
2295722
6942612
118864
1934067
1662155
6188500
3823402
6473706
8980521
9237268
3186460
5999046
2233931
7301020
1351176
8526316
6449865
9385874
6045743
9330503
1046323
8802472
2163439
6190919
2521847
9966140
51935
4731616
1684994
9010468
1113651
8274838
310901
9975256
3333329
9641741
798092
9024239
1740347
9728619
59728
3183617
4270933
7882660
3781149
9158447
3318601
4830556
5443186
9946400
2393141
9093222
2013688
6240924
2984907
8564013
1544485
8799095
8690277
9735127
1678104
7195752
2547169
6314422
3777181
9867103
1998655
9479576
985768
7919081
1470084
2821581
2802510
6973670
1768782
5373832
3752796
8762755
2826447
8384203
3599867
5981781
350954
5121720
8504335
9071684
8487878
9643292
86817
830039
4998519
9845296
101623
9132991
2146317
8576134
259458
7232800
45099
6498324
937541
5226563
199471
8863591
5622463
8051164
218769
5397194
4837639
9259776
2829064
7994383
1414800
8190227
201556
5726172
2399902
5543710
802550
9845681
2210726
9745392
3012838
9047886
2461052
9919819
531193
5949329
7267964
9852136
270296
2391147
1424270
7269533
655743
5371324
3750979
8099271
4831646
9396992
679346
9760758
1700512
6506921
2196470
5639792
1689050
9757883
369232
4481186
531934
6127060
3069607
8800056
917
8671991
4004010
9297312
4388666
5955191
45663
8355835
279352
8945377
4323333
9325135
7916346
9846546
4184642
7627511
4888556
7574780
6277801
9008036
8325457
9376674
88580
4554792
2091236
9004559
146962
5495939
2195140
9897551
4365501
7954425
24321
6751476
3921839
9051416
162087
9279640
1721240
9373102
8496415
9560730
987438
6621989
1119400
3372963
613117
5596567
266967
1005442
91592
7904465
2021223
4484453
5754406
8677143
1682045
5103094
2400921
4591591
972684
4080881
4358450
8501474
3331466
9409492
1752869
8871297
5537267
9803707
886212
9948066
854857
5553700
7969776
8033271
1408144
9381849
7494641
9542136
3402156
9693604
2413512
4612357
76607
3261752
1718564
5057124
2389595
5662204
5434694
6996335
4066641
7871905
6955674
8045276
3296028
9343822
305706
7196736
389691
6515292
3626943
5688084
8197355
9937200
2609594
8563676
849767
1990788
2989487
6329686
5819131
9704906
85013
9703516
1368936
9736625
5704903
6674160
3226225
7913276
693016
8280113
7808166
9677494
4770998
8834846
8013585
9369032
3764582
8108316
9540
46674
2957391
4745169
2433734
9267499
2221882
8722137
236145
7209392
428978
5183219
2496046
8386895
744787
6328625
3547869
7882812
997524
7547526
3705669
4907787
2681332
5366278
2745441
6596581
96588
7472463
4234400
6992114
1711124
5975451
124123
8201559
2604408
7573105
1687392
5941276
6148693
9856743
2596825
7442514
245874
6486626
4243951
9185599
568463
8794579
215181
3601219
1558350
7174227
389743
5506657
6121157
9158127
437170
2819655
409753
4608300
3617765
7205705
1200193
8926786
622409
2661838
2632095
8977045
669042
7969399
9428320
9834081
2991312
8736681
3709778
9859009
714810
7218857
1577077
9884165
4812511
9979368
789302
4990889
4941773
9268588
1315614
9798895
3304268
8877944
2276984
8863453
63636
7998149
6246629
9132212
2207567
9339029
4482398
9552216
3431246
6288011
2512835
9069798
4058669
9063027
7303013
9654010
810994
1981388
1220855
5005561
1459494
7539645
454166
4063255
631107
7003866
3957636
9595476
418542
7375721
2366
2566075
203392
4565132
515349
9620990
278968
5829315
5272076
7902815
6051960
9576249
2590897
9990137
1213126
8438939
2439810
9886033
536927
9908498
5643233
9291045
4000483
9538621
5224596
9099662
3933893
8712440
2506232
6760215
794562
9494346
8431670
8603803
238741
9748288
3867722
9958938
365150
9378619
2521645
7843631
2061011
7371709
2612810
6531937
2618747
4779506
531494
9719253
4654262
7740848
5328599
8559368
2427068
9459521
855271
4526988
5532209
9955176
910513
9544112
250680
4509003
294724
3250210
1809183
7947388
7551733
9998452
975214
6010665
556307
5829468
337508
3562900
579300
5435729
617798
7124753
1687751
3117947
1973821
7361098
2087704
2781080
5315892
9364300
3356053
9418434
819204
9893332
729662
8177409
4526826
9279913
1808217
5662992
18244
1145430
1091962
5859577
1274643
4946727
634752
8218333
366369
9945662
3265692
8532594
7230044
9379987
1156294
9577114
4479665
9019998
5270023
9005060
8361349
9437106
3261741
6522983
6905792
9968851
849355
7897190
3124039
7915250
1831525
9608712
2894873
9753021
2790180
6538201
2030315
9728061
919479
8272129
1503298
3394555
2649940
6207598
2458138
9907874
2098366
6788955
1499724
6117522
4024442
9745933
5978748
9262963
1078754
2581432
83618
3939576
745142
9823193
12975
3879689
967788
6092606
1418230
9924425
421132
4011667
1339412
7842045
1185102
9957182
192877
2850805
1818304
4058201
7837067
9863348
2239160
8100113
6643830
9808663
522046
7433578
3069131
8588063
7566
3865282
745421
7267667
2080567
7537187
94519
8315906
319795
7829168
938806
6346592
3262761
7476378
1457053
9505479
1954527
7708463
786214
2392614
887894
2992008
1250148
7557180
267853
7986162
1942419
9304759
7825663
9594245
459965
7177802
3773902
4503235
2933
5044475
645455
9343423
2256803
9252982
4467793
9846093
1458012
8917951
4143175
8557854
558811
8562931
559653
5364165
56690
7810506
85504
6941534
936127
8637756
661157
4360941
17233
3161445
5103403
9858615
1794900
9773383
974616
6940626
4290198
9773092
651870
8826659
2041443
9846196
362101
6003966
2195413
6376181
2627238
6246366
3906690
9454825
918077
7150333
889089
7915535
313662
7488565
4672912
9029710
3470946
9101646
4131416
9959677
6940677
9607441
1407449
6005435
26325
5024768
5892412
7504370
4457564
8996284
4890900
9336005
9091834
9716898
4073756
9399900
1444356
8084929
464473
8486099
1553596
5874755
4984035
8476231
4498981
8233867
141
9279131
1161723
8809858
6056999
8286441
3491038
8697923
291544
3387216
5192604
9796969
1731909
8295946
674575
8816806
2962909
7793725
882117
6229430
1707935
4684335
2280482
5806807
3453491
9006466
4743647
9992198
1475970
6257873
1185965
2597276
18293
9156635
2148508
8477987
2193786
7392299
2195067
6478449
3019096
5287129
1898696
9488404
6125783
9787562
2558300
8766194
4409075
5854190
4037785
6445873
2004867
8415853
2497783
9229974
4424144
6649278
6110050
9270400
935011
5700795
6460339
9927794
2508012
6645985
4953715
7616316
1669634
4659318
2620087
7758178
295929
9732327
5105474
9503604
1364809
8865553
596024
8454742
1660070
8033258
8163292
9692032
4185875
5543361
1561144
6306649
529513
7353552
37347
8227501
123869
6214918
1892589
9140591
506829
3698137
507408
1306236
2546926
6849169
4329823
9974392
3591381
5550479
6219394
8171159
1442559
2588001
6955558
9845979
4449671
9344113
532055
6795717
62624
9741765
472980
9122078
3452133
9530317
2297843
9334690
1475097
9968268
2511798
7313179
2092584
3797643
1437470
5226852
182671
9909668
1490478
9985562
1349591
7432850
8358966
9326805
406693
7315709
1889147
9492939
1590433
8640754
678258
7423230
750045
9465652
953115
5425903
466046
8484073
4918405
7336765
1598061
9865105
58535
1470393
1250316
7230199
157925
2737882
3877371
9222895
2834009
4243280
2220152
7309853
886590
5406048
5052334
9664081
1108681
7440288
3254571
9290776
3812
9964482
1624732
8566031
1264497
9184125
61046
6793488
1456239
9865515
376370
5992047
1508639
8102468
6713826
9587912
10200
4950230
1961862
9635521
1298717
7666706
1547749
9268027
1515878
4768135
3877274
9020703
1352227
9408620
2506311
6039125
1115475
5315246
2001156
9964752
1585357
6851610
2242711
7800472
3289971
9279816
1535294
6370876
167731
4693349
272938
9630792
238
628087
3595993
7565315
4576331
9898948
7426816
9923183
291821
9663876
1353311
8998331
291387
5968542
440128
5783679
817230
4776109
1397332
5958770
3134189
8960944
2195139
7535394
1345611
5339827
1565921
7248955
292127
7229729
2148688
6871129
127553
1610874
2767251
9133954
57448
5552149
317858
2006248
3311417
9550711
3834637
6485283
3108128
9876901
1102916
9290195
1145976
6090314
7056160
9333270
6435526
8936417
3493078
4573113
597743
8207087
4739622
9966138
3276246
6329638
1660364
3673136
3069796
6262317
386901
4924836
4017528
6271529
7460048
8936264
494180
9374655
2818039
8235760
339203
7501879
3577002
5267654
1192157
9074134
2738026
9889610
662409
6141712
331258
2778698
3422366
5830209
5439406
6488539
2989629
8154284
3698707
9524176
6160540
9942178
1952375
3081913
1139772
9811059
858935
2796955
339728
5330701
5731270
6683316
5397675
8341769
5664239
9471397
2004310
8465708
3821499
5223058
1319177
8248748
1463400
6294627
1460788
7145052
5103635
7633576
1559637
9475691
6039790
9760971
3159527
4536135
5947265
9975786
4220207
8277014
837398
8701843
6103534
9866487
2048859
8158878
5823275
9152592
840392
5566192
512232
9136693
6130311
7223815
3127948
6847802
152386
9011720
2898981
8447723
2784006
7736167
98627
7112096
4067974
6516368
5309467
9757407
417562
4881857
1049031
7663869
1080251
7669953
414726
2328631
5132407
8674191
75445
7426255
575622
9799697
348748
2972832
1833987
9635392
2154545
4148958
5949156
9864514
5614969
9435771
5205776
8902998
1479617
9576008
4977671
9700895
4969880
8673867
4893845
7640402
547731
9787187
6051774
7823307
727629
9876053
4465186
9080254
814545
8662616
2400124
7195417
2849612
7434160
1221686
8612376
409395
3700717
951073
8181363
1684766
7972779
5677489
9946703
60719
4093250
395123
8778748
3261996
9548987
3691746
7452868
564205
7272910
57636
1617449
4473455
7161734
3495722
6848913
7943624
9289612
3063807
8707990
1781138
5385229
894196
3337561
4983013
9663331
1993072
9727424
142028
4888562
106109
2753595
4113316
9921626
7106
5919883
6097397
9811710
1052024
9206876
139517
2615751
2679261
4763435
5108849
9396237
4414163
9064115
2341760
3623891
1684679
6324337
232090
9442346
1632614
9525352
1853326
8491878
630202
3923716
992651
3036589
1043062
3444712
970341
7035072
787089
8718758
300232
7773134
6227727
8551349
1595866
9682809
1040092
7573296
2304153
9334947
1738732
9964800
5046392
9748551
362437
2027125
2693137
9456621
1319854
4495420
3211405
7797573
2566942
6685995
116764
2444911
3851775
6825101
3230890
8717051
4118487
8395011
859187
5117260
4841983
9545419
1071727
8850525
1562376
9503760
1810184
7429091
1185369
9143129
2202414
8561601
133145
626070
2914363
8631588
5220378
9848560
341593
4805972
1625152
9975118
2624326
8609423
199470
7554622
2008542
9583777
812878
6234266
801250
9544037
294318
1855699
7927664
9551608
36349
6632869
2305224
6587387
1442835
4271013
5209611
9665660
4037230
9616411
3100441
5369615
1419089
9475638
793327
2346341
9037466
9855652
2527216
8789040
2286992
8382352
222054
5287733
4018924
6101302
1366046
6021565
34504
7436230
204932
9126959
3103147
6292864
2040568
6442148
3325159
9852466
3616833
7422642
667811
2525706
1819553
5871929
2444967
4209599
2562194
8809441
2502471
9925072
7163715
9754955
1589633
3335923
3900237
9913854
4376319
9857103
87580
1828009
1160438
7320069
457836
8050818
4953092
9507240
3361251
4041950
493486
8444147
157654
5631728
5612576
8855402
6195645
9254068
1229672
9763157
3355956
9122730
3070358
9975457
459210
8470352
27559
9766948
324646
4195836
9100896
9954547
6547215
9474882
4538844
7339633
3753304
8679120
958093
8171084
2897450
8612316
866857
8724236
1397340
8307078
3766062
8005396
673371
9617053
6798672
8749985
2280996
9777115
4256802
9956458
73246
2418230
2544734
6998347
864125
9948440
508197
9212330
1536547
9141049
2498034
5521311
2402206
5963586
2101055
6867285
802384
9958632
4238895
9126225
2385707
7318387
1304097
8531345
362903
6934274
2761252
9245903
2035357
5614011
1940771
8769407
1353656
5823673
2751515
5253528
5513050
7409773
2154190
4411824
1192430
4373379
140268
7186591
1186297
6338854
2165202
9326697
2076228
9881302
5964004
7126470
4395792
8799125
25293
4622370
1461601
8559839
2213973
7429207
3287117
9004302
478764
5906846
1910132
9734191
1345797
9117210
4443763
7322376
3049793
9707008
6021202
8103178
2296455
9463928
3108969
9736918
411649
5528700
4459846
9929958
965141
6176942
2708693
4180612
3509422
9803960
1436113
6522698
584690
7241712
128417
239060
5424951
9117132
4319527
9845021
1191498
4956029
804512
1831248
4402563
8098140
3809432
5613537
6541408
9343831
588424
9024837
344172
5946828
282686
9797899
4733112
9795020
703731
6102471
1761997
9345128
72395
4109998
1467674
4278349
1806583
4910515
232186
1097184
2846563
7712168
4058035
8539558
2299659
6614915
747764
8751090
420557
5185705
309988
9897133
1043707
4442670
294853
7359490
7034622
9598806
413217
4230744
557023
7999297
6310413
8079929
1034530
9809014
1213066
8162714
1567266
9373259
2494874
3824873
911876
8284031
275501
7805613
611702
1811317
1495740
7438093
4874009
9474451
8564472
9850919
2808834
6204251
1387510
8153295
732331
9893679
1142532
6118521
3618382
8366216
3392502
8438925
5192330
7611696
523863
1492011
151335
8145999
5508221
9524916
2866280
9187078
1012296
5539110
2804167
3507837
5682724
6991576
2448609
9139835
5155613
9379991
277696
9995586
761635
6629422
3687198
7897487
7356086
9515490
2774290
9441658
3163604
4295773
939995
7125445
871406
8115179
323529
8631863
4038100
7919248
240311
2362034
6032216
9548149
7288742
9103304
7183914
9964213
4529321
8839162
2426921
9699241
2267731
7966620
4929251
8074284
206128
8979502
2978054
9767618
1702376
4235713
4352429
9911544
276951
2641667
4446801
7011262
5282644
9153459
1092912
7227944
2183913
4516321
2591564
5878856
4809371
8333329
1797818
6062362
5767083
9478906
4172893
9959224
2736269
5832934
1962967
9735607
478185
8304274
2068893
7744758
1214087
8322645
277794
4278022
2935498
8331860
4166452
8995645
2019965
9477729
537678
2368883
1296042
6668736
232025
6585720
192084
7618214
237253
1430986
1798331
3719407
5241514
9721331
2794903
7559354
613916
8152933
2047015
4038606
2990717
9921013
1006034
8627796
2295699
7277298
2793521
8378433
2103865
5508485
303780
4888890
1653081
3788640
19954
713946
2426205
8399274
274107
9677201
75161
9795879
1953776
8504043
44527
9809748
2769197
8297566
4660356
9679549
466963
9341255
287977
6169977
1761799
6298814
713418
6392143
1601787
9951362
4430231
5685738
4836864
6595939
504089
1988949
863951
6678037
183000
9356577
108007
7430282
761721
7158690
1044749
1914017
315815
9992103
7537598
8833317
4797984
9554820
1579507
7189389
470278
1738331
204871
8946919
4235429
9433284
300447
8931300
1903674
5752991
6802177
8853438
8456055
9480013
1732891
7092681
2742319
6861587
5134909
8522677
2880640
6194953
3883573
7867410
106120
9699349
5677227
6737566
1467340
8365924
3684008
5473858
4065169
9528254
7754205
9794592
1914891
8700326
1215367
3751421
7106089
8536932
4438023
9090833
2186816
7175188
2389993
9718919
3214089
5272464
3612197
8676015
631665
4413380
3882334
8960345
238182
6483738
265281
4097856
73485
8472407
6830067
9888261
1411096
8552083
1602015
8572159
8518811
8892223
438934
5676868
3067850
8816772
283720
4009895
7040522
9959512
481652
9799130
1115915
4497580
150681
2874025
2502573
9214528
1202530
8594711
418531
5622605
4378411
7408864
2165042
9611173
3636461
6959268
5891178
7403521
4720924
9059437
4677635
8789105
4938482
9375532
769512
9688539
694763
4019343
2265281
5556207
2041401
3962696
4352858
7256791
6282139
9973619
3266691
8875358
780328
8182124
1186604
7127438
9004543
9224629
4247756
6927402
4986536
9089889
1655000
9852946
4901842
9697891
45448
5908530
720344
9483846
880
7628026
678152
5216338
418473
3028212
4185294
9656332
429786
4156444
668293
3560469
2683970
8881792
3382130
9800711
5231220
9800493
398255
5790244
1935744
8828638
931655
7734248
3235003
9032652
809198
4921616
579357
8059629
4931921
7537451
6282027
7225599
2535781
9999160
5085582
8366490
2458483
8660870
786273
6145608
2052377
3352812
843174
7975085
100154
7017072
1522729
5926560
2830349
9561951
6978073
9283568
1038753
5485501
1353815
4993480
868378
9946659
7319267
9925199
1122544
9210490
6175212
7969727
67602
6366342
6444971
8449381
3152889
9263092
8569501
9286058
6411332
9486333
2464018
9775233
1065768
6178535
1318661
6199307
2861107
9548686
2969032
4255153
1000399
9960562
46755
6441763
2685646
9993188
6444287
9902834
855950
3836600
1699777
6771270
532943
8264005
124421
7042775
257682
6216741
4816231
6434668
185811
3722056
8266410
9156571
3847362
8723232
784986
9220154
4808511
6944877
2675112
6660326
28369
4103067
174297
9828626
205840
8665980
4921861
9306694
3053801
6941589
2936275
9094422
258753
9880099
268374
9784267
1176252
7727487
4456689
7476095
3575495
9682016
1635830
5718816
4446914
8086779
40430
9659748
3332753
7907373
2038961
9850434
105760
4156871
709335
9133055
1733125
7317392
3527729
7696670
924086
8833131
779356
4357659
52079
3465858
492257
4411064
2936530
8402661
1795289
9988853
3728116
9065546
5452775
9885550
2092823
7213422
304352
2545339
393786
5714800
2504501
9787381
4914749
9464529
2117249
3881400
1479942
9934135
464306
8968504
1596129
5950529
212060
3902152
676883
2847631
325270
9104069
4576414
7346950
1008503
9290600
1557654
9969073
2164258
4996456
4533567
8123813
24208
8499722
7002404
9718628
4364207
7605652
625597
9300376
2804970
9353341
4295494
6269057
5416029
9547768
1084133
8427192
5165870
8261326
1748682
3873945
1414509
9938383
7302761
8723097
3485387
8264536
2311575
6615135
889956
7871406
3212032
8355174
2131818
9169814
5693893
9937644
3821689
9847605
5508245
8539917
244101
8647994
1187743
7180854
34318
7884898
1629907
9295014
45248
7559966
2574405
6771869
1859947
7112964
3737936
9058536
4393607
9490069
399506
7450686
4130172
8941666
6187367
9287048
199306
5497999
5172158
7014351
2353091
4063745
935248
7609106
8347988
9564815
6053503
9147497
616320
8200743
975006
7586893
2189866
6807806
150462
4464027
1173440
7597023
4772126
8781109
71191
6361942
1260351
7351437
1165482
9292542
2502480
9745751
256082
4659436
4886921
9987187
1559383
6926833
1893568
9972619
158666
9023828
386447
4360375
3714520
5159009
29938
5782385
1808383
6027922
2791735
5958920
669349
2987742
1574320
9470144
1742946
7702240
3780488
9752400
977392
9379485
5283070
9355228
6224453
8232311
472064
6007659
6338005
9695981
2711712
8709497
1706688
8815485
5607614
9261692
7823938
9312754
2110838
9498398
1809450
9596850
3670116
5418431
4766746
8974325
4229294
9369627
1728216
9583262
236080
9971529
4765535
9930584
706199
1546101
3014594
3742439
6893131
9071536
2629941
8023581
941492
2674243
265196
3933113
8518006
9888082
4221886
8562658
231418
8702132
2957806
7825394
1850748
8240288
1581873
8866792
5019144
7947182
105732
1506563
797609
4772500
1643736
8851135
1466594
5492645
95343
6093931
6044673
7972141
192344
6658081
5013588
8008918
1247108
9357251
2581013
9982003
368769
9917412
3005540
6299322
5836531
8756016
3798372
8302963
2826984
6106406
2502070
8111228
6336268
9011191
6160112
9960246
2787512
8663031
3286849
7833832
2685256
6632798
1126046
8223356
3968830
9985160
415066
4527963
2435243
7104007
279370
4627072
3663674
8969170
1799886
7430690
5976396
6985279
216377
6672006
967524
9431086
377404
8325193
4268197
8882208
277786
9987142
3769561
9031714
3991297
7074061
4640
1068870
4401498
9933951
2157570
9077792
525676
2041706
943892
6413232
280036
6693148
1489356
6862442
4896275
9162583
514134
9846156
2507509
9730393
453643
2458249
2051705
9575341
8030442
9431989
835879
9282254
4219256
8429474
1477271
5068564
3565141
4885382
149971
7809782
2148846
6244180
145643
9389140
7572356
9086566
556214
8391442
972405
4201945
1365881
4578172
6581277
7821309
761460
5502884
2564036
9525021
703678
4605794
501440
9797297
5695539
8078119
4632732
9625159
3236365
7612384
516660
8250349
2377782
9993725
2382038
9659353
4783012
7111225
1189440
2970018
16401
4063316
6299790
9737873
573524
5794615
119800
2428169
1326557
9385327
4307615
9348676
3712724
9745987
481951
8464499
1341434
5937206
2331
4563408
2678897
9899043
1004246
9048853
658642
8143998
883346
8404031
2059369
7060948
195482
6790162
5406277
9088826
2170896
9693058
2634911
7643919
4306978
7204145
680110
6991769
4697289
9530275
151334
6346944
2561143
7429111
168536
9707840
5478623
9217281
2195339
9084795
4737455
7230877
680305
9225726
197010
5752786
213711
7387552
237380
677517
897249
8478216
5099053
9087878
114451
2338901
1487201
9974151
276527
4768607
261750
2521611
3161928
5675574
6609785
9596440
494828
5080424
3753182
9826099
292192
6591612
2526267
9494991
898201
8285031
4211349
9182049
6762698
7362024
1917409
2553704
426878
8720390
2176961
9961108
668669
4299075
5750397
8723763
2107141
9048007
2514016
6093809
4678008
8466323
1081198
8849534
447286
8076523
1743715
9449060
2443673
6967166
2751274
9474785
6934859
7982817
489575
6455157
1031390
7405531
3732783
8703320
5192876
9266722
150795
2454202
876985
7980616
1241779
2358707
6922074
9340653
3065762
9427153
1983035
7916646
2137821
7488132
1305481
5916814
2228235
6255463
4328589
7577558
3475101
8172813
1295703
9446509
6434716
8168997
3780298
8352730
2940296
7411190
1598359
9990183
756056
6744019
121262
5125299
1809893
9449974
854803
9754978
6626391
7485040
7625392
9639301
1217167
8072136
193915
5625855
2686338
6038962
2422525
7809423
1309134
9531422
1711641
7466612
5846711
6617435
286113
1599737
3593917
6244088
2139155
8798821
435008
3906515
4708635
9957863
815363
3047881
1288945
8225940
540666
7485543
1099824
5485202
4478629
8556938
1928614
7321917
910451
8528661
318042
7230715
7560367
9949289
3130234
7555252
344399
7972281
1981259
9340827
211744
9021164
4521373
9568530
1621374
5030561
6365131
8560505
217500
2358427
680759
6908923
1746332
5531447
596443
8843012
3034224
9731568
7002417
7267019
3638166
9772102
508596
6784751
5628756
9043477
1936214
7891006
327324
1521433
1536162
7885984
629138
3940258
351640
9221909
828750
6844711
2156088
4678757
2741451
6398699
1354507
6157194
3732231
9117012
63899
6197871
4785083
8534513
3550915
6844449
5259520
8429047
1643255
2753091
4073967
5046370
985897
9827473
458709
9255964
3203673
7391627
614410
9266790
29780
4174045
5186550
8328163
1167968
9766116
151632
6489017
798862
6895160
6979483
9086545
629542
9516186
3256225
6152421
2827167
9090619
2602579
4866162
2533182
5535714
655324
2451496
6893680
9192220
99010
6662027
862138
9947942
3036894
9743926
69949
4960649
1748929
7253900
1430422
9515245
4001748
6175032
2732426
6238690
305870
8841991
5834031
8254945
4321687
9304380
4162298
9901845
951458
7347516
532234
7549581
3525097
9586358
3800263
8923113
798754
6899527
1207066
9518167
72209
4140955
4896706
9481150
2941521
8416570
2738400
6957247
2823493
7811522
4278217
8486301
448234
5630890
1016134
8722581
1019332
9872214
1545747
9527198
4890100
9118336
639342
5465911
2270347
9751231
104908
6317083
1284370
8270285
8769487
9890563
5711471
8055708
1043507
7533674
2133892
5342364
7237063
8811335
4915062
9314488
1348966
6599004
5604781
9769998
1643588
7726614
2455109
5807642
2973075
9533662
1049097
9425800
338922
8379159
1507528
5198399
414843
5979183
1351963
7751891
3583626
7833962
828285
5680225
2817635
9820880
3561
6325318
198802
5381290
215229
5444337
5962405
9275938
4051360
9288085
5775222
7447308
1939525
9885197
217564
5869441
663988
6017368
2188511
5634498
1336705
3690741
69653
4079442
955114
8744142
1026042
8417798
2221319
5767042
1474253
6464906
6419953
8702402
4220335
9381266
2745720
5901089
3034145
7207915
176998
8239939
4299140
8858129
3772721
9221785
1430847
7846343
380352
7913384
2986137
8341375
1262437
3806747
6198108
8928630
2181053
3911931
251177
2906158
7108429
9887374
782941
3531605
3262890
9062796
792554
4309076
2960684
9651511
1662695
5680926
95064
3737264
2020952
5051169
347813
8998843
3198673
9248324
6345138
9090620
127076
8446077
1223753
7385171
697916
5885638
478104
8722955
8569271
9815210
844532
9590947
899859
9623108
4221413
7270421
5585917
7962991
4697758
8459576
6450375
9754646
2399
4132143
5149108
7810808
581302
7110821
6451268
8857230
4691438
6544514
201120
8271246
99617
3620316
3247579
7863348
3606305
8011020
1384336
8650488
1055909
9027987
2472214
7993797
1106716
9617560
717815
8057084
803886
8458420
1970769
9706478
75099
3290107
1146372
9320514
2479630
7089145
1341378
9813758
1598995
9546579
33280
3432786
101873
986501
213654
9823243
4052803
9971640
7974145
9758501
357200
2412599
1307937
9411501
1610489
5583015
1558610
9901071
666360
8606323
380655
3152175
3791995
7302152
2386503
5449815
6688088
7386615
614020
9046286
1653367
9538062
4067408
7956042
688789
9269497
1350218
2809614
219115
4649678
844486
4381415
138829
9732129
1468511
9167886
1597786
6863705
5473120
8786107
705046
8678713
3652942
5753110
3884800
5393162
3163361
5247391
6870108
9329669
9033538
9140767
1293681
4702880
159608
9244536
98917
3012675
647303
8313627
71519
6228911
43418
3624502
5940951
9205904
2737497
4905446
636589
8584153
976624
9783033
2216726
7269827
4995252
6064930
5737439
8547616
831902
4469700
4214408
6896198
2658840
8916807
7717576
8777211
3868816
6760128
5906177
9034488
556398
9369707
167911
8992789
2576114
8068774
7588831
9863477
2937288
6859186
6463697
9332176
5818433
7933188
6876825
9210156
1068093
3380632
597494
4458134
3621447
6382083
5073445
9375670
1025593
3294768
2265541
6598605
3978243
9012415
3455145
4390803
1046032
3738081
626654
8049377
433107
5157510
3757457
8158229
1097685
6671990
635993
9479044
1772054
7834091
1137244
6448541
1994017
6474941
1293021
6546537
1074389
4997874
399280
2556968
2060204
7356937
1398951
7637926
1110348
6192799
3063112
8588751
3663021
9982709
3675838
8076056
6580093
9719273
472818
5057643
110987
6680311
2705833
5000760
2487843
9737857
409618
9780954
1981181
5933523
39665
4350977
215633
9542754
5550695
7410834
2089752
6290764
2007064
9511265
1658478
9575089
6978500
9963151
891090
5079279
113998
6523655
3129142
5236500
306646
9260197
322023
4204344
1426635
5394725
1324214
6879591
33007
8502324
1289663
9206912
658146
5018909
1872692
9739827
1551422
9479834
4884655
9708954
5037730
9990926
1160189
4167433
6946369
9657325
3155254
7581944
3836327
8184533
2260498
9287293
961569
4591500
243199
9995364
4648874
9509175
937446
5858179
360512
9731456
558468
5830063
137797
9931215
4056649
5024093
679930
8952532
1615328
6236853
1023050
2199943
530720
3327345
1052648
7841641
6454788
9915919
627749
4314788
1797247
6938278
5167496
9609740
1588536
7693171
423051
6624743
1492612
7248176
38048
1310737
3287657
9447277
2643208
8148131
1179973
9699648
3092719
8746451
3271516
8571121
492050
3666337
11980
3089119
2627069
9639209
7314513
8215514
5200968
7748860
2314597
4838646
4994110
8084882
4530248
9614158
770979
4783533
2390479
9479164
3540416
9031704
9027172
9980780
2250947
8901738
4996739
9780346
271932
8707033
131611
9697761
616518
3652128
2911468
9496102
4461965
9244449
6490028
8049719
6536385
8131156
3132094
8283472
4165170
9430069
1533815
5055723
1576847
7788326
6570741
9189688
8067700
8384157
4600225
6508670
204795
6842849
6051960
9313245
1080468
6687761
78605
3251434
4185386
9977015
10957
4523007
671703
2412722
4768
9673877
678041
5227459
4529194
8574469
1409872
9541111
1729204
9712577
1104631
9500686
6690333
9849224
373772
3708310
475193
9423467
1327294
3211896
209329
2464708
462670
9167793
7304296
8898080
4549812
7466351
2496770
5039404
3043533
7894837
802944
9952975
5111125
9110185
60915
4072538
1989693
9935608
1353534
9151588
142610
6945237
1305805
9620622
1605416
4600199
1657551
8662206
2310805
9555148
3832325
8694328
1180953
4693361
778044
9798631
510445
6680099
3573355
7847705
5063723
9608992
395985
2473682
1234852
4756901
4142021
9662946
381528
8818191
2152087
8197010
6385761
9439247
3316557
6252328
3652176
7965523
2093205
8319556
1246388
6950687
3901008
7835513
1135549
9112923
2569762
8231594
461844
8989402
2149460
4418383
4454890
9553492
4701222
9406822
5297962
8016641
4130452
9729606
1919755
5890699
1493732
4291334
1780932
7329561
4979057
9805114
555077
2534992
5401203
7243130
7514654
8268272
494523
6162198
2428936
8608070
2504522
5088526
3633591
4738738
531456
6220152
1243035
7716590
490737
9155222
5138825
8166323
1928639
5270181
1077942
3335721
636700
6567085
3151103
7044750
1044167
5340255
6676912
9773210
79597
6631707
771673
2659881
4674249
8808315
1569447
5681060
7789341
9633326
5001121
9687432
5873992
6934236
4786778
6481258
918341
5444279
1992766
9810360
2920313
9700400
360499
4252354
914825
2314809
492869
9938184
968347
4755171
555040
9735555
954238
8350089
2903757
5811600
4967296
9130324
7975741
9968434
1478401
6402186
1848950
7152910
2881334
6030201
376464
8354916
388590
7285134
1022279
8272707
3690580
8974890
82245
3377449
2972055
8068925
7554064
9984848
377057
3968258
4554967
6459433
3879307
7285966
2530275
8067631
2636662
5063245
1644024
6547418
2598907
9867711
7289
9281422
6659422
7369502
1632309
3410070
1948330
5498537
1572796
2874168
2360388
9116021
6437913
9560733
8302769
9958772
3024597
5285166
7806873
9525140
1175637
6428221
8891977
9995802
2037391
9177249
272282
4728441
3172181
9355635
1523256
4168011
751160
7206813
1663600
7181938
2168061
9635987
136411
2238873
33814
9316830
234617
1800605
2130106
9926503
569424
2078314
164919
6348845
1120251
5661510
3354871
9134389
279123
3793037
3293733
9539985
4504947
9385457
3744393
7680624
5171480
9259254
4600484
9981899
462833
9659810
117123
3240040
602265
8008729
878858
8762040
1945277
9888375
927093
7106684
262869
9861599
427853
9654831
4453695
9199105
376117
8007333
4119048
9702764
3944863
9383921
3488446
8846241
13177
9404304
2145436
7736878
1067913
2150977
3500657
9766338
2940569
8182698
109436
4606147
4415911
6327439
4742004
8882775
4506612
6831185
3621452
6839911
1809268
4081279
1932532
5841163
4914406
9081388
336441
7704066
280216
7210307
7310021
8992964
511481
3971114
335270
7871084
3409826
6705742
1371418
3605356
6041415
9164701
1917177
5477594
530775
7561965
3666252
5991154
445919
6085918
1546660
9329595
1297892
6496798
2337925
9017417
6185137
9850045
717208
4542812
305818
6934723
4887356
9438880
1300235
9557615
3390936
6752673
4849375
9979007
755817
9364792
2557955
7949843
1171994
8927355
915505
6534107
235678
5376391
2312063
8293039
906818
9683811
773531
7548601
4475168
9536835
867901
7773965
1600306
7176488
1667553
9069864
4020031
7562690
1894363
9919159
935432
7150837
3246920
8295161
3570034
7709230
4996968
8346687
3921663
8531349
4334797
6826453
5962147
8960672
1711395
9930182
795672
5676708
1930577
6066918
1320942
9582930
886332
7826895
228604
7668201
1194105
9903777
505886
8658380
5280273
9286638
5295891
9982928
291479
8114102
1295406
4832125
2346678
8891201
2817052
9028420
880540
8427108
3262116
7250088
2041715
7800561
590893
9874835
4954499
9596557
2389908
6800409
1807707
9044879
678186
8443625
3887854
8848776
4025931
9804604
646828
5391931
4163104
8580351
3344781
9658151
1187972
9150100
386809
7301855
2233178
5898696
2569037
7464425
1543331
7691591
1359631
9331517
5110359
7530468
435156
4099475
3844309
9589097
3178533
9615595
2594175
9825825
4245787
8868420
290896
9679570
1820910
6103114
1089595
6508505
2211095
9756751
2342598
9820000
3756725
7539583
1538347
6632533
2168179
8734113
1856365
9632247
4564751
7756651
99994
3273506
4457700
5530189
1975894
6779995
1325196
4859079
811496
9866149
1823259
5074107
2323557
9010751
761522
3263740
3785799
9529165
860959
9580897
1461865
8949713
511656
4944286
1502413
4913768
1544370
4576839
3293616
7883026
4207424
9882453
309581
7418987
14571
6782414
1163785
2158709
3336663
7305482
583144
2644558
1313660
6957927
678526
6613789
64914
8185573
138906
7947431
2411924
6680678
4142680
4559982
5974206
9517523
342287
8792436
2645884
7655833
107808
7632218
6715353
9925668
3068829
5111637
754271
9654073
662461
9897239
713519
2181010
2305637
6810675
56879
9927950
87036
8535919
2971872
7155152
226378
1204774
2024925
9550796
9244446
9915844
3795216
9934787
1084874
6997165
3960067
8415685
2123381
7458095
1259211
9871658
409548
6141407
177482
9059312
3797088
8854573
2052529
9982866
919533
8888048
7092947
9439733
4906046
7632603
1855697
8741454
307746
7321694
1149310
9368418
730108
8558902
7626915
8777342
595712
6731973
3907381
8893132
973072
6401278
245127
8349507
588542
4289949
200570
9272454
223489
9542763
1183121
6542404
7567789
9262188
2083136
7947878
1530698
9997703
3490042
8560441
7882325
9712550
7240060
7905895
4146455
9973499
8137218
9961353
1391746
5460760
4831579
8930518
355670
8769982
5614008
9008133
139840
4607761
7197403
9837857
4833231
9881011
7360807
7512887
8284422
9958606
3287940
7860164
38720
4994111
644507
4087261
7089912
9222803
533972
8485956
5441632
9795399
2674491
7452477
998376
7612705
2906569
9142005
1040100
9473346
2366708
4085775
278670
7920947
1722317
7069178
3459581
6775239
3097733
3974465
1220027
6627851
3967735
6462927
9316667
9872795
556448
7731996
5839501
9839577
2658424
9406536
1912804
6296376
706468
5681543
729228
8434810
1520077
8688754
3575957
7216615
8516630
8930782
677470
8445808
5918210
7539824
2870997
8825617
2330832
2540734
804234
8571929
3228149
8795727
567567
9918117
1247092
6010802
1174980
9435020
3915571
6725241
1531147
5694641
1439009
6180675
1282306
2916204
2651570
9470157
6032730
8597212
131317
7965368
3813405
7714190
495204
8410885
1479854
4882044
3095496
9587171
3504204
7110463
1033158
4098751
26401
3383475
65105
9099947
7451151
8842869
1668180
9995999
1499871
8743835
352672
4936036
189755
8414259
3904226
7649037
1328059
3476365
4119394
8704629
311677
8041600
311873
9880845
1754652
9680688
1111290
2690071
6400319
9849632
1826303
5786465
1623162
5664068
1027630
9537562
3464135
5439757
5330265
6073081
984702
3469594
1924252
7171683
163128
5322356
1268781
7485673
232683
4737879
5756916
8980554
2805061
7492964
2763179
8814097
1179139
7651194
2690697
9838675
5829407
9897980
4906574
9533363
7626598
9976882
2905823
9984493
1976199
8766740
3937642
8463562
1111621
9907365
2056330
2873090
262070
6918047
1157018
9995227
935878
9432875
927550
1265264
6449817
9773560
744705
3464346
1851094
7680596
763673
8060722
1678452
9624880
4953022
8453203
5932532
7647077
2794116
9114795
5846996
9681261
3028995
7551215
2677945
9661892
5240516
7021025
1512533
8517257
1018317
5093268
3276953
9610767
82652
3215692
1613924
6243964
236835
2520809
3292401
8533765
2596554
9885410
6092349
8204522
2633318
9982379
1192780
8247231
2986128
6622826
1017099
4047466
2719011
7499018
753564
8205090
2330420
8464482
3245049
7656332
168079
1973828
57453
9567409
60794
8717076
1149704
6331154
639254
8005343
644216
5567009
1341022
9284541
3462343
5645146
3502914
6787533
261408
7189981
562520
3278868
115586
6525314
31797
5704648
5356061
8791724
428820
5071373
4267604
8757892
3475818
8830051
3103503
9616091
664929
1653628
3506310
8892236
207149
9014830
22374
8840727
2616472
8338433
4076735
8512356
383013
1016859
3163597
9221284
5813229
8904756
906992
5787469
4047248
7874322
3703455
8920103
1337289
7760794
5556797
9830661
1316830
7781298
1065909
7926046
1126292
7626057
4069551
6646119
3039989
9534461
1888722
9232225
4210341
4917248
5423582
5659658
869667
9842122
1761427
7923696
1665596
8525905
1991930
9430641
2835216
8574051
1259016
8861533
553710
9724119
631416
3697910
1190823
9471859
1800288
8044445
2428
6465394
624879
5522797
6561452
9007524
627453
8657675
2544614
8531510
1024276
8598986
3980415
8644619
8113568
9799644
5668287
8642170
545988
6529658
3838284
8424048
1610621
9578614
4457704
9855578
112789
1736105
4218367
7941924
8105243
8897214
2130955
8550021
6228226
9832495
2848951
6773079
136460
8060865
4161791
7018457
3746828
7460443
4447378
8218278
134399
6990669
3760936
8833562
5065799
8630497
9024222
9967645
796952
7467212
776390
9435676
155045
5824080
2883862
6372003
5755787
9292572
1339819
5308504
7494097
9840121
5073747
7080991
2992307
5108432
2180345
8220398
1589910
9570825
906141
9224991
1155565
7693616
6142444
9682234
3239218
8374983
5221414
7157305
300062
6827077
45445
1874239
1289531
7218016
1027156
9472165
3628928
9830948
456441
6423564
5113053
8469753
2215562
9342558
2388737
8701717
4716182
9745836
788698
8573582
4364762
9950051
6620337
8984335
1249806
3591460
4691284
6900141
4215557
9343747
1223303
2669213
3660319
9255398
5089276
9999076
1680987
9716726
5055210
9222994
1536501
9557292
20262
9135151
1059575
9777057
280
8038127
1629680
9813303
106715
8109552
4347479
9834660
176913
6138689
28154
2962777
30471
6704615
949813
2170565
878307
1204666
3154238
9698848
3334346
9610741
4311820
7989437
3347232
9487765
1126200
9881418
1092938
6294575
1104236
6951846
368351
2392983
176630
9842124
733172
9536703
2822386
8309776
231271
9648825
1717901
9920435
1499378
8159948
730222
9654067
3992171
9423138
3310286
9227018
4077481
7056598
1373675
2139364
152258
8176543
667674
2421480
3363549
7200725
3082227
5540486
113386
8603932
3830190
6388273
3690052
8728133
1173083
5892297
6642826
7993814
3590204
8589450
376967
7470830
8502174
9827921
3921829
8969405
145933
9920436
6419164
9625101
5931797
9338541
502322
3464190
763541
8628599
261965
9064568
2724163
3880679
137561
5705747
1485268
5421217
6084631
9941993
2525600
8943665
1107546
5798839
2777749
8512004
3958888
4085705
7464483
8024856
1244238
8439228
2832241
9086544
6353172
9144320
239823
2689744
8209
3735152
883695
7112285
1912521
9532460
414973
4891169
1139079
8644558
337530
5612462
1976343
7756147
1154535
5586458
2665594
9491665
7431976
9093196
679463
2673271
3146532
9008871
19390
4786649
296771
2498261
37051
7941298
1093104
7242003
1551528
9089179
3004719
6553068
549042
8206638
1054309
7936118
5641750
9061538
1675127
7795222
421430
6533426
4226679
9836111
1653217
3867197
5650568
9596921
450486
8844040
208777
3648206
560607
8211598
3364212
8302829
3848310
5649099
2034992
8272461
973171
7029434
4035036
5949978
2063917
9958471
2771322
8342312
3537710
9292384
640704
7171007
2625857
9126534
1967453
9764329
634266
6533608
2047976
7686680
9693060
9972546
3938578
7954665
5217851
7900040
5842031
9647376
1444194
5778049
2089274
6038860
858049
5491042
1292329
8952965
184641
582982
2366621
9859984
7022818
8259457
6676817
9968656
3455060
7445452
1682950
9698291
3872393
8149784
241147
5359645
3579220
9117802
334156
5350155
1163036
7388356
1669123
5734442
952216
4502449
7723364
9329126
829375
9495712
1172278
8720275
47583
458438
6492178
9162972
1050819
9340321
2726843
8903550
4308350
7848258
2757196
4773677
168018
7801700
1706713
5958322
58993
6978491
1359222
4940018
668158
9834948
210162
7774413
465484
7027353
7209471
8090288
1284501
7237801
7442694
9023994
2142831
9211566
1951542
9218555
576877
2605949
6900768
9543127
16221
789660
2742185
6595724
2741689
9760930
1157733
5461906
163257
2058630
3292596
7238996
310848
9637828
413435
8837441
8335224
9838915
2468669
9008719
3723381
9743436
588970
9390286
656810
7895481
1936499
7533508
7401749
8832050
1838124
5984729
1828814
4653892
280459
8640125
421820
4361822
5149936
9635936
122417
8895631
4882521
8629327
3244297
4558598
347307
2970835
2558109
6217565
701243
3623767
1291770
7547692
2124126
9841277
116260
8926920
2177036
3835136
3511583
9953771
1523257
9013805
3228170
3853605
5304407
7432547
2476803
8847471
355379
4585365
847100
8645678
6165159
9725787
404675
6275714
2000679
5549141
1834688
5985993
4509810
9701871
379645
3491944
76191
3298593
73205
2490112
4396891
9990268
6918513
8172183
4168690
7245625
4940512
9664719
1242743
5350270
4136578
4709284
9225699
9527589
603457
9150751
2284021
9354651
1847096
7051483
3544031
9376983
291825
2965931
153839
5483995
792682
9691230
3108863
8621854
1800639
5633384
1625362
4822939
2677412
6450529
24174
5343253
921093
2864042
3873380
9700434
1185471
8027426
1322208
5556790
3708251
8521530
2277720
4412602
670450
9333506
4291863
7217810
4726109
8646047
4876564
9387303
92555
845511
3361571
7138955
3479415
9501826
2601564
7267480
1959299
5601384
149004
2403193
3813769
8292004
7461737
9534446
57716
3522428
4380572
8986067
3008518
5872510
232821
5852741
1297282
9431972
3817725
9166920
4091664
9975318
3356883
6841070
2544707
8022610
2588563
8728424
2272180
9461909
1695803
5311776
791964
7556126
1311537
9249664
1073994
4280527
1266445
4479981
255964
8497372
594157
5194222
284736
4739675
1043634
9739194
4156674
8631491
1370462
6754514
187996
8492649
3568116
7505660
320650
5316677
2780241
9702967
1136035
5589061
3392737
4518980
4884153
8308223
4549117
8600609
1510551
8981714
2677831
9795659
4729063
9996157
5709661
9801974
4572409
7570415
2987506
9692038
5680510
8927188
1032200
6964699
1060797
9130916
2776234
5365424
709864
7630451
6871567
8212859
3678157
5296274
372809
8451897
7220807
8725231
2763294
9566296
2274804
5364559
360807
6333783
6120559
9970766
6518468
8671387
896966
7935512
129045
7261360
317553
9765609
4037116
9820659
80446
2105754
628955
9165198
7701577
8154068
4366864
9746735
3072951
7264513
6919133
9864317
462101
9191101
1762069
8499165
2655539
5785981
5073478
9657454
79855
8063062
3483117
8596059
7937778
9790260
1535193
7811595
1394793
9361454
758738
9218826
3959033
7454801
1301606
5296381
1462338
9659764
3955422
6137760
3699693
7689478
7408051
9907060
2865218
9832929
1952443
8581666
247515
8527828
2999907
5990523
4439654
6576031
1097002
6352300
1184472
8360263
203884
8459811
276787
7217189
584503
9177719
1117194
3944350
2337960
5315371
246205
8510752
1697440
4450813
1677778
3407985
858777
4982221
6962290
9952132
4119978
9959781
2447991
7135561
1793581
9691865
3705058
6438214
3113213
8350294
7170018
8739847
707027
5640462
2634922
9370081
6449043
8907514
6524223
9694899
746410
8474833
4750556
8182469
1023866
3038987
703642
5215091
5238275
9502159
5084477
9726543
4595205
9972641
579793
7385088
2846123
9915652
1021287
9815119
8759707
9750503
207222
4374698
2367578
6640629
1238091
5598841
3090141
3434255
3132129
4323880
216445
1444129
9691278
9787386
4291251
9812431
165542
9029159
3345097
7538559
4053132
9952214
937419
5131217
129457
2372145
245444
4270999
271022
2418487
256779
7764086
3782069
5287837
1752790
7761793
6205613
9451351
231677
2659049
1190837
7199289
539373
4238008
401538
1728414
84675
3703483
7790493
8522379
202122
9767974
443756
9673128
378824
6951903
4687453
7596615
197182
4462307
2006804
8368793
1190118
1420859
186006
2579194
3450044
8342507
664551
6627510
2809799
7472830
2694530
6018810
1013386
2000762
5645529
8806998
4110266
9122890
290602
6982196
4002676
9346291
4542226
8042660
6239404
9804295
70668
9545556
16914
8828125
4910541
6722032
3012337
7811511
790269
6847282
447571
8838912
341187
2182321
2426926
7818876
281789
5708808
4747851
8392587
24518
9768773
3565741
8186841
5462416
9144183
2100570
9559526
483358
9804824
6203838
9971068
2339339
8886122
468854
5731325
621919
4060242
2220915
5652985
706863
6174158
4927555
9981622
5172535
6931887
8388561
9337021
3064504
7467053
137864
7366509
3919384
9814426
4712927
9735346
7867168
8633876
1373926
9371692
2154065
6188580
2872293
8832893
281696
6738062
6762504
8316962
4015752
4967967
929154
9708137
674618
7568582
465557
9465773
3159892
7189140
1455564
6873004
