7625338
7002932
2267813
4100002
4770652
9025433
7868011
4417175
3100158
1904066
7775916
1307318
5270808
4516011
3294463
6214722
2073821
4459771
4055342
4047908
5938717
1906482
7902435
911498
3517576
6013517
3009486
5665222
4063167
7789974
6738858
5375882
2028940
3099516
3480856
5347722
4725690
4312354
9218276
2531443
708313
1165692
7114594
2624478
4563344
5326584
7918497
6246506
9240916
920793
1349607
7089961
7227841
3856134
8884898
7961940
848337
3646922
3928244
8102741
1190870
1027393
2876340
9582143
8972857
4287037
6526252
3149703
562602
5048628
6477012
4738568
8191951
8615945
5952314
5890674
7867502
7205763
723913
8396585
6557618
5749211
4748719
6829455
7029976
8803435
4143756
2679753
6379818
7258444
7419430
8539255
2751246
4035486
5201532
4472901
8428419
2370787
8039102
3053218
6955435
7501950
4465372
869345
4191474
5044336
3003135
8518479
6097419
8656224
2870281
3164256
7400580
2662837
4117519
1890056
5532955
6632947
6045267
8521291
4582417
2178098
4984891
5957581
6471964
7815933
3005320
4582981
7766677
2017801
1480848
8635952
3926780
3004053
6725511
7746590
7063168
6916562
3536552
5917743
4788439
2170962
2887077
594193
858249
2158080
7808092
8225790
2947605
8514905
6389749
8347443
9890827
6412850
6134548
3039356
9030816
2523422
8550515
3660898
2325430
7282036
4386336
5271716
6201752
3319207
7620554
7190700
7067032
5847840
5751491
4752724
7990606
7706630
280193
7895386
5306213
6883490
2291028
4787550
6854364
5185756
6405231
7811423
4641007
1038819
6586541
8428297
2795414
1388578
9722393
7688389
4840767
5743376
4046073
8773741
1560421
7311158
2809622
7009247
3569780
6043747
373051
6748472
8737121
7134950
4121092
2838773
5181786
3939443
1730849
8720362
1355480
4724683
7400163
7804363
7231898
1692151
899177
1154642
6886539
4291168
8756778
2649827
2845723
8143880
5633188
3307010
4587882
7670803
6661212
9450437
4016890
7053261
8074444
573554
3354778
1293470
8688284
7776943
1615752
5943679
3275417
6318771
6553219
2173104
4312475
2032308
4571270
7511252
5556257
8273470
5092206
6077918
6664271
5785174
5172220
9427476
2022473
5633671
6932150
3739911
1841762
2314369
3725729
3801316
6755322
8222861
8468725
4063967
6330724
6802520
2068314
8359694
5319339
6174944
3273574
8653896
4612642
3815250
1283444
4257206
8792214
3366285
6770532
3876116
5410833
3717849
5348558
3789926
3445996
5805280
5241451
1242006
6186513
2187076
4395539
6660063
7212190
3154870
6909814
3100255
4497887
4181590
8385737
5080198
3724658
463597
4933372
6395773
9218927
5403255
2589721
2592594
8528495
7684020
4837365
5325751
8072172
1604898
2692182
3743774
6096410
8193595
947989
3177728
2632080
4568058
8624619
4444423
5967341
3147190
5431293
5444204
7535817
9594436
6483172
2869854
7194569
8651010
2987238
2090500
5253677
4388989
6411118
4232967
5361308
4471512
8628478
9631995
237167
5343565
5047687
8376882
3004025
1920601
1212150
4214340
7882206
249081
5330006
3267970
2571465
3760805
4614087
9457632
6619231
7930382
8818649
2988511
9445600
712646
4813976
2026957
7842646
6423649
5522731
2001193
2495432
3222091
3657070
3953735
7441540
5229302
6099384
5539664
8199356
7922947
7474685
9599218
5971805
6478416
8061784
9332078
4228684
7013510
265577
2839663
6444455
5303585
4362161
3518932
6245856
9418497
6254451
1442273
1862421
774262
4775654
3730415
7259362
2887008
3758573
1911172
7148800
3460910
4343725
6647274
9352185
4365669
7979281
4106421
7928563
4533547
4476998
2123050
2663474
3639764
6918964
4766591
7569849
3717654
1748226
5485617
5337286
9230182
2723496
1346355
4672326
6489417
125143
7312255
6480948
7509859
7979529
8396729
7511292
8284775
4558171
25474
4062162
7639955
3373829
2007937
1869958
3959607
3789743
3924922
1247713
4282252
2899198
4077287
5669522
4949913
3658827
5491596
3951773
4331536
9777158
4515923
5401941
6883252
3771208
3346131
4801888
3603056
8513571
2319622
4583104
7101693
6273043
1714458
7101464
4953811
9738694
5721050
5256480
6958865
8349628
5225315
4266035
7641634
2360424
6506525
6609254
811211
7425458
5760702
5297640
5046429
7001690
5355440
7460843
1634441
4813775
5469264
698978
6204339
8787078
5365167
534093
3569359
3166301
416540
7118247
8720784
6835361
2797369
4464554
3680329
7519384
8530296
5443097
5697693
6047081
3776249
8484455
4535172
7619307
1554600
3449106
4788748
5538397
3979705
6832959
7409594
7962012
8952723
4126222
9072065
7689657
1754301
2194898
4674268
9907694
2454752
1360944
2204088
744430
6235125
1851142
5333107
2589857
7493596
7815189
9761454
768454
5485765
2162130
112805
4564887
3033684
1010147
4124832
6455037
8966403
4214966
6662526
7745325
9284178
6185127
8264939
5364503
6629295
8880695
3035581
4133967
7510626
2324693
2481351
6190741
7529829
4752717
2828943
4349603
7720031
1432081
2633006
4118116
2591483
3085788
6814590
3595507
4656915
9456237
2520335
3682010
9337710
6400354
9055991
2816702
3750463
2086654
2792836
3161222
7917537
4525057
5087426
7441546
8034449
3093937
1580574
1394612
5629016
7901351
2110844
9306693
5008760
4491326
3636877
2772161
7134123
7511377
8143032
6335314
5758749
978583
7229973
4451129
5687927
3135519
567889
9040130
4978043
6474089
5464606
3748543
9477851
2244026
3022070
2991370
9026135
2536937
7035158
7440188
7903733
8720525
6397794
8736717
2401850
183461
6072297
8956366
8661465
9550933
7557453
3828660
957616
2013982
5891730
7172020
3894810
8126855
8183978
4077182
3021671
9742804
3546800
1500013
3027381
3253329
3807502
5330384
8461302
7315541
5258732
2180819
8108363
5861608
6918517
3925059
4485223
9262891
9680682
5058690
5128487
5042623
8324757
6370283
6468234
7776352
4129935
8037199
4436725
6567152
4582656
3705310
9264975
9395548
4925316
7818397
5881931
9643395
5063841
4265003
3762770
3245719
2374284
7262750
756537
632886
4774135
7297425
3676562
7129314
1913454
8788239
6678737
1005030
9426632
1754870
8700695
6178460
5196488
5405305
2338016
4932388
1268230
2776099
4231604
8440347
4126876
4715883
4121946
757563
2830033
4929809
8356868
5505235
5170962
954052
6702296
341779
6609120
3287592
5038322
2643539
8802081
5526186
7034903
7228086
6091248
3986507
3762323
8386110
1464653
3943083
9264065
4509180
8231533
5339611
4008456
2483421
7084831
5043796
2523260
2827469
2775864
2669934
5003607
5500885
3721982
559764
8236082
515736
6080425
6003672
9128588
9509176
2228608
2022299
832318
4083124
2808282
3794427
7384260
4054054
5484634
3317154
3630560
790566
7882634
1143049
896175
3916281
5427988
5376575
3400875
4895234
8934601
8297133
3623594
6213703
5813189
5845599
2630405
5433551
1038091
4981278
8709974
8191712
6922283
4870472
4810419
4777145
5775725
3773020
811532
4774391
5931402
6788835
7589701
9469828
2980348
9521223
2596275
1159448
6590926
8294799
6788167
6336528
4116100
7565635
1616049
4406376
5479920
2052651
8916210
4356188
9437685
4836845
2679833
6813731
2960918
9115712
4447216
6829969
7126589
6301113
2100964
3936102
7460373
614112
4474919
5552808
1229090
2314722
1110110
911792
7383291
6299550
4362208
1662963
6237812
4113522
8523440
8707409
8180502
6333574
7015687
6060760
5037735
2690134
6192249
4941609
6512353
3934101
2957524
7174345
1346727
3647686
6268380
3100131
6347227
202739
4862565
6859328
7273241
4998412
674794
5854505
4935644
8326301
5176622
4100584
2320120
6390409
8277552
2571491
1614424
8218932
5531479
9305101
4717435
994847
4330662
7536577
7766608
3520301
3279881
6871033
3656197
7924866
2244985
2045772
1929074
4736524
6936859
4301633
6295055
2130559
7315541
8880205
8267632
8360313
1550078
6036419
4000251
4756353
4115169
1855699
5817545
6928468
5986351
3104690
5057800
1925215
3586303
2556442
6101144
3462883
317220
7542117
6241114
2471942
8643165
8122429
5309597
8488555
2948450
6517087
548960
9416310
2000654
6325526
2908330
9030898
7045021
5191618
7792952
2240047
9787909
6942003
2604533
1475876
4045094
4172642
723750
3749501
4434055
5415287
8809145
5276212
1374744
5628687
3918714
5275788
8787115
9514632
1636867
4870926
9801273
1402552
6605912
5498826
5030218
4024101
3155711
4712650
7634339
8792991
3360634
6541986
7031582
4126086
4050306
2668965
9570497
7141427
5558093
6313367
1864926
7914264
2023031
6331539
4488044
6029448
8175871
9002382
4899980
2212984
3153529
2581463
6803029
8703555
3119720
5193856
5149320
2338045
4669697
4882873
6401257
4938716
7622743
5461107
6811017
1427189
2832780
5514730
2823703
3960021
3918659
5323616
8201207
7609345
6167727
5438092
4289890
8190849
4920965
6429560
3182925
9096000
2333438
6203468
4835777
7215951
7027664
9055115
4935235
8405983
4563806
3316804
4989690
5257749
6706255
234916
6797310
6175522
4934581
1407692
7152170
5197089
7832960
5250760
3596583
893592
9640477
3622562
1988026
3020954
3386937
4276684
865965
3646125
4431682
2948171
2118961
4007197
9687873
2058534
3058334
8795626
3799671
7013138
7494699
4836068
1661686
4753004
3466152
7695083
1237681
1158615
3646666
8415166
9240745
4410435
6376375
4997267
3088191
6928818
6317259
6737407
708391
1829224
9498883
7313422
5317495
2961525
6038729
3601421
5563599
9590580
1476350
4995208
8524554
4380081
3451542
1863634
2931594
5024173
4896378
1481805
9181246
7653405
8070605
7671211
9640572
5921498
5706433
2831018
3414392
1946625
8868238
1397893
5604582
6451527
3656155
3953919
2854124
5143178
4485846
9414819
8314858
4234208
8686052
1123039
4043686
5001095
1958519
3937336
6817514
7881707
1969492
2101666
1669501
6721821
863309
3641072
8594996
6368783
2358112
2538581
4476294
7087852
6461553
4880965
2155468
1800914
3074649
138410
7049354
4669761
3189009
3721726
5843597
3346429
8800813
2059002
3589643
3034003
4307864
9619636
5247041
5605302
593199
1794895
3814235
2532177
1466386
1652974
3352072
7991971
8220142
4611128
1347522
7380325
5860222
7522022
2525615
7832474
9195109
5117689
6654858
7466457
4176590
4235572
1382727
6706710
7459931
3836457
5687122
8555578
4132775
1942099
7420032
6132424
5452007
4435930
3607404
6051046
2596197
5109760
6218923
2690562
3547194
8851222
2684671
6683076
8711206
2232411
5264637
3395721
7113254
7646178
3868169
378415
2901269
3612726
2963358
6043748
8491383
4406285
6358804
7331419
8116571
7235697
6438306
3067043
5232511
2809662
6268426
9472390
3649126
2484002
6019890
9211002
6122859
7545197
8760887
7486934
2754079
7267311
498057
3091285
990240
6709962
756929
1084335
4825700
8111993
6070575
1557658
4381053
5493303
3596475
3089221
4586228
5283281
6517440
8717354
8130633
7316353
4880731
2958693
1717742
2584624
5884997
3480469
7782313
4527461
2540327
3523168
9190294
6056296
6988730
3110961
7054290
4110174
8595933
8056007
3923278
2777398
5626317
8453103
4037326
1281886
2057192
9584182
9343226
1846836
3599342
5913148
2761009
785217
5979406
970275
8486230
5818982
7560481
5957638
4767980
2670468
3008056
8348095
6460690
5527318
4038931
5869083
6303840
2224284
4937719
5558991
4157438
7477883
4299351
7189205
3508473
1617192
1178704
5979436
5003754
5132813
1214512
467100
4404493
4320760
3930403
3941770
8348186
5471716
868525
5256720
5150067
7179858
2499282
1779484
7583935
4258519
387387
1427384
2408120
4879222
7278273
7741390
4300961
6532358
7710485
8198672
4560547
1806662
8081870
6101884
7534215
1933242
5342976
1755704
9349972
7908143
4912993
3182855
4731730
5896572
2878682
8713427
9183737
6746932
6625389
4423307
6771195
7726447
1714734
3981458
4758851
7043158
7769294
608338
5296623
6300474
3091888
5532922
2964677
3833613
9330876
6744402
2098191
1611257
4306116
3623412
3421363
8008354
6171592
5058240
7615211
6748305
3019812
6156408
3835180
5692735
1695783
2540089
5102053
3309406
5024095
4430890
1360867
3221974
3597164
4792840
1927831
9220686
7671262
2968565
8422860
6896743
7562715
7652775
8073814
6503981
5518093
4762142
7864490
4394291
4683809
6273388
9232344
1493659
3734581
6989455
4187297
2017576
1392987
9234166
8086250
2105210
4487262
7762159
2334139
6285363
1175819
2671337
5706388
1996847
5284842
6682525
585250
6664156
8282456
6641129
4633865
4704204
6728574
7756620
3611710
3152027
6882335
9274933
5385452
5696483
5225432
1723015
5136162
4079879
6623748
4421344
3795614
6712008
6071215
5299355
4808688
1715134
8010871
8010244
7002386
6645312
547211
6234390
5207986
844043
3658737
2690378
4517784
5633879
1717225
3981602
2431783
2382632
9221931
3098915
6154192
4759100
4778581
1312589
5659375
7102967
9027962
6797660
2825370
1718026
7645333
5134542
7275215
1824964
1179548
5730817
4982768
6052777
715192
3214318
7769347
6451329
2597184
1450493
8878411
4262495
254142
7671589
6564894
7579940
5022557
2538124
1129734
7066596
6087610
8112435
1753319
2401083
1839537
6702152
5990517
5226227
6936702
5224040
6013803
4288766
6223785
2765234
7155190
8695860
5732863
693717
3093405
5151345
245026
8102811
7916456
1453292
5410608
456044
2249097
5256038
7664938
2827569
3960850
1642493
6746791
3525624
4945835
7164792
2004195
2918450
3338366
3136063
8094071
3254895
4809117
6980211
2821684
2511644
2482075
3784235
3844652
7205247
4838764
2678504
4737203
7293673
901904
2310006
2280751
7120288
7046712
5499169
6384206
2436793
5207556
4510187
4456826
5871278
6831634
8310621
4997618
4469050
1528172
4101591
4529930
7675150
6921019
9143174
2578566
398736
4270895
5504267
9238782
4843377
6067259
953864
5368780
5038773
3182226
6710532
2998456
4815097
6422561
3207215
6460843
5289453
6733641
1114763
7901800
5948848
4892949
3760349
4735495
6219487
3549690
6388801
1233301
2425108
4050738
4495808
7628074
7040333
3660537
603318
6733181
5212728
635563
7524084
814451
3305019
5522941
2885700
5428769
5830886
5777890
1200544
7197567
6089845
7464428
1810434
4726928
5561566
2999750
3775261
6953737
2621649
5923639
3275981
612394
2539871
7728592
7462925
3796181
5870444
3068196
3293528
1728934
8777468
838143
9800145
9076394
3806556
2769412
6517952
5320006
5012853
3820115
7684266
5960691
4532777
1000131
4599405
8786286
8540422
984963
1417147
2934502
9043825
6090590
3514219
4770558
5808685
3247422
2920146
7351076
2812053
8088392
4236754
9405808
1058844
2126367
9079667
6545021
2960104
3641132
8690116
8312421
3692708
7488105
4458650
2632015
5656121
7000812
8151015
4807689
1908889
4458766
4925344
5669465
9312807
5215619
500470
3404348
7696663
7689764
7312708
2691662
1776759
5221676
2871038
2959174
867912
4378773
5960550
4601099
3486101
8388798
4767289
3422640
5958348
1335520
6937738
7130583
6149027
968785
5453860
3773851
6433086
2186876
491811
9388592
2880514
6300293
4281213
9281896
3229169
1993329
2115287
8358779
8355151
6476599
1597736
1639282
2536040
4370057
9670657
4980502
1715594
4410393
6596348
7398977
8246053
1688810
7538911
1277674
8484191
5491281
2595064
1445327
3919645
3803919
5389933
1562470
4227916
9247009
7126422
1808866
7440109
106260
3030660
4935401
5078085
5947416
2781262
353085
6918475
7279348
8904479
533706
6894412
3671924
9694722
5438534
726123
3856779
3894745
7228491
4028140
5984717
7882342
5698484
2245757
4616634
3285634
768955
6633590
5326322
6192716
7772162
4082121
5104207
3545009
8572997
9107475
2810113
798346
2514447
5037801
826196
2966889
7519532
4609219
8500641
1157544
3815182
5633453
6920187
2237270
4264132
4771811
7851883
4562269
6297601
8792165
7676851
6796367
8874456
4509230
7796584
7071107
7068679
3037106
896150
3916380
9322157
2365422
6531872
8513180
4074308
3617797
3904736
2305511
7254353
3552043
4896591
6556933
4448107
4101154
1986605
2744618
428855
4753086
4215006
5330554
5066941
9449128
5619639
8668054
1990211
6262509
3791467
7203441
4715537
4760016
2405378
4754973
6319980
5130001
5751810
7912676
9542029
4608904
1262624
3541295
876708
3373602
1539281
4505752
5517981
3093277
2681375
8091214
6633907
4987979
9783705
1921231
7676776
6067536
4239046
4556144
2115143
827911
5565836
2747444
2730805
1694753
3003443
4318179
4049125
3766692
1872595
1279141
5331726
8582741
643946
5607162
6341290
3390635
1469530
3952091
698965
3974837
6270004
6763690
4565491
4460014
1156478
2208152
3189583
7842151
5683390
4082615
7235656
8994559
2683096
4811956
8381653
9863639
3132763
5144798
6814058
1056886
1667947
5463024
8136722
7678810
6579218
7574444
4990763
3999721
6052072
7542657
8136731
4932043
2471945
8058360
5632670
537884
5755944
4403112
1127794
7150621
2560515
6590732
2451236
6438154
1109784
7861969
1809314
7397180
2012664
1205648
6605394
8825583
5575410
2689519
7009100
3403083
8222652
2492998
3812201
4272147
4797501
1941458
1864723
1809955
4311060
5294975
3666786
1008345
2409575
3850695
6760882
1341370
4059721
9510546
4846421
7015364
9363124
4839060
5709634
3313741
4304870
5796557
3238119
6669574
4179947
3750259
6353552
8446005
7179116
6266350
5008252
2736599
5254763
7668644
1212115
6120211
8008166
3282987
7520282
4710576
4121884
2929749
6301776
6531907
6230007
4470690
2194051
6089148
4798000
3359298
8651464
3942341
1011220
4733826
3125811
7946516
9594680
6080330
6316857
2294747
5516109
3734353
1138063
1968299
5849974
2293366
6603169
2799186
3967635
8465274
9533705
2967600
2119154
3398469
3030744
5280869
7604445
5393481
2386857
7996692
8268909
3420512
5951559
6947599
3611652
4005833
5767482
3476403
3221655
7357927
2076444
2140310
2587045
4828941
9467993
8379641
5067145
8374672
4623790
9401957
7568646
468773
3526018
1801330
1870108
4912953
9087157
1711129
3305401
855719
2895522
766394
3195324
4756076
6038398
3471691
4314054
5373632
3967689
8917948
6790867
3413326
1772806
7406556
4882803
3975477
2199420
2846352
4048511
8827300
2496002
6289303
8363614
6422089
2524464
2680605
1209749
7200982
5887585
1029625
5935712
7338759
6083402
5099194
2676788
3797535
7993409
6356886
2167436
7740940
2069827
3119177
4543580
2945601
6314775
5005198
6240644
5100195
610765
4519898
5946961
8011369
8571093
1757481
2079577
6643027
6519377
5107603
6553451
2877123
7839966
5079012
989546
4808602
8226388
8954943
5766386
8170108
5625822
3873056
2707764
4566768
9270292
4920523
6615435
6827774
6446299
5755845
4372621
6211196
2873866
5184559
3163082
5998459
3894650
1298297
8276845
7450937
7885769
7277968
2786232
2038946
2631064
7194922
7126770
5401035
5455842
9632222
7567304
3551031
2006082
7709948
7381579
7166572
4893661
8425422
8292329
7237176
6557297
2676057
5538743
7597363
4491846
7349342
1441914
5432290
5826951
3303985
8717338
5644965
2405234
1369560
7847202
5540408
6226947
3936068
3299321
8387595
7316337
2063003
5445304
6113911
3641010
5601124
1931917
7288606
3231544
8865530
8273409
7899292
1194375
3460935
4547216
3902065
8038608
6453182
5238945
1919469
6186106
1008247
5054245
4055613
207731
3141077
3792676
4215468
7572964
6520426
4074103
6598451
7177589
3540478
1450084
1304921
1545283
4860970
2565705
6794698
6415728
1018740
6210173
9683809
4962245
6896830
4208778
2251880
2316153
4818425
6321189
8057741
3262759
7737628
8392108
6999763
4161851
6632083
8374346
7594913
8397325
617823
4897917
2295059
6265118
2588732
218385
7912731
2195341
8825656
7295509
3537852
3613036
7938724
7399700
7847009
9398167
2468430
6427798
8768394
7769480
1172299
8579010
7051584
7410134
9042062
7443258
3824862
2136791
7765610
7342639
9075273
5411343
3971751
7372136
2933654
2960633
7879792
4429730
5368673
3232640
4425841
4759222
9425485
6589129
8708238
7619296
2407596
727168
6343411
5779466
6435115
8899349
3090867
7357237
8378865
2430334
2349989
7106861
1937753
4082574
8579362
6120039
2935170
3074592
2375299
3815517
7588921
261114
3892395
6335347
2974041
5189123
7014225
2795043
2479337
7607448
8657354
3492226
2643884
4165017
2721788
6968440
1595046
5799323
576308
655142
7989241
1114020
7152796
4228414
1899924
1550316
4441665
5748614
3226684
2749254
3704165
4656715
3990422
8277818
4651362
8404403
3722365
3543259
8320095
8943918
9681715
4671595
2633229
6847934
3641363
2820426
3840269
4014409
1185203
933411
8042087
3356819
3618500
5334886
9181896
5614169
6028629
3602132
9066982
4288182
4073715
5872903
4780501
2524603
7890803
809002
4386130
2056831
6681988
6984113
7963004
5225378
4269585
6530270
1510110
4090921
7431624
6507510
6417283
1523810
3137957
6148768
2900187
4586192
2517577
1552760
3667602
4669908
1707470
748711
4464549
2907449
5387110
2868536
8084252
5921007
7963739
1012847
3817702
2807907
6818553
6616170
6627958
973966
6689017
7874277
1168672
7413848
7607991
5672801
6241070
1992723
7674131
3598711
4263917
7097263
5434367
4874672
5473350
8316330
4844500
1962397
2811030
5427172
5564131
2741483
1768450
4370422
2593051
3170919
2705277
7284462
3546163
2837281
5252104
5614131
8743165
6764977
5985486
4106197
3133220
6633116
1287957
7558572
8390376
5749760
7780379
6313216
7866151
4269380
5873570
5471106
5590154
6291604
8075695
9556976
3448688
6704760
2529658
5317568
6907904
5148640
7701829
6925636
4012758
6692105
3596300
2757073
6627205
7207595
5491442
5616825
3486959
279075
4781056
3219584
3696202
4179623
7991700
2796939
6345097
6312424
8030579
6638223
7046029
2359020
6681600
4397411
1994241
8833118
7221776
5747369
8491331
2288302
389423
5318217
6578555
4048875
6129237
4985849
247273
2531805
1688026
2118426
945490
5306670
6104652
5814464
7655313
7818913
4779723
3074941
1817416
7528346
4886509
6651418
1220938
3762239
2266970
8826448
4354137
8326127
4926837
1680346
3657778
1125136
5884369
3501010
3675648
4718043
4569491
2816968
7146965
4689915
4404065
9377753
5800316
8067625
9428776
5940048
1865250
1186029
4356869
3810983
4912383
3500139
9558423
4297177
2521442
5930449
4023685
7823877
5350164
6119567
6399179
1593031
3000078
1447167
3522639
3546524
5461657
2108182
6332223
2522605
5568582
8422104
2139673
3915746
4179094
582927
6213179
4512195
5576845
3648377
3878106
2876321
5842517
6112102
1485182
5114897
2657693
6310714
3809206
547565
5500933
6180095
4236082
3375352
3226031
5564682
3715722
4606228
7855412
4927631
8470541
4478825
3725581
5725261
9775593
6471638
5869877
6954060
5072197
2662559
1596086
7545987
425282
2709506
7761435
6977453
4897268
5151482
7783646
4674121
4808946
5251415
3822005
5099454
3369859
8614116
5282256
5005020
241319
8847670
4256824
4882035
4369765
3166296
7028440
4571321
2725566
3822903
7174804
5061351
2903253
7340464
5902262
8481332
2958179
6635390
1321021
9530278
585881
2784907
3017518
1505432
1911796
6169188
7631808
2084784
9837329
7693862
5649090
8707621
1565367
6681261
7989254
1921713
4004335
6403679
2064219
9160215
5675574
6940895
4500465
2272423
2667215
711106
3001148
7944492
900272
3665717
8523257
1657882
3246554
5800962
3568445
2525758
6618312
9396618
5205306
3497087
2566672
8643254
1602759
2403206
690997
6461797
7114158
6985980
8867140
4563845
4168658
9449703
2530831
5209276
3828385
8444541
1305302
2899648
1218746
5584300
2694804
3932813
5752417
3950616
2119070
5070442
4504023
4515564
5847182
2627875
7097996
5261024
7506178
9350383
508689
3592885
7944638
3102548
2474430
1238136
5311382
7859318
2892093
8353078
4602286
381132
1637345
5424255
5981761
5272121
4846134
5821147
5069774
4841629
2284442
5389400
1402628
3264639
2330672
4121002
2009695
3559116
7671995
4061644
5272715
3739580
1623095
4585213
4099514
3696724
5827666
5126447
7154463
8692546
7887483
9334176
4872658
3630016
8832251
6727966
2608108
3767362
2925620
7626629
3847122
7820293
7459802
7829875
5328761
5293004
6628254
8042661
1752031
2474167
4853865
5471311
1801460
2321180
7894935
6644074
5852781
7393476
6960915
7302877
3541226
7852073
5793866
7044534
8611890
2554358
2971443
3669761
4568729
4547253
2136524
5484548
4502857
9144904
5711037
4162928
6015501
3718599
5468992
1681921
5248121
470218
587517
8638047
3527420
4219112
477078
3031647
2645046
1791607
9227642
9495994
7103304
1976291
4386843
3766765
8692722
5063266
8891151
6643771
8613761
4995522
5489571
1676002
4024749
9029471
6664746
9469908
2660199
5032855
6408412
9501924
3195632
3556765
3384747
3251637
4142004
280571
9774699
4785214
2267853
6801457
5332302
4338355
2337372
3957304
1425434
7753440
4853222
5537066
8080752
1014155
5199819
3463931
558052
2063462
8256171
2653123
3414112
2395569
6339483
3608013
4815384
1331347
513241
8118303
5981199
3175359
4055223
1156673
6208305
6677866
1826516
5221564
5443348
7374618
9065116
1688993
6237820
5629265
1352326
5218746
1427159
6048217
1334652
6811929
3527330
6921460
6010672
3655212
1712677
6565953
7696117
550733
1110473
3867492
2821946
8725793
6787958
8689400
5603556
7361362
7984124
7602110
8203787
3160509
4971978
7857197
3334973
8247552
4162606
6828190
4269157
1418451
4540959
6256023
