coretemp-isa-0000
Adapter: ISA adapter
Package id 0:  +69.0°C  (high = +100.0°C, crit = +100.0°C)
Core 0:        +69.0°C  (high = +100.0°C, crit = +100.0°C)
Core 1:        +65.0°C  (high = +100.0°C, crit = +100.0°C)
Core 2:        +67.0°C  (high = +100.0°C, crit = +100.0°C)
Core 3:        +68.0°C  (high = +100.0°C, crit = +100.0°C)

pch_cannonlake-virtual-0
Adapter: Virtual device
temp1:        +56.0°C  

BAT0-acpi-0
Adapter: ACPI interface
in0:          12.60 V  
curr1:       1000.00 uA 

dell_smm-virtual-0
Adapter: Virtual device
fan1:        3177 RPM

radeon-pci-0100
Adapter: PCI adapter
temp1:            N/A  (crit = +120.0°C, hyst = +90.0°C)

acpitz-acpi-0
Adapter: ACPI interface
temp1:        +25.0°C  (crit = +107.0°C)

%CPU %MEM     ELAPSED
 0.7 62620 102792 113792
 0.9 76944 102792 113792
 0.9 77472 102792 113792
 0.9 78000 102792 113792
 0.9 79056 102792 113792
 0.9 79320 102792 113792
 0.9 79320 102792 113792
 0.9 79848 102792 113792
 1.0 80904 102792 113792
 1.0 81696 102792 113792
 1.0 82224 102792 113792
 1.0 83280 102792 113792
 1.0 83280 102792 113792
 1.0 83280 102792 113792
 1.0 83280 102792 113792
 1.0 83280 102792 113792
 1.0 83808 102792 113792
 1.0 85128 102792 113792
 1.0 85656 102792 113792
 1.0 86976 102792 113792
 1.0 87768 102792 113792
 1.1 88296 102792 113792
 1.1 88824 102792 113792
 1.1 90672 102792 113792
 1.1 90672 102792 113792
 1.1 90672 102792 113792
 1.1 90672 102792 113792
 1.1 90672 102792 113792
 1.1 90672 102792 113792
 1.1 90672 102792 113792
 1.1 90672 102792 113792
 1.1 90672 102792 113792
 1.1 90672 102792 113792
 1.1 90672 102792 113792
 1.1 90672 102792 113792
 1.1 90672 102792 113792
 1.1 91464 102792 113792
 1.1 92256 102792 113792
 1.1 92520 102792 113792
 1.1 93048 102792 113792
 1.1 93840 102792 113792
 1.1 94368 102792 113792
 1.1 94368 102792 113792
 1.2 98464 102792 113792
 1.2 98464 102792 113792
 1.2 98984 102792 113792
 1.2 100304 102792 113792
 1.2 100304 102792 113792
 1.2 100304 102792 113792
 1.2 100304 102792 113792
 1.2 100304 102792 113792
 1.2 100304 102792 113792
 1.2 103144 102792 113792
 1.2 103668 102792 113792
 1.2 103932 102792 113792
 1.2 103932 102792 113792
 1.2 103932 102792 113792
 1.2 103932 102792 113792
 1.2 103932 102792 113792
 1.3 105780 102792 113792
 1.3 105780 102792 113792
 1.3 105780 102792 113792
 1.3 105780 102792 113792
 1.3 105780 102792 113792
 1.3 105780 102792 113792
 1.3 105780 102792 113792
 1.3 105780 102792 113792
 1.3 105780 102792 113792
 1.3 105780 102792 113792
 1.3 105780 102792 113792
 1.3 105780 102792 113792
 1.3 105780 102792 113792
 1.3 105780 102792 113792
 1.3 105780 102792 113792
 1.3 105780 102792 113792
 1.3 105780 102792 113792
 1.3 105780 102792 113792
 1.3 105780 102792 113792
 1.3 105780 102792 113792
 1.3 105780 102792 113792
 1.3 105780 102792 113792
 1.3 105780 102792 113792
 1.3 105780 102792 113792
 1.3 105780 102792 113792
 1.3 105780 102792 113792
 1.3 105780 102792 113792
 1.3 105780 102792 113792
 1.3 105780 102792 113792
 1.3 105780 102792 113792
 1.3 105780 102792 113792
 1.3 105780 102792 113792
 1.3 105780 102792 113792
 1.3 105780 102792 113792
 1.3 105780 102792 113792
 1.3 105780 102792 113792
 1.3 105780 102792 113792
 1.3 105780 102792 113792
 1.3 105780 102792 113792
 1.3 105780 102792 113792
 1.3 105780 102792 113792
 1.3 105780 102792 113792
 1.3 105780 102792 113792
 1.3 105780 102792 113792
 1.3 105780 102792 113792
 1.3 105780 102792 113792
 1.3 105780 102792 113792
 1.3 105780 102792 113792
 1.3 105780 102792 113792
 1.3 105780 102792 113792
 1.3 105780 102792 113792
 1.3 105780 102792 113792
 1.3 105780 102792 113792
 1.3 105780 102792 113792
 1.3 105780 102792 113792
 1.3 105780 102792 113792
 1.3 105780 102792 113792
 1.3 105780 102792 113792
 1.3 105780 102792 113792
 1.3 105780 102792 113792
 1.3 105780 102792 113792
 1.3 105780 102792 113792
 1.3 105780 102792 113792
 1.3 105780 102792 113792
 1.3 105780 102792 113792
 1.3 105780 102792 113792
 1.3 105780 102792 113792
 1.3 105780 102792 113792
 1.3 105780 102792 113792
 1.3 105780 102792 113792
 1.3 105780 102792 113792
 1.3 105780 102792 113792
 1.3 105780 102792 113792
 1.3 105780 102792 113792
 1.3 105780 102792 113792
 1.3 105780 102792 113792
 1.3 105780 102792 113792
 1.3 105780 102792 113792
 1.3 105780 102792 113792
 1.3 105780 102792 113792
 1.3 105780 102792 113792
 1.3 105780 102792 113792
 1.3 105780 102792 113792
 1.3 105780 102792 113792
 1.3 105780 102792 113792
 1.3 105780 102792 113792
 1.3 105780 102792 113792
 1.3 105780 102792 113792
 1.3 105780 102792 113792
 1.3 105780 102792 113792
 1.3 105780 102792 113792
 1.3 105780 102792 113792
 1.3 105780 102792 113792
 1.3 105780 102792 113792
 1.3 105780 102792 113792
 1.3 105780 102792 113792
 1.3 105780 102792 113792
 1.3 105780 102792 113792
 1.3 105780 102792 113792
 1.3 105780 102792 113792
 1.3 105780 102792 113792
 1.3 105780 102792 113792
 1.3 105780 102792 113792
 1.3 105780 102792 113792
 1.3 105780 102792 113792
 1.3 105780 102792 113792
 1.3 105780 102792 113792
 1.3 105780 102792 113792
 1.3 105780 102792 113792
 1.3 105780 102792 113792
 1.3 105780 102792 113792
 1.3 105780 102792 113792
 1.3 105780 102792 113792
 1.3 105780 102792 113792
 1.3 105780 102792 113792
 1.3 105780 102792 113792
 1.3 105780 102792 113792
 1.3 105780 102792 113792
 1.3 105780 102792 113792
 1.3 105780 102792 113792
 1.3 105780 102792 113792
 1.3 105780 102792 113792
 1.3 105780 102792 113792
 1.3 105780 102792 113792
 1.3 105780 102792 113792
 1.3 105780 102792 113792
 1.3 105780 102792 113792
 1.3 105780 102792 113792
 1.3 105780 102792 113792
 1.3 105780 102792 113792
 1.3 105780 102792 113792
 1.3 105780 102792 113792
 1.3 105780 102792 113792
 1.3 105780 102792 113792
 1.3 105780 102792 113792
 1.3 105780 102792 113792
 1.3 105780 102792 113792
 1.3 105780 102792 113792
 1.3 105780 102792 113792
 1.3 105780 102792 113792
 1.3 105780 102792 113792
 1.3 105780 102792 113792
 1.3 105780 102792 113792
 1.3 105780 102792 113792
 1.3 105780 102792 113792
 1.3 105780 102792 113792
 1.3 105780 102792 113792
 1.3 105780 102792 113792
 1.3 105780 102792 113792
 1.3 105780 102792 113792
 1.3 105780 102792 113792
 1.3 105780 102792 113792
 1.3 105780 102792 113792
 1.3 105780 102792 113792
 1.3 105780 102792 113792
 1.3 105780 102792 113792
 1.3 105780 102792 113792
 1.3 105780 102792 113792
 1.3 105780 102792 113792
 1.3 105780 102792 113792
 1.3 105780 102792 113792
 1.3 105780 102792 113792
 1.3 105780 102792 113792
 1.3 105780 102792 113792
 1.3 105780 102792 113792
 1.3 105780 102792 113792
 1.3 105780 102792 113792
 1.3 105780 102792 113792
 1.3 105780 102792 113792
 1.3 105780 102792 113792
 1.3 105780 102792 113792
 1.3 105780 102792 113792
 1.3 105780 102792 113792
 1.3 105780 102792 113792
 1.3 105780 102792 113792
 1.3 105780 102792 113792
 1.3 105780 102792 113792
 1.3 105780 102792 113792
 1.3 105780 102792 113792
 1.3 105780 102792 113792
 1.3 105780 102792 113792
 1.3 105780 102792 113792
 1.3 105780 102792 113792
 1.3 105780 102792 113792
 1.3 105780 102792 113792
 1.3 105780 102792 113792
 1.3 105780 102792 113792
 1.3 105780 102792 113792
 1.3 105780 102792 113792
 1.3 105780 102792 113792
 1.3 105780 102792 113792
 1.3 105780 102792 113792
 1.3 105780 102792 113792
 1.3 105780 102792 113792
 1.3 105780 102792 113792
 1.3 105780 102792 113792
 1.3 105780 102792 113792
 1.3 105780 102792 113792
 1.3 105780 102792 113792
 1.3 105780 102792 113792
 1.3 105780 102792 113792
 1.3 105780 102792 113792
 1.3 105780 102792 113792
 1.3 105780 102792 113792
 1.3 105780 102792 113792
 1.3 105780 102792 113792
 1.3 105780 102792 113792
 1.3 105780 102792 113792
 1.3 105780 102792 113792
 1.3 105780 102792 113792
 1.3 105780 102792 113792
 1.3 105780 102792 113792
 1.3 105780 102792 113792
 1.3 105780 102792 113792
 1.3 105780 102792 113792
 1.3 105780 102792 113792
 1.3 105780 102792 113792
 1.3 105780 102792 113792
 1.3 105780 102792 113792
 1.3 105780 102792 113792
 1.3 105780 102792 113792
 1.3 105780 102792 113792
 1.3 105780 102792 113792
 1.3 105780 102792 113792
 1.3 105780 102792 113792
 1.3 105780 102792 113792
 1.3 105780 102792 113792
 1.3 105780 102792 113792
 1.3 105780 102792 113792
 1.3 105780 102792 113792
 1.3 105780 102792 113792
 1.3 105780 102792 113792
 1.3 105780 102792 113792
 1.3 105780 102792 113792
 1.3 105780 102792 113792
 1.3 105780 102792 113792
 1.3 105780 102792 113792
 1.3 105780 102792 113792
 1.3 105780 102792 113792
 1.3 105780 102792 113792
 1.3 105780 102792 113792
 1.3 105780 102792 113792
 1.3 105780 102792 113792
 1.3 105780 102792 113792
 1.3 105780 102792 113792
 1.3 105780 102792 113792
 1.3 105780 102792 113792
 1.3 105780 102792 113792
 1.3 105780 102792 113792
 1.3 105780 102792 113792
 1.3 105780 102792 113792
 1.3 105780 102792 113792
 1.3 105780 102792 113792
 1.3 105780 102792 113792
 1.3 105780 102792 113792
 1.3 105780 102792 113792
 1.3 105780 102792 113792
 1.3 105780 102792 113792
 1.3 105780 102792 113792
 1.3 105780 102792 113792
 1.3 105780 102792 113792
 1.3 105780 102792 113792
 1.3 105780 102792 113792
 1.3 105780 102792 113792
 1.3 105780 102792 113792
 1.3 105780 102792 113792
 1.3 105780 102792 113792
 1.3 105780 102792 113792
 1.3 105780 102792 113792
 1.3 105780 102792 113792
 1.3 105780 102792 113792
 1.3 105780 102792 113792
 1.3 105780 102792 113792
 1.3 105780 102792 113792
 1.3 105780 102792 113792
 1.3 105780 102792 113792
 1.3 105780 102792 113792
 1.3 105780 102792 113792
 1.3 105780 102792 113792
 1.3 105780 102792 113792
 1.3 105780 102792 113792
 1.3 105780 102792 113792
 1.3 105780 102792 113792
 1.3 105780 102792 113792
 1.3 105780 102792 113792
 1.3 105780 102792 113792
 1.3 105780 102792 113792
 1.3 105780 102792 113792
 1.3 105780 102792 113792
 1.3 105780 102792 113792
 1.3 105780 102792 113792
 1.3 105780 102792 113792
 1.3 105780 102792 113792
 1.3 105780 102792 113792
 1.3 105780 102792 113792
 1.3 105780 102792 113792
 1.3 105780 102792 113792
 1.3 105780 102792 113792
 1.3 105780 102792 113792
 1.3 105780 102792 113792
 1.3 105780 102792 113792
 1.3 105780 102792 113792
 1.3 105780 102792 113792
 1.3 105780 102792 113792
 1.3 105780 102792 113792
 1.3 105780 102792 113792
 1.3 105780 102792 113792
 1.3 105780 102792 113792
 1.3 105780 102792 113792
 1.3 105780 102792 113792
 1.3 105780 102792 113792
 1.3 105780 102792 113792
 1.3 105780 102792 113792
 1.3 105780 102792 113792
 1.3 105780 102792 113792
 1.3 105780 102792 113792
 1.3 105780 102792 113792
 1.3 105780 102792 113792
 1.3 105780 102792 113792
 1.3 105780 102792 113792
 1.3 105780 102792 113792
 1.3 105780 102792 113792
 1.3 105780 102792 113792
 1.3 105780 102792 113792
 1.3 105780 102792 113792
 1.3 105780 102792 113792
 1.3 105780 102792 113792
 1.3 105780 102792 113792
 1.3 105780 102792 113792
 1.3 105780 102792 113792
 1.3 105780 102792 113792
 1.3 105780 102792 113792
 1.3 105780 102792 113792
 1.3 105780 102792 113792
 1.3 105780 102792 113792
 1.3 105780 102792 113792
 1.3 105780 102792 113792
 1.3 105780 102792 113792
 1.3 105780 102792 113792
 1.3 105780 102792 113792
 1.3 105780 102792 113792
 1.3 105780 102792 113792
 1.3 105780 102792 113792
 1.3 105780 102792 113792
 1.3 105780 102792 113792
 1.3 105780 102792 113792
 1.3 105780 102792 113792
 1.3 105780 102792 113792
 1.3 105780 102792 113792
 1.3 105780 102792 113792
 1.3 105780 102792 113792
 1.3 105780 102792 113792
 1.3 105780 102792 113792
 1.3 105780 102792 113792
 1.3 105780 102792 113792
 1.3 105780 102792 113792
 1.3 105780 102792 113792
 1.3 105780 102792 113792
 1.3 105780 102792 113792
 1.3 105780 102792 113792
 1.3 105780 102792 113792
 1.3 105780 102792 113792
 1.3 105780 102792 113792
 1.3 105780 102792 113792
 1.3 105780 102792 113792
 1.3 105780 102792 113792
 1.3 105780 102792 113792
 1.3 105780 102792 113792
 1.3 105780 102792 113792
 1.3 105780 102792 113792
 1.3 105780 102792 113792
 1.3 105780 102792 113792
 1.3 105780 102792 113792
 1.3 105780 102792 113792
 1.3 105780 102792 113792
 1.3 105780 102792 113792
 1.3 105780 102792 113792
 1.3 105780 102792 113792
 1.3 105780 102792 113792
 1.3 105780 102792 113792
 1.3 105780 102792 113792
 1.3 105780 102792 113792
 1.3 105780 102792 113792
 1.3 105780 102792 113792
 1.3 105780 102792 113792
 1.3 105780 102792 113792
 1.3 105780 102792 113792
 1.3 105780 102792 113792
 1.3 105780 102792 113792
 1.3 105780 102792 113792
 1.3 105780 102792 113792
 1.3 105780 102792 113792
 1.3 105780 102792 113792
 1.3 105780 102792 113792
 1.3 105780 102792 113792
 1.3 105780 102792 113792
 1.3 105780 102792 113792
 1.3 105780 102792 113792
 1.3 105780 102792 113792
 1.3 105780 102792 113792
 1.3 105780 102792 113792
 1.3 105780 102792 113792
 1.3 105780 102792 113792
 1.3 105780 102792 113792
 1.3 105780 102792 113792
 1.3 105780 102792 113792
 1.3 105780 102792 113792
 1.3 105780 102792 113792
 1.3 105780 102792 113792
 1.3 105780 102792 113792
 1.3 105780 102792 113792
 1.3 105780 102792 113792
 1.3 105780 102792 113792
 1.3 105780 102792 113792
 1.3 105780 102792 113792
 1.3 105780 102792 113792
 1.3 105780 102792 113792
 1.3 105780 102792 113792
 1.3 105780 102792 113792
 1.3 105780 102792 113792
 1.3 105780 102792 113792
 1.3 105780 102792 113792
 1.3 105780 102792 113792
 1.3 105780 102792 113792
 1.3 105780 102792 113792
 1.3 105780 102792 113792
 1.3 105780 102792 113792
 1.3 105780 102792 113792
 1.3 105780 102792 113792
 1.3 105780 102792 113792
 1.3 105780 102792 113792
 1.3 105780 102792 113792
 1.3 105780 102792 113792
 1.3 105780 102792 113792
 1.3 105780 102792 113792
 1.3 105780 102792 113792
 1.3 105780 102792 113792
 1.3 105780 102792 113792
 1.3 105780 102792 113792
 1.3 105780 102792 113792
 1.3 105780 102792 113792
 1.3 105780 102792 113792
 1.3 105780 102792 113792
 1.3 105780 102792 113792
 1.3 105780 102792 113792
 1.3 105780 102792 113792
 1.3 105780 102792 113792
 1.3 105780 102792 113792
 1.3 105780 102792 113792
 1.3 105780 102792 113792
 1.3 105780 102792 113792
 1.3 105780 102792 113792
 1.3 105780 102792 113792
 1.3 105780 102792 113792
 1.3 105780 102792 113792
 1.3 105780 102792 113792
 1.3 105780 102792 113792
 1.3 105780 102792 113792
 1.3 105780 102792 113792
 1.3 105780 102792 113792
 1.3 105780 102792 113792
 1.3 105780 102792 113792
 1.3 105780 102792 113792
 1.3 105780 102792 113792
 1.3 105780 102792 113792
 1.3 105780 102792 113792
 1.3 105780 102792 113792
 1.3 105780 102792 113792
 1.3 105780 102792 113792
 1.3 105780 102792 113792
 1.3 105780 102792 113792
 1.3 105780 102792 113792
 1.3 105780 102792 113792
 1.3 105780 102792 113792
 1.3 105780 102792 113792
 1.3 105780 102792 113792
 1.3 105780 102792 113792
 1.3 105780 102792 113792
 1.3 105780 102792 113792
 1.3 105780 102792 113792
 1.3 105780 102792 113792
 1.3 105780 102792 113792
 1.3 105780 102792 113792
 1.3 105780 102792 113792
 1.3 105780 102792 113792
 1.3 105780 102792 113792
 1.3 105780 102792 113792
 1.3 105780 102792 113792
 1.3 105780 102792 113792
 1.3 105780 102792 113792
 1.3 105780 102792 113792
 1.3 105780 102792 113792
 1.3 105780 102792 113792
 1.3 105780 102792 113792
 1.3 105780 102792 113792
 1.3 105780 102792 113792
 1.3 105780 102792 113792
 1.3 105780 102792 113792
 1.3 105780 102792 113792
 1.3 105780 102792 113792
 1.3 105780 102792 113792
 1.3 105780 102792 113792
 1.3 105780 102792 113792
 1.3 105780 102792 113792
 1.3 105780 102792 113792
 1.3 105780 102792 113792
 1.3 105780 102792 113792
 1.3 105780 102792 113792
 1.3 105780 102792 113792
 1.3 105780 102792 113792
 1.3 105780 102792 113792
 1.3 105780 102792 113792
 1.3 105780 102792 113792
 1.3 105780 102792 113792
 1.3 105780 102792 113792
 1.3 105780 102792 113792
 1.3 105780 102792 113792
 1.3 105780 102792 113792
 1.3 105780 102792 113792
 1.3 105780 102792 113792
 1.3 105780 102792 113792
 1.3 105780 102792 113792
 1.3 105780 102792 113792
 1.3 105780 102792 113792
 1.3 105780 102792 113792
 1.3 105780 102792 113792
 1.3 105780 102792 113792
 1.3 105780 102792 113792
 1.3 105780 102792 113792
 1.3 105780 102792 113792
 1.3 105780 102792 113792
 1.3 105780 102792 113792
 1.3 105780 102792 113792
 1.3 105780 102792 113792
 1.3 105780 102792 113792
 1.3 105780 102792 113792
 1.3 105780 102792 113792
 1.3 105780 102792 113792
 1.3 105780 102792 113792
 1.3 105780 102792 113792
 1.3 105780 102792 113792
 1.3 105780 102792 113792
 1.3 105780 102792 113792
 1.3 105780 102792 113792
 1.3 105780 102792 113792
 1.3 105780 102792 113792
 1.3 105780 102792 113792
 1.3 105780 102792 113792
 1.3 105780 102792 113792
 1.3 105780 102792 113792
 1.3 105780 102792 113792
 1.3 105780 102792 113792
 1.3 105780 102792 113792
 1.3 105780 102792 113792
 1.3 105780 102792 113792
 1.3 105780 102792 113792
 1.3 105780 102792 113792
 1.3 105780 102792 113792
 1.3 105780 102792 113792
 1.3 105780 102792 113792
 1.3 105780 102792 113792
 1.3 105780 102792 113792
 1.3 105780 102792 113792
 1.3 105780 102792 113792
 1.3 105780 102792 113792
 1.3 105780 102792 113792
 1.3 105780 102792 113792
 1.3 105780 102792 113792
 1.3 105780 102792 113792
 1.3 105780 102792 113792
 1.3 105780 102792 113792
 1.3 105780 102792 113792
 1.3 105780 102792 113792
 1.3 105780 102792 113792
 1.3 105780 102792 113792
 1.3 105780 102792 113792
 1.3 105780 102792 113792
 1.3 105780 102792 113792
 1.3 105780 102792 113792
 1.3 105780 102792 113792
 1.3 105780 102792 113792
 1.3 105780 102792 113792
 1.3 105780 102792 113792
 1.3 105780 102792 113792
 1.3 105780 102792 113792
 1.3 105780 102792 113792
 1.3 105780 102792 113792
 1.3 105780 102792 113792
 1.3 105780 102792 113792
 1.3 105780 102792 113792
 1.3 105780 102792 113792
 1.3 105780 102792 113792
 1.3 105780 102792 113792
 1.3 105780 102792 113792
 1.3 105780 102792 113792
 1.3 105780 102792 113792
 1.3 105780 102792 113792
 1.3 105780 102792 113792
 1.3 105780 102792 113792
 1.3 105780 102792 113792
 1.3 105780 102792 113792
 1.3 105780 102792 113792
 1.3 105780 102792 113792
 1.3 105780 102792 113792
 1.3 105780 102792 113792
 1.3 105780 102792 113792
 1.3 105780 102792 113792
 1.3 105780 102792 113792
 1.3 105780 102792 113792
 1.3 105780 102792 113792
 1.3 105780 102792 113792
 1.3 105780 102792 113792
 1.3 105780 102792 113792
 1.3 105780 102792 113792
 1.3 105780 102792 113792
 1.3 105780 102792 113792
 1.3 105780 102792 113792
 1.3 105780 102792 113792
 1.3 105780 102792 113792
 1.3 105780 102792 113792
 1.3 105780 102792 113792
 1.3 105780 102792 113792
 1.3 105780 102792 113792
 1.3 105780 102792 113792
 1.3 105780 102792 113792
 1.3 105780 102792 113792
 1.3 105780 102792 113792
 1.3 105780 102792 113792
 1.3 105780 102792 113792
 1.3 105780 102792 113792
 1.3 105780 102792 113792
 1.3 105780 102792 113792
 1.3 105780 102792 113792
 1.3 105780 102792 113792
 1.3 105780 102792 113792
 1.3 105780 102792 113792
 1.3 105780 102792 113792
 1.3 105780 102792 113792
 1.3 105780 102792 113792
 1.3 105780 102792 113792
 1.3 105780 102792 113792
 1.3 105780 102792 113792
 1.3 105780 102792 113792
 1.3 105780 102792 113792
 1.3 105780 102792 113792
 1.3 105780 102792 113792
 1.3 105780 102792 113792
 1.3 105780 102792 113792
 1.3 105780 102792 113792
 1.3 105780 102792 113792
 1.3 105780 102792 113792
 1.3 105780 102792 113792
 1.3 105780 102792 113792
 1.3 105780 102792 113792
 1.3 105780 102792 113792
 1.3 105780 102792 113792
 1.3 105780 102792 113792
 1.3 105780 102792 113792
 1.3 105780 102792 113792
 1.3 105780 102792 113792
 1.3 105780 102792 113792
 1.3 105780 102792 113792
 1.3 105780 102792 113792
 1.3 105780 102792 113792
 1.3 105780 102792 113792
 1.3 105780 102792 113792
 1.3 105780 102792 113792
 1.3 105780 102792 113792
 1.3 105780 102792 113792
 1.3 105780 102792 113792
 1.3 105780 102792 113792
 1.3 105780 102792 113792
 1.3 105780 102792 113792
 1.3 105780 102792 113792
 1.3 105780 102792 113792
 1.3 105780 102792 113792
 1.3 105780 102792 113792
 1.3 105780 102792 113792
 1.3 105780 102792 113792
 1.3 105780 102792 113792
 1.3 105780 102792 113792
 1.3 105780 102792 113792
 1.3 105780 102792 113792
 1.3 105780 102792 113792
 1.3 105780 102792 113792
 1.3 105780 102792 113792
 1.3 105780 102792 113792
 1.3 105780 102792 113792
 1.3 105780 102792 113792
 1.3 105780 102792 113792
 1.3 105780 102792 113792
 1.3 105780 102792 113792
 1.3 105780 102792 113792
 1.3 105780 102792 113792
 1.3 105780 102792 113792
 1.3 105780 102792 113792
 1.3 105780 102792 113792
 1.3 105780 102792 113792
 1.3 105780 102792 113792
 1.3 105780 102792 113792
 1.3 105780 102792 113792
 1.3 105780 102792 113792
 1.3 105780 102792 113792
 1.3 105780 102792 113792
 1.3 105780 102792 113792
 1.3 105780 102792 113792
 1.3 105780 102792 113792
 1.3 105780 102792 113792
 1.3 105780 102792 113792
 1.3 105780 102792 113792
 1.3 105780 102792 113792
 1.3 105780 102792 113792
 1.3 105780 102792 113792
 1.3 105780 102792 113792
 1.3 105780 102792 113792
 1.3 105780 102792 113792
 1.3 105780 102792 113792
 1.3 105780 102792 113792
 1.3 105780 102792 113792
 1.3 105780 102792 113792
 1.3 105780 102792 113792
 1.3 105780 102792 113792
 1.3 105780 102792 113792
 1.3 105780 102792 113792
 1.3 105780 102792 113792
 1.3 105780 102792 113792
 1.3 105780 102792 113792
 1.3 105780 102792 113792
 1.3 105780 102792 113792
 1.3 105780 102792 113792
 1.3 105780 102792 113792
 1.3 105780 102792 113792
 1.3 105780 102792 113792
 1.3 105780 102792 113792
 1.3 105780 102792 113792
 1.3 105780 102792 113792
 1.3 105780 102792 113792
 1.3 105780 102792 113792
 1.3 105780 102792 113792
 1.3 105780 102792 113792
 1.3 105780 102792 113792
 1.3 105780 102792 113792
 1.3 105780 102792 113792
 1.3 105780 102792 113792
 1.3 105780 102792 113792
 1.3 105780 102792 113792
 1.3 105780 102792 113792
 1.3 105780 102792 113792
 1.3 105780 102792 113792
 1.3 105780 102792 113792
 1.3 105780 102792 113792
 1.3 105780 102792 113792
 1.3 105780 102792 113792
 1.3 105780 102792 113792
 1.3 105780 102792 113792
 1.3 105780 102792 113792
 1.3 105780 102792 113792
 1.3 105780 102792 113792
 1.3 105780 102792 113792
 1.3 105780 102792 113792
 1.3 105780 102792 113792
 1.3 105780 102792 113792
 1.3 105780 102792 113792
 1.3 105780 102792 113792
 1.3 105780 102792 113792
 1.3 105780 102792 113792
 1.3 105780 102792 113792
 1.3 105780 102792 113792
 1.3 105780 102792 113792
 1.3 105780 102792 113792
 1.3 105780 102792 113792
 1.3 105780 102792 113792
 1.3 105780 102792 113792
 1.3 105780 102792 113792
 1.3 105780 102792 113792
 1.3 105780 102792 113792
 1.3 105780 102792 113792
 1.3 105780 102792 113792
 1.3 105780 102792 113792
 1.3 105780 102792 113792
 1.3 105780 102792 113792
 1.3 105780 102792 113792
 1.3 105780 102792 113792
 1.3 105780 102792 113792
 1.3 105780 102792 113792
 1.3 105780 102792 113792
 1.3 105780 102792 113792
 1.3 105780 102792 113792
 1.3 105780 102792 113792
 1.3 105780 102792 113792
 1.3 105780 102792 113792
 1.3 105780 102792 113792
 1.3 105780 102792 113792
 1.3 105780 102792 113792
 1.3 105780 102792 113792
 1.3 105780 102792 113792
 1.3 105780 102792 113792
 1.3 105780 102792 113792
 1.3 105780 102792 113792
 1.3 105780 102792 113792
 1.3 105780 102792 113792
 1.3 105780 102792 113792
 1.3 105780 102792 113792
 1.3 105780 102792 113792
 1.3 105780 102792 113792
 1.3 105780 102792 113792
 1.3 105780 102792 113792
 1.3 105780 102792 113792
 1.3 105780 102792 113792
 1.3 105780 102792 113792
 1.3 105780 102792 113792
 1.3 105780 102792 113792
 1.3 105780 102792 113792
 1.3 105780 102792 113792
 1.3 105780 102792 113792
 1.3 105780 102792 113792
 1.3 105780 102792 113792
 1.3 105780 102792 113792
 1.3 105780 102792 113792
 1.3 105780 102792 113792
 1.3 105780 102792 113792
 1.3 105780 102792 113792
 1.3 105780 102792 113792
 1.3 105780 102792 113792
 1.3 105780 102792 113792
 1.3 105780 102792 113792
 1.3 105780 102792 113792
 1.3 105780 102792 113792
 1.3 105780 102792 113792
 1.3 105780 102792 113792
 1.3 105780 102792 113792
 1.3 105780 102792 113792
 1.3 105780 102792 113792
 1.3 105780 102792 113792
 1.3 105780 102792 113792
 1.3 105780 102792 113792
 1.3 105780 102792 113792
 1.3 105780 102792 113792
 1.3 105780 102792 113792
 1.3 105780 102792 113792
 1.3 105780 102792 113792
 1.3 105780 102792 113792
 1.3 105780 102792 113792
 1.3 105780 102792 113792
 1.3 105780 102792 113792
 1.3 105780 102792 113792
 1.3 105780 102792 113792
 1.3 105780 102792 113792
 1.3 105780 102792 113792
 1.3 105780 102792 113792
 1.3 105780 102792 113792
 1.3 105780 102792 113792
 1.3 105780 102792 113792
 1.3 105780 102792 113792
 1.3 105780 102792 113792
 1.3 105780 102792 113792
 1.3 105780 102792 113792
 1.3 105780 102792 113792
 1.3 105780 102792 113792
 1.3 105780 102792 113792
 1.3 105780 102792 113792
 1.3 105780 102792 113792
 1.3 105780 102792 113792
 1.3 105780 102792 113792
 1.3 105780 102792 113792
 1.3 105780 102792 113792
 1.3 105780 102792 113792
 1.3 105780 102792 113792
 1.3 105780 102792 113792
 1.3 105780 102792 113792
 1.3 105780 102792 113792
 1.3 105780 102792 113792
 1.3 105780 102792 113792
 1.3 105780 102792 113792
 1.3 105780 102792 113792
 1.3 105780 102792 113792
 1.3 105780 102792 113792
 1.3 105780 102792 113792
 1.3 105780 102792 113792
 1.3 105780 102792 113792
 1.3 105780 102792 113792
 1.3 105780 102792 113792
 1.3 105780 102792 113792
 1.3 105780 102792 113792
 1.3 105780 102792 113792
 1.3 105780 102792 113792
 1.3 105780 102792 113792
 1.3 105780 102792 113792
 1.3 105780 102792 113792
 1.3 105780 102792 113792
 1.3 105780 102792 113792
 1.3 105780 102792 113792
 1.3 105780 102792 113792
 1.3 105780 102792 113792
 1.3 105780 102792 113792
 1.3 105780 102792 113792
 1.3 105780 102792 113792
 1.3 105780 102792 113792
 1.3 105780 102792 113792
 1.3 105780 102792 113792
 1.3 105780 102792 113792
 1.3 105780 102792 113792
 1.3 105780 102792 113792
 1.3 105780 102792 113792
 1.3 105780 102792 113792
 1.3 105780 102792 113792
 1.3 105780 102792 113792
 1.3 105780 102792 113792
 1.3 105780 102792 113792
 1.3 105780 102792 113792
 1.3 105780 102792 113792
 1.3 105780 102792 113792
 1.3 105780 102792 113792
 1.3 105780 102792 113792
 1.3 105780 102792 113792
 1.3 105780 102792 113792
 1.3 105780 102792 113792
 1.3 105780 102792 113792
 1.3 105780 102792 113792
 1.3 105780 102792 113792
 1.3 105780 102792 113792
 1.3 105780 102792 113792
 1.3 105780 102792 113792
 1.3 105780 102792 113792
 1.3 105780 102792 113792
 1.3 105780 102792 113792
 1.3 105780 102792 113792
 1.3 105780 102792 113792
 1.3 105780 102792 113792
 1.3 105780 102792 113792
 1.3 105780 102792 113792
 1.3 105780 102792 113792
 1.3 105780 102792 113792
 1.3 105780 102792 113792
 1.3 105780 102792 113792
 1.3 105780 102792 113792
 1.3 105780 102792 113792
 1.3 105780 102792 113792
 1.3 105780 102792 113792
 1.3 105780 102792 113792
 1.3 105780 102792 113792
 1.3 105780 102792 113792
 1.3 105780 102792 113792
 1.3 105780 102792 113792
 1.3 105780 102792 113792
 1.3 105780 102792 113792
 1.3 105780 102792 113792
 1.3 105780 102792 113792
 1.3 105780 102792 113792
 1.3 105780 102792 113792
 1.3 105780 102792 113792
 1.3 105780 102792 113792
 1.3 105780 102792 113792
 1.3 105780 102792 113792
 1.3 105780 102792 113792
 1.3 105780 102792 113792
 1.3 105780 102792 113792
 0.0  3392   388  11388
 0.2 21988 24028  35028
 0.8 65516 63428  74428
 1.3 105688 102828 113828
 1.3 105688 102828 113828
 1.3 105688 102828 113828
 1.3 105688 102828 113828
 1.3 105688 102828 113828
 1.3 105688 102828 113828
 1.3 105688 102828 113828
 1.3 105688 102828 113828
 1.3 105688 102828 113828
 1.3 105688 102828 113828
 1.3 105688 102828 113828
 1.3 105688 102828 113828
 1.3 105688 102828 113828
 1.3 105688 102828 113828
 1.3 105688 102828 113828
 1.3 105688 102828 113828
 1.3 105688 102828 113828
 1.3 105688 102828 113828
 1.3 105688 102828 113828
 1.3 105688 102828 113828
 1.3 105688 102828 113828
 1.3 105688 102828 113828
 1.3 105688 102828 113828
 1.3 105688 102828 113828
 1.3 105688 102828 113828
 1.3 105688 102828 113828
 1.3 105688 102828 113828
 1.3 105688 102828 113828
 1.3 105688 102828 113828
 1.3 105688 102828 113828
 1.3 105688 102828 113828
 1.3 105688 102828 113828
 1.3 105688 102828 113828
 1.3 105688 102828 113828
 1.3 105688 102828 113828
 1.3 105688 102828 113828
 1.3 105688 102828 113828
 1.3 105688 102828 113828
 1.3 105688 102828 113828
 1.3 105688 102828 113828
 1.3 105688 102828 113828
 1.3 105688 102828 113828
 1.3 105688 102828 113828
 1.3 105688 102828 113828
 1.3 105688 102828 113828
 1.3 105688 102828 113828
 1.3 105688 102828 113828
 1.3 105688 102828 113828
 1.3 105688 102828 113828
 1.3 105688 102828 113828
 1.3 105688 102828 113828
 1.3 105688 102828 113828
 1.3 105688 102828 113828
 1.3 105688 102828 113828
 1.3 105688 102828 113828
 1.3 105688 102828 113828
 1.3 105688 102828 113828
 1.3 105688 102828 113828
 1.3 105688 102828 113828
 1.3 105688 102828 113828
 1.3 105688 102828 113828
 1.3 105688 102828 113828
 1.3 105688 102828 113828
 1.3 105688 102828 113828
 1.3 105688 102828 113828
 1.3 105688 102828 113828
 1.3 105688 102828 113828
 1.3 105688 102828 113828
 1.3 105688 102828 113828
 1.3 105688 102828 113828
 1.3 105688 102828 113828
 1.3 105688 102828 113828
 1.3 105688 102828 113828
 1.3 105688 102828 113828
 1.3 105688 102828 113828
 1.3 105688 102828 113828
 1.3 105688 102828 113828
 1.3 105688 102828 113828
 1.3 105688 102828 113828
 1.3 105688 102828 113828
 1.3 105688 102828 113828
 1.3 105688 102828 113828
 1.3 105688 102828 113828
 1.3 105688 102828 113828
 1.3 105688 102828 113828
 1.3 105688 102828 113828
 1.3 105688 102828 113828
 1.3 105688 102828 113828
 1.3 105688 102828 113828
 1.3 105688 102828 113828
 1.3 105688 102828 113828
 1.3 105688 102828 113828
 1.3 105688 102828 113828
 1.3 105688 102828 113828
 1.3 105688 102828 113828
 1.3 105688 102828 113828
 1.3 105688 102828 113828
 1.3 105688 102828 113828
 1.3 105688 102828 113828
 1.3 105688 102828 113828
 1.3 105688 102828 113828
 1.3 105688 102828 113828
 1.3 105688 102828 113828
 1.3 105688 102828 113828
 1.3 105688 102828 113828
 1.3 105688 102828 113828
 1.3 105688 102828 113828
 1.3 105688 102828 113828
 1.3 105688 102828 113828
 1.3 105688 102828 113828
 1.3 105688 102828 113828
 1.3 105688 102828 113828
 1.3 105688 102828 113828
 1.3 105688 102828 113828
 1.3 105688 102828 113828
 1.3 105688 102828 113828
 1.3 105688 102828 113828
 1.3 105688 102828 113828
 1.3 105688 102828 113828
 1.3 105688 102828 113828
 1.3 105688 102828 113828
 1.3 105688 102828 113828
 1.3 105688 102828 113828
 1.3 105688 102828 113828
 1.3 105688 102828 113828
 1.3 105688 102828 113828
 1.3 105688 102828 113828
 1.3 105688 102828 113828
 1.3 105688 102828 113828
 1.3 105688 102828 113828
 1.3 105688 102828 113828
 1.3 105688 102828 113828
 1.3 105688 102828 113828
 1.3 105688 102828 113828
 1.3 105688 102828 113828
 1.3 105688 102828 113828
 1.3 105688 102828 113828
 1.3 105688 102828 113828
 1.3 105688 102828 113828
 1.3 105688 102828 113828
 1.3 105688 102828 113828
 1.3 105688 102828 113828
 1.3 105688 102828 113828
 1.3 105688 102828 113828
 1.3 105688 102828 113828
 1.3 105688 102828 113828
 1.3 105688 102828 113828
 1.3 105688 102828 113828
 1.3 105688 102828 113828
 1.3 105688 102828 113828
 1.3 105688 102828 113828
 1.3 105688 102828 113828
 1.3 105688 102828 113828
 1.3 105688 102828 113828
 1.3 105688 102828 113828
 1.3 105688 102828 113828
 1.3 105688 102828 113828
 1.3 105688 102828 113828
 1.3 105688 102828 113828
 1.3 105688 102828 113828
 1.3 105688 102828 113828
 1.3 105688 102828 113828
 1.3 105688 102828 113828
 1.3 105688 102828 113828
 0.5 42848 39788  50788
