coretemp-isa-0000
Adapter: ISA adapter
Package id 0:  +82.0°C  (high = +100.0°C, crit = +100.0°C)
Core 0:        +78.0°C  (high = +100.0°C, crit = +100.0°C)
Core 1:        +82.0°C  (high = +100.0°C, crit = +100.0°C)
Core 2:        +76.0°C  (high = +100.0°C, crit = +100.0°C)
Core 3:        +76.0°C  (high = +100.0°C, crit = +100.0°C)

pch_cannonlake-virtual-0
Adapter: Virtual device
temp1:        +60.0°C  

BAT0-acpi-0
Adapter: ACPI interface
in0:          12.87 V  
curr1:            N/A  

dell_smm-virtual-0
Adapter: Virtual device
fan1:        4938 RPM

radeon-pci-0100
Adapter: PCI adapter
temp1:            N/A  (crit = +120.0°C, hyst = +90.0°C)

acpitz-acpi-0
Adapter: ACPI interface
temp1:        +25.0°C  (crit = +107.0°C)

%MEM   RSS  SIZE    VSZ
 0.0  2176   424   8636
 0.0  2176   424   8636
 0.0  2176   424   8636
 0.0  2176   424   8636
 0.0  2176   424   8636
 0.0  2176   424   8636
 0.0  2176   424   8636
 0.0  2176   424   8636
 0.0  2176   424   8636
 0.0  2176   424   8636
 0.0  2176   424   8636
 0.0  2176   424   8636
 0.0  2176   424   8636
 0.0  2176   424   8636
 0.0  2176   424   8636
 0.0  2176   424   8636
 0.0  2176   424   8636
 0.0  2176   424   8636
 0.0  2176   424   8636
 0.0  2176   424   8636
 0.0  2176   424   8636
 0.0  2176   424   8636
 0.0  2176   424   8636
 0.0  4816   756   8968
 0.0  4816   888   9100
 0.0  4816  9080  17296
 0.0  6012  9192  17408
 0.0  6584 116872 452160
 0.0  6584 117016 517696
 0.1  8224 118864 650352
 0.1 10336 120976 652464
 0.1 12712 123352 654840
 0.1 14824 125464 656952
 0.2 16936 127576 659064
 0.2 18784 129424 660912
 0.2 20896 131536 663024
 0.2 23008 133648 665136
 0.3 25120 135892 667380
 0.3 27232 138004 669492
 0.3 29344 139984 671472
 0.3 31456 142096 673584
 0.4 33568 144340 675828
 0.4 35944 146584 678072
 0.4 38056 148696 680184
 0.5 40168 150940 682428
 0.5 42280 153052 684540
 0.5 44392 155164 686652
 0.5 46504 157144 688632
 0.6 48352 159124 690612
 0.6 50464 161236 692724
 0.6 52576 163348 694836
 0.6 54688 165460 696948
 0.7 56800 167440 698928
 0.7 58648 169420 700908
 0.7 60760 171400 702888
 0.7 62872 173512 705000
 0.8 64984 175624 707112
 0.8 66832 177604 709092
 0.8 68944 179584 711072
 0.8 70528 181168 712656
 0.9 72376 183016 714504
 0.9 74224 184996 716484
 0.9 76336 186976 718464
 0.9 78184 188956 720444
 1.0 80296 191068 722556
 1.0 82408 193048 724536
 1.0 84256 195028 726516
 1.0 86368 197140 728628
 1.1 88480 199252 730740
 1.1 90592 201232 732720
 1.1 92176 202816 734304
 1.1 94024 204796 736284
 1.2 96136 206908 738396
 1.2 98248 209020 740508
 1.2 100096 210868 742356
 1.2 102208 212848 744336
 1.3 104320 214960 746448
 1.3 106168 216940 748428
 1.3 108280 218920 750408
 1.3 110392 221032 752520
 1.4 112240 223012 754500
 1.4 114088 224728 756216
 1.4 115936 226708 758196
 1.4 118048 228688 760176
 1.4 119896 230668 762156
 1.5 122008 232780 764268
 1.5 124120 234892 766380
 1.5 126232 236872 768360
 1.6 128344 238984 770472
 1.6 130192 240832 772320
 1.6 132304 242944 774432
 1.6 134152 244792 776280
 1.7 136000 246640 778128
 1.7 137848 248488 779976
 1.7 139696 250468 781956
 1.7 141808 252448 783936
 1.7 143920 254692 786180
 1.8 145768 256540 788028
 1.8 147880 258652 790140
 1.8 149992 260764 792252
 1.9 152104 262744 794232
 1.9 153952 264592 796080
 1.9 155800 266572 798060
 1.9 157912 268552 800040
 1.9 159760 270532 802020
 2.0 161872 272644 804132
 2.0 163984 274624 806112
 2.0 165832 276604 808092
 2.0 167680 278452 809940
 2.1 169528 280300 811788
 2.1 171640 282412 813900
 2.1 173752 284524 816012
 2.1 175864 286636 818124
 2.2 177976 288616 820104
 2.2 179824 290596 822084
 2.2 181936 292708 824196
 2.3 184048 294688 826176
 2.3 186160 296800 828288
 2.3 188008 298648 830136
 2.3 189856 300628 832116
 2.4 191968 302608 834096
 2.4 193816 304588 836076
 2.4 195928 306568 838056
 2.4 198040 308680 840168
 2.5 200152 310792 842280
 2.5 202264 313036 844524
 2.5 203848 314620 846108
 2.5 205960 316732 848220
 2.6 208072 318844 850332
 2.6 210184 320956 852444
 2.6 212296 322936 854424
 2.6 214144 324784 856272
 2.7 216256 326896 858384
 2.7 218368 329008 860496
 2.7 220480 331120 862608
 2.7 222592 333232 864720
 2.8 224968 335608 867096
 2.8 226816 337456 868944
 2.8 228928 339568 871056
 2.8 231040 341680 873168
 2.9 233152 343792 875280
 2.9 235000 345772 877260
 2.9 236848 347620 879108
 2.9 238960 349600 881088
 3.0 241072 351712 883200
 3.0 243184 353824 885312
 3.0 245032 355804 887292
 3.0 247408 358180 889668
 3.1 249256 360028 891516
 3.1 251368 362140 893628
 3.1 253480 364120 895608
 3.1 255328 366100 897588
 3.2 257440 368212 899700
 3.2 259288 370192 901680
 3.2 261400 372172 903660
 3.2 263512 374152 905640
 3.3 265624 376396 907884
 3.3 267736 378376 909864
 3.3 269848 380488 911976
 3.3 271696 382468 913956
 3.4 273808 384580 916068
 3.4 275920 386560 918048
 3.4 278032 388672 920160
 3.5 279880 390520 922008
 3.5 281992 392632 924120
 3.5 284104 394876 926364
 3.5 286216 396856 928344
 3.6 288328 398968 930456
 3.6 290176 400816 932304
 3.6 292024 402796 934284
 3.6 294136 404776 936264
 3.7 296248 407020 938508
 3.7 298096 408868 940356
 3.7 300208 410848 942336
 3.7 302320 412960 944448
 3.8 304168 414940 946428
 3.8 306280 416920 948408
 3.8 308392 419032 950520
 3.8 310504 421144 952632
 3.9 312352 423124 954612
 3.9 314728 425368 956856
 3.9 316840 427480 958968
 3.9 318688 429460 960948
 4.0 320800 431440 962928
 4.0 322912 433552 965040
 4.0 324760 435532 967020
 4.0 326872 437512 969000
 4.1 328720 439492 970980
 4.1 330832 441604 973092
 4.1 332944 443584 975072
 4.1 334792 445564 977052
 4.2 336904 447676 979164
 4.2 339016 449656 981144
 4.2 341128 451768 983256
 4.2 342976 453748 985236
 4.3 344824 455464 986952
 4.3 346672 457444 988932
 4.3 348784 459424 990912
 4.3 350896 461536 993024
 4.4 352744 463648 995136
 4.4 354856 465628 997116
 4.4 356968 467740 999228
 4.4 359080 469720 1001208
 4.5 360928 471700 1003188
 4.5 363040 473812 1005300
 4.5 365152 475792 1007280
 4.5 367000 477772 1009260
 4.6 369112 479752 1011240
 4.6 370960 481732 1013220
 4.6 373072 483844 1015332
 4.6 375184 485824 1017312
 4.7 377032 487804 1019292
 4.7 379144 489784 1021272
 4.7 380728 491500 1022988
 4.7 382840 493612 1025100
 4.8 384952 495724 1027212
 4.8 387064 497704 1029192
 4.8 388912 499684 1031172
 4.8 391024 501664 1033152
 4.9 392872 503644 1035132
 4.9 394984 505756 1037244
 4.9 397096 507736 1039224
 4.9 398944 509716 1041204
 5.0 400792 511564 1043052
 5.0 402904 513544 1045032
 5.0 404752 515524 1047012
 5.0 406864 517636 1049124
 5.1 408976 519616 1051104
 5.1 411088 521728 1053216
 5.1 412936 523576 1055064
 5.1 415048 525688 1057176
 5.2 416632 527404 1058892
 5.2 418480 529252 1060740
 5.2 420592 531232 1062720
 5.2 422704 533344 1064832
 5.3 424552 535324 1066812
 5.3 426664 537304 1068792
 5.3 428512 539284 1070772
 5.3 430624 541396 1072884
 5.4 432736 543376 1074864
 5.4 434848 545488 1076976
 5.4 436696 547468 1078956
 5.4 438808 549580 1081068
 5.5 440920 551692 1083180
 5.5 443296 553936 1085424
 5.5 445144 555784 1087272
 5.5 447256 557896 1089384
 5.6 449104 559876 1091364
 5.6 451216 561856 1093344
 5.6 453064 563836 1095324
 5.6 455176 565816 1097304
 5.7 457288 568060 1099548
 5.7 459400 570040 1101528
 5.7 461248 572020 1103508
 5.7 463624 574264 1105752
 5.8 465736 576508 1107996
 5.8 467848 578488 1109976
 5.8 469960 580600 1112088
 5.9 471808 582580 1114068
 5.9 473920 584560 1116048
 5.9 475768 586540 1118028
 5.9 477880 588520 1120008
 6.0 479992 590632 1122120
 6.0 481840 592612 1124100
 6.0 483952 594592 1126080
 6.0 485800 596572 1128060
 6.1 487912 598552 1130040
 6.1 489760 600532 1132020
 6.1 491872 602512 1134000
 6.1 493456 604228 1135716
 6.2 495832 606472 1137960
 6.2 497680 608452 1139940
 6.2 499792 610432 1141920
 6.2 501904 612544 1144032
 6.3 504016 614656 1146144
 6.3 505864 616636 1148124
 6.3 507976 618616 1150104
 6.3 510088 620728 1152216
 6.4 512200 622840 1154328
 6.4 514048 624820 1156308
 6.4 516424 627064 1158552
 6.4 518008 628648 1160136
 6.5 520120 630760 1162248
 6.5 522232 632872 1164360
 6.5 524080 634852 1166340
 6.5 526192 636964 1168452
 6.6 528304 639076 1170564
 6.6 530152 640924 1172412
 6.6 532264 643036 1174524
 6.6 534376 645016 1176504
 6.7 536224 646864 1178352
 6.7 538072 648844 1180332
 6.7 540448 651088 1182576
 6.7 542824 653596 1185084
 6.8 545200 655840 1187328
 6.8 547048 657820 1189308
 6.8 549160 659932 1191420
 6.8 551272 662044 1193532
 6.9 553384 664024 1195512
 6.9 555232 666004 1197492
 6.9 557608 668248 1199736
 6.9 559456 670228 1201716
 7.0 561568 672208 1203696
 7.0 562888 673660 1205148
 7.0 565000 675640 1207128
 7.0 566848 677620 1209108
 7.1 568960 679600 1211088
 7.1 570808 681580 1213068
 7.1 572920 683692 1215180
 7.1 575032 685804 1217292
 7.2 577144 687916 1219404
 7.2 578992 689764 1221252
 7.2 581104 691744 1223232
 7.2 582952 693592 1225080
 7.3 584800 695440 1226928
 7.3 586912 697552 1229040
 7.3 589024 699664 1231152
 7.3 590872 701512 1233000
 7.4 592720 703492 1234980
 7.4 594832 705604 1237092
 7.4 596944 707584 1239072
 7.4 599056 709696 1241184
 7.5 601168 711808 1243296
 7.5 603280 714052 1245540
 7.5 605656 716428 1247916
 7.6 607768 718408 1249896
 7.6 609616 720256 1251744
 7.6 611992 722632 1254120
 7.6 614104 724744 1256232
 7.7 616216 726856 1258344
 7.7 618064 728968 1325860
 7.9 635752 746932 1540024
 7.9 637336 748648 1541740
 7.9 639448 750628 1543720
 8.0 641296 752476 1545568
 8.0 643408 754588 1547680
 8.0 645256 756568 1549660
 8.0 647368 758596 1551640
 8.1 649216 760444 1553488
 8.1 651328 762688 1555732
 8.1 653440 764800 1557844
 8.1 655552 766780 1559824
 8.2 657660 768772 1561816
 8.2 659772 771016 1564060
 8.2 661884 772996 1566040
 8.3 663732 774844 1567888
 8.3 665580 776824 1569868
 8.3 667956 779068 1572112
 8.3 670068 781312 1574356
 8.4 672180 783292 1576336
 8.4 674028 785272 1578316
 8.4 676140 787252 1580296
 8.4 678252 789364 1582408
 8.5 680416 791616 1584660
 8.5 682000 793332 1586376
 8.5 683848 795048 1588092
 8.5 685696 797028 1590072
 8.6 687808 799008 1592052
 8.6 689920 801120 1594164
 8.6 691504 802836 1595880
 8.6 693616 804816 1597860
 8.7 695992 807192 1600236
 8.7 698104 809304 1602348
 8.7 699952 811152 1604196
 8.7 701800 813132 1606176
 8.8 704176 815376 1608420
 8.8 706024 817356 1610400
 8.8 707872 819208 1612248
 8.8 709456 820796 1613832
 8.8 711568 822912 1615944
 8.9 713416 824632 1617660
 8.9 715000 826352 1619376
 8.9 717112 828468 1621488
 8.9 719224 830452 1623468
 9.0 721516 832716 1625728
 9.0 723628 834832 1627840
 9.0 725740 836816 1629820
 9.0 727588 838800 1631800
 9.1 729436 840648 1633648
 9.1 731548 842764 1635760
 9.1 733660 844880 1637872
 9.2 735772 846864 1639852
 9.2 737884 848980 1641964
 9.2 739996 851096 1644076
 9.2 742108 853344 1646320
 9.3 744484 855592 1648564
 9.3 746332 857576 1650544
 9.3 748180 859428 1652392
 9.3 750028 861280 1654240
 9.4 752404 863528 1656484
 9.4 754516 865644 1658596
 9.4 756364 867628 1660576
 9.4 758476 869612 1662556
 9.5 760324 871464 1664404
 9.5 762436 873712 1666648
 9.5 764428 875472 1668364
10.3 823960 934652 1789084
10.3 824372 934868 1789084
10.3 824876 935028 1789084
10.3 825440 935204 1789084
10.3 825440 935416 1789084
10.3 826004 935588 1789084
10.3 826568 935784 1789084
10.3 827132 935992 1789084
10.3 827132 936144 1789084
10.3 827756 936340 1789084
10.3 828320 936536 1789084
10.3 828884 936736 1789084
10.3 829448 936920 1789084
10.3 829448 937092 1789084
10.3 830072 937288 1789084
10.3 830636 937500 1789084
10.3 827704 937612 1789084
10.3 828448 937612 1789084
10.3 829012 937612 1789084
10.3 829012 937612 1789084
10.3 829576 937612 1789084
10.3 830200 937612 1789084
10.3 830764 937612 1789084
10.3 830764 937612 1789084
10.3 831328 937612 1789084
10.4 831892 937612 1789084
10.4 831892 937612 1789084
10.4 832516 937612 1789084
10.4 833080 937612 1789084
10.4 833644 937612 1789084
10.4 833644 937612 1789084
10.4 834208 937612 1789084
10.4 834832 937612 1789084
10.4 835396 937680 1789084
10.4 835960 937880 1789084
10.4 832576 938076 1789084
10.4 833260 938076 1789084
10.4 833944 938076 1789084
10.4 833944 938076 1789084
10.4 834508 938076 1789084
10.4 835132 938076 1789084
10.4 835696 938076 1789084
10.4 835696 938076 1789084
10.4 836260 938076 1789084
10.4 836824 938076 1789084
10.4 837448 938076 1789084
10.4 837448 938076 1789084
10.4 838012 938076 1789084
10.4 838576 938076 1789084
10.4 839140 938076 1789084
10.4 839140 938076 1789084
10.5 839764 938076 1789084
10.4 837352 938076 1789084
10.4 837352 938076 1789084
10.4 838096 938076 1789084
10.4 838720 938076 1789084
10.4 838720 938076 1789084
10.4 839284 938076 1789084
10.5 839848 938076 1789084
10.5 840412 938076 1789084
10.5 841036 938076 1789084
10.5 841036 938076 1789084
10.5 841600 938076 1789084
10.5 842164 938076 1789084
10.5 842728 938076 1789084
10.5 842728 938076 1789084
10.5 843352 938076 1789084
10.5 843916 938076 1789084
10.5 841628 938076 1789084
10.5 841628 938076 1789084
10.5 842372 938076 1789084
10.5 842372 938076 1789084
10.5 842936 938076 1789084
10.5 843560 938076 1789084
10.5 844124 938076 1789084
10.5 844124 938076 1789084
10.5 844688 938076 1789084
10.5 845252 938076 1789084
10.5 845816 938076 1789084
10.5 846440 938076 1789084
10.5 846440 938076 1789084
10.5 847004 938076 1789084
10.6 847568 938076 1789084
10.6 848132 938076 1789084
10.6 848756 938076 1789084
10.6 848756 938076 1789084
10.6 849320 938076 1789084
10.5 846492 938076 1789084
10.5 846492 938076 1789084
10.5 847236 938076 1789084
10.6 847800 938076 1789084
10.6 847800 938076 1789084
10.6 848424 938076 1789084
10.6 848988 938076 1789084
10.6 849552 938076 1789084
10.6 849552 938076 1789084
10.6 850116 938076 1789084
10.6 850740 938076 1789084
10.6 851304 938076 1789084
10.6 851868 938076 1789084
10.6 851868 938076 1789084
10.6 852432 938076 1789084
10.6 853056 938076 1789084
10.6 853620 938076 1789084
10.6 854184 938076 1789084
10.6 850908 938076 1789084
10.6 851652 938076 1789084
10.6 852216 938076 1789084
10.6 852216 938076 1789084
10.6 852840 938076 1789084
10.6 853404 938076 1789084
10.6 853968 938076 1789084
10.6 854532 938076 1789084
10.6 854532 938076 1789084
10.6 855156 938076 1789084
10.7 855720 938076 1789084
10.7 856284 938076 1789084
10.7 856284 938076 1789084
10.7 856848 938076 1789084
10.7 857472 938076 1789084
10.7 858036 938076 1789084
10.7 858600 938076 1789084
10.7 858600 938076 1789084
10.7 859164 938088 1789084
10.7 856244 938228 1789084
10.7 856244 938228 1789084
10.7 856988 938228 1789084
10.7 857552 938228 1789084
10.7 857552 938228 1789084
10.7 858116 938228 1789084
10.7 858680 938228 1789084
10.7 859304 938228 1789084
10.7 859868 938228 1789084
10.7 859868 938228 1789084
10.7 860432 938228 1789084
10.7 860996 938228 1789084
10.7 861620 938228 1789084
10.7 862184 938228 1789084
10.7 862184 938228 1789084
10.7 862748 938228 1789084
10.7 863312 938228 1789084
10.8 863936 938228 1789084
10.7 860696 938228 1789084
10.7 861440 938228 1789084
10.7 861440 938228 1789084
10.7 862004 938228 1789084
10.7 862568 938228 1789084
10.7 862568 938228 1789084
10.7 863192 938228 1789084
10.8 863756 938228 1789084
10.8 864320 938228 1789084
10.8 864320 938228 1789084
10.8 864884 938228 1789084
10.8 865508 938228 1789084
10.8 866072 938228 1789084
10.8 866072 938228 1789084
10.8 866636 938228 1789084
10.8 867200 938228 1789084
10.8 867824 938228 1789084
10.8 868388 938228 1789084
10.8 868388 938228 1789084
10.8 865608 938228 1789084
10.8 865608 938228 1789084
10.8 866352 938228 1789084
10.8 866916 938228 1789084
10.8 867540 938228 1789084
10.8 867540 938228 1789084
10.8 868104 938228 1789084
10.8 868668 938228 1789084
10.8 869232 938228 1789084
10.8 869232 938228 1789084
10.8 869856 938228 1789084
10.8 870420 938228 1789084
10.8 870984 938228 1789084
10.9 871548 938228 1789084
10.9 871548 938228 1789084
10.9 872172 938228 1789084
10.9 872736 938228 1789084
10.9 873300 938228 1789084
10.9 873300 938228 1789084
10.8 870708 938228 1789084
10.8 870708 938228 1789084
10.8 871332 938228 1789084
10.9 871956 938228 1789084
10.9 872520 938228 1789084
10.9 872520 938228 1789084
10.9 873084 938228 1789084
10.9 873648 938228 1789084
10.9 874272 938228 1789084
10.9 874272 938228 1789084
10.9 874836 938228 1789084
10.9 875400 938228 1789084
10.9 875964 938228 1789084
10.9 875964 938228 1789084
10.9 876588 938228 1789084
10.9 877152 938228 1789084
10.9 877716 938228 1789084
10.9 878280 938228 1789084
10.9 878280 938228 1789084
10.9 878280 938228 1789084
10.9 878280 938228 1789084
10.9 878280 938228 1789084
10.9 878280 938228 1789084
10.9 878280 938228 1789084
10.9 878280 938228 1789084
10.9 878280 938228 1789084
10.9 878280 938228 1789084
10.9 878280 938228 1789084
10.9 878280 938228 1789084
10.9 878280 938228 1789084
11.0 881604 938228 1789084
11.0 881604 938228 1789084
11.0 881604 938228 1789084
10.9 878396 938228 1789084
10.9 878396 938228 1789084
11.0 880040 938228 1789084
11.0 880604 938228 1789084
11.0 880604 938228 1789084
11.0 881168 938228 1789084
11.0 881732 938228 1789084
11.0 882356 938228 1789084
11.0 882920 938228 1789084
11.0 883484 938228 1789084
11.0 883484 938228 1789084
11.0 884048 938228 1789084
11.0 884672 938228 1789084
11.0 885236 938228 1789084
11.0 885800 938228 1789084
11.0 885800 938228 1789084
11.0 886364 938228 1789084
11.0 883344 938228 1789084
11.0 884148 938228 1789084
11.0 884712 938228 1789084
11.0 885276 938228 1789084
11.0 885840 938228 1789084
11.0 885840 938228 1789084
11.0 886464 938228 1789084
11.0 887028 938228 1789084
11.0 887412 938228 1789084
11.0 887412 938228 1789084
11.0 887412 938228 1789084
11.0 887412 938228 1789084
11.0 887412 938228 1789084
11.0 887412 938228 1789084
11.0 887412 938228 1789084
11.0 887412 938228 1789084
11.0 887412 938228 1789084
10.8 866788 900996 1751844
10.8 866972 868364 1719196
10.8 866972 868364 1719196
10.8 866972 868364 1719196
10.8 866972 868364 1719196
10.8 866972 868364 1719196
10.8 866972 868364 1719196
10.8 866972 868364 1719196
10.8 866972 868364 1719196
10.8 866972 868364 1719196
10.8 866972 868364 1719196
10.8 867232 868572 1719404
10.8 867232 868572 1719404
10.8 867232 868572 1719404
10.8 867232 868572 1719404
10.8 867232 868572 1719404
10.8 867232 868572 1719404
10.8 867232 868704 1719536
10.0 805396 835936 1624896
10.0 805396 835936 1624896
10.0 805396 835936 1624896
10.0 804832 835372 1624332
10.0 804832 835372 1624332
10.0 804832 835372 1624332
10.0 804832 835372 1624332
10.0 804832 835372 1624332
10.0 804832 835372 1624332
10.0 804832 835372 1624332
10.0 804832 835372 1624332
10.0 804832 835372 1624332
10.0 804832 835372 1624332
10.0 804832 835372 1624332
10.0 804832 835372 1624332
10.0 804832 835372 1624332
10.0 804832 835372 1624332
10.0 804832 835372 1624332
10.0 804832 835372 1624332
10.0 804832 835372 1624332
10.0 804832 835372 1624332
10.0 804832 835372 1624332
10.0 804832 835372 1624332
10.0 804832 835372 1624332
10.0 804832 835372 1624332
10.0 804832 835372 1624332
10.0 804832 835372 1624332
10.0 804832 835372 1624332
10.0 804832 835372 1624332
10.0 804832 835372 1624332
10.0 804832 835372 1624332
10.0 804832 835372 1624332
 0.0     0     0      0
