coretemp-isa-0000
Adapter: ISA adapter
Package id 0:  +80.0°C  (high = +100.0°C, crit = +100.0°C)
Core 0:        +80.0°C  (high = +100.0°C, crit = +100.0°C)
Core 1:        +71.0°C  (high = +100.0°C, crit = +100.0°C)
Core 2:        +75.0°C  (high = +100.0°C, crit = +100.0°C)
Core 3:        +74.0°C  (high = +100.0°C, crit = +100.0°C)

pch_cannonlake-virtual-0
Adapter: Virtual device
temp1:        +60.0°C  

BAT0-acpi-0
Adapter: ACPI interface
in0:          12.61 V  
curr1:       1000.00 uA 

dell_smm-virtual-0
Adapter: Virtual device
fan1:        3937 RPM

radeon-pci-0100
Adapter: PCI adapter
temp1:            N/A  (crit = +120.0°C, hyst = +90.0°C)

acpitz-acpi-0
Adapter: ACPI interface
temp1:        +25.0°C  (crit = +107.0°C)

%MEM   RSS  SIZE    VSZ
 0.6 47988 127500 203916
 0.6 49572 127500 203916
 0.6 51176 127500 203916
 0.6 52232 127500 203916
 0.6 53552 127500 203916
 0.6 54608 127500 203916
 0.7 56456 127500 203916
 0.7 57512 127500 203916
 0.9 73088 127500 203916
 0.9 73352 127500 203916
 0.9 74936 127500 203916
 0.9 74936 127500 203916
 0.9 77312 127632 269452
 1.0 81008 127632 269452
 1.1 88136 127632 269452
 1.1 92096 127632 269452
 1.1 94736 127632 269452
 1.2 97640 127632 269452
 1.2 102920 127632 269452
 1.3 105792 127632 269452
 1.3 105792 127632 269452
 1.3 105792 127632 269452
 1.3 105792 127632 269452
 1.3 105792 127632 269452
 1.3 105792 127632 269452
 1.3 105792 127632 269452
 1.3 105792 127632 269452
 1.3 105792 127632 269452
 1.3 105792 127632 269452
 1.3 105792 127632 269452
 1.3 105792 127632 269452
 1.3 105792 127632 269452
 1.3 105792 127632 269452
 1.3 105792 127632 269452
 1.3 105792 127632 269452
 1.3 105792 127632 269452
 1.3 105792 127632 269452
 1.3 105792 127632 269452
 1.3 105796 127632 269452
 1.3 105796 127632 269452
 1.3 105796 127632 269452
 1.3 105796 127632 269452
 1.3 105796 127632 269452
 1.3 105796 127632 269452
 1.3 105796 127632 269452
 1.3 105796 127632 269452
 1.3 105796 127632 269452
 1.3 105796 127632 269452
 1.3 105796 127632 269452
 1.3 105796 127632 269452
 1.3 105796 127632 269452
 1.3 105796 127632 269452
 1.3 105796 127632 269452
 1.3 105796 127632 269452
 1.3 105796 127632 269452
 1.3 105796 127632 269452
 1.3 105796 127632 269452
 1.3 105796 127632 269452
 1.3 105796 127632 269452
 1.3 105796 127632 269452
 1.3 105796 127632 269452
 1.3 105796 127632 269452
 1.3 105796 127632 269452
 1.3 105796 127632 269452
 1.3 105796 127632 269452
 1.3 105796 127632 269452
 1.3 105796 127632 269452
 1.3 105796 127632 269452
 1.3 105796 127632 269452
 1.3 105796 127632 269452
 1.3 105796 127632 269452
 1.3 105796 127632 269452
 1.3 105796 127632 269452
 1.3 105796 127632 269452
 1.3 105796 127632 269452
 1.3 105796 127632 269452
 1.3 105796 127632 269452
 1.3 105796 127632 269452
 1.3 105796 127632 269452
 1.3 105796 127632 269452
 1.3 105796 127632 269452
 1.3 105796 127632 269452
 1.3 105796 127632 269452
 1.3 105796 127632 269452
 1.3 105796 127632 269452
 1.3 105796 127632 269452
 1.3 105796 127632 269452
 1.3 105796 127632 269452
 1.3 105796 127632 269452
 1.3 105796 127632 269452
 1.3 105796 127632 269452
 1.3 105796 127632 269452
 1.3 105796 127632 269452
 1.3 105796 127632 269452
 1.3 105796 127632 269452
 1.3 105796 127632 269452
 1.3 105796 127632 269452
 1.3 105796 127632 269452
 1.3 105796 127632 269452
 1.3 105796 127632 269452
 1.3 105796 127632 269452
 1.3 105796 127632 269452
 1.3 105796 127632 269452
 1.3 105796 127632 269452
 1.3 105796 127632 269452
 1.3 105796 127632 269452
 1.3 105796 127632 269452
 1.3 105796 127632 269452
 1.3 105796 127632 269452
 1.3 105796 127632 269452
 1.3 105796 127632 269452
 1.3 105796 127632 269452
 1.3 105796 127632 269452
 1.3 105796 127632 269452
 1.3 105796 127632 269452
 1.3 105796 127632 269452
 1.3 105796 127632 269452
 1.3 105796 127632 269452
 1.3 105796 127632 269452
 1.3 105796 127632 269452
 1.3 105796 127632 269452
 1.3 105796 127632 269452
 1.3 105796 127632 269452
 1.3 105796 127632 269452
 1.3 105796 127632 269452
 1.3 105796 127632 269452
 1.3 105796 127632 269452
 1.3 105796 127632 269452
 1.3 105796 127632 269452
 1.3 105796 127632 269452
 1.3 105796 127632 269452
 1.3 105796 127632 269452
 1.3 105796 127632 269452
 1.3 105796 127632 269452
 1.3 105796 127632 269452
 1.3 105796 127632 269452
 1.3 105796 127632 269452
 1.3 105796 127632 269452
 1.3 105796 127632 269452
 1.3 105796 127632 269452
 1.3 105796 127632 269452
 1.3 105796 127632 269452
 1.3 105796 127632 269452
 1.3 105796 127632 269452
 1.3 105796 127632 269452
 1.3 105796 127632 269452
 1.3 105796 127632 269452
 1.3 105796 127632 269452
 1.3 105796 127632 269452
 1.3 105796 127632 269452
 1.3 105796 127632 269452
 1.3 105796 127632 269452
 1.3 105796 127632 269452
 1.3 105796 127632 269452
 1.3 105796 127632 269452
 1.3 105796 127632 269452
 1.3 105796 127632 269452
 1.3 105796 127632 269452
 1.3 105796 127632 269452
 1.3 105796 127632 269452
 1.3 105796 127632 269452
 1.3 105796 127632 269452
 1.3 105796 127632 269452
 1.3 105796 127632 269452
 1.3 105796 127632 269452
 1.3 105796 127632 269452
 1.3 105796 127632 269452
 1.3 105796 127632 269452
 1.3 105796 127632 269452
 1.3 105796 127632 269452
 1.3 105796 127632 269452
 1.3 105796 127632 269452
 1.3 105796 127632 269452
 1.3 105796 127632 269452
 1.3 105796 127632 269452
 1.3 105796 127632 269452
 1.3 105796 127632 269452
 1.3 105796 127632 269452
 1.3 105796 127632 269452
 1.3 105796 127632 269452
 1.3 105796 127632 269452
 1.3 105796 127632 269452
 1.3 105796 127632 269452
 1.3 105796 127632 269452
 1.3 105796 127632 269452
 1.3 105796 127632 269452
 1.3 105796 127632 269452
 1.3 105796 127632 269452
 1.3 105796 127632 269452
 1.3 105796 127632 269452
 1.3 105796 127632 269452
 1.3 105796 127632 269452
 1.3 105796 127632 269452
 1.3 105796 127632 269452
 1.3 105796 127632 269452
 1.3 105796 127632 269452
 1.3 105796 127632 269452
 1.3 105796 127632 269452
 1.3 105796 127632 269452
 1.3 105796 127632 269452
 1.3 105796 127632 269452
 1.3 105796 127632 269452
 1.3 105796 127632 269452
 1.3 105796 127632 269452
 1.3 105796 127632 269452
 1.3 105796 127632 269452
 1.3 105796 127632 269452
 1.3 105796 127632 269452
 1.3 105796 127632 269452
 1.3 105796 127632 269452
 1.3 105796 127632 269452
 1.3 105796 127632 269452
 1.3 105796 127632 269452
 1.3 105796 127632 269452
 1.3 105796 127632 269452
 1.3 105796 127632 269452
 1.3 105796 127632 269452
 1.3 105796 127632 269452
 1.3 105796 127632 269452
 1.3 105796 127632 269452
 1.3 105796 127632 269452
 1.3 105796 127632 269452
 1.3 105796 127632 269452
 1.3 105796 127632 269452
 1.3 105796 127632 269452
 1.3 105796 127632 269452
 1.3 105796 127632 269452
 1.3 105796 127632 269452
 1.3 105796 127632 269452
 1.3 105796 127632 269452
 1.3 105796 127632 269452
 1.3 105796 127632 269452
 1.3 105796 127632 269452
 1.3 105796 127632 269452
 1.3 105796 127632 269452
 1.3 105796 127632 269452
 1.3 105796 127632 269452
 1.3 105796 127632 269452
 1.3 105796 127632 269452
 1.3 105796 127632 269452
 1.3 105796 127632 269452
 1.3 105796 127632 269452
 1.3 105796 127632 269452
 1.3 105796 127632 269452
 1.3 105796 127632 269452
 1.3 105796 127632 269452
 1.3 105796 127632 269452
 1.3 105796 127632 269452
 1.3 105796 127632 269452
 1.3 105796 127632 269452
 1.3 105796 127632 269452
 1.3 105796 127632 269452
 1.3 105796 127632 269452
 1.3 105796 127632 269452
 1.3 105796 127632 269452
 1.3 105796 127632 269452
 1.3 105796 127632 269452
 1.3 105796 127632 269452
 1.3 105796 127632 269452
 1.3 105796 127632 269452
 1.3 105796 127632 269452
 1.3 105796 127632 269452
 1.3 105796 127632 269452
 1.3 105796 127632 269452
 1.3 105796 127632 269452
 1.3 105796 127632 269452
 1.3 105796 127632 269452
 1.3 105796 127632 269452
 1.3 105796 127632 269452
 1.3 105796 127632 269452
 1.3 105796 127632 269452
 1.3 105796 127632 269452
 1.3 105796 127632 269452
 1.3 105796 127632 269452
 1.3 105796 127632 269452
 1.3 105796 127632 269452
 1.3 105796 127632 269452
 1.3 105796 127632 269452
 1.3 105796 127632 269452
 1.3 105796 127632 269452
 1.3 105796 127632 269452
 1.3 105796 127632 269452
 1.3 105796 127632 269452
 1.3 105796 127632 269452
 1.3 105796 127632 269452
 1.3 105796 127632 269452
 1.3 105796 127632 269452
 1.3 105796 127632 269452
 1.3 105796 127632 269452
 1.3 105796 127632 269452
 1.3 105796 127632 269452
 1.3 105796 127632 269452
 1.3 105796 127632 269452
 1.3 105796 127632 269452
 1.3 105796 127632 269452
 1.3 105796 127632 269452
 1.3 105796 127632 269452
 1.3 105796 127632 269452
 1.3 105796 127632 269452
 1.3 105796 127632 269452
 1.3 105796 127632 269452
 1.3 105796 127632 269452
 1.3 105796 127632 269452
 1.3 105796 127632 269452
 1.3 105796 127632 269452
 1.3 105796 127632 269452
 1.3 105796 127632 269452
 1.3 105796 127632 269452
 1.3 105796 127632 269452
 1.3 105796 127632 269452
 1.3 105796 127632 269452
 1.3 105796 127632 269452
 1.3 105796 127632 269452
 1.3 105796 127632 269452
 1.3 105796 127632 269452
 1.3 105796 127632 269452
 1.3 105796 127632 269452
 1.3 105796 127632 269452
 1.3 105796 127632 269452
 1.3 105796 127632 269452
 1.3 105796 127632 269452
 1.3 105796 127632 269452
 1.3 105796 127632 269452
 1.3 105796 127632 269452
 1.3 105796 127632 269452
 1.3 105796 127632 269452
 1.3 105796 127632 269452
 1.3 105796 127632 269452
 1.3 105796 127632 269452
 1.3 105796 127632 269452
 1.3 105796 127632 269452
 1.3 105796 127632 269452
 1.3 105796 127632 269452
 1.3 105796 127632 269452
 1.3 105796 127632 269452
 1.3 105796 127632 269452
 1.3 105796 127632 269452
 1.3 105796 127632 269452
 1.3 105796 127632 269452
 1.3 105796 127632 269452
 1.3 105796 127632 269452
 1.3 105796 127632 269452
 1.3 105796 127632 269452
 1.3 105796 127632 269452
 1.3 105796 127632 269452
 1.3 105796 127632 269452
 1.3 105796 127632 269452
 1.3 105796 127632 269452
 1.3 105796 127632 269452
 1.3 105796 127632 269452
 1.3 105796 127632 269452
 1.3 105796 127632 269452
 1.3 105796 127632 269452
 1.3 105796 127632 269452
 1.3 105796 127632 269452
 1.3 105796 127632 269452
 1.3 105796 127632 269452
 1.3 105796 127632 269452
 1.3 105796 127632 269452
 1.3 105796 127632 269452
 1.3 105796 127632 269452
 1.3 105796 127632 269452
 1.3 105796 127632 269452
 1.3 105796 127632 269452
 1.3 105796 127632 269452
 1.3 105796 127632 269452
 1.3 105796 127632 269452
 1.3 105796 127632 269452
 1.3 105796 127632 269452
 1.3 105796 127632 269452
 1.3 105796 127632 269452
 1.3 105796 127632 269452
 1.3 105796 127632 269452
 1.3 105796 127632 269452
 1.3 105796 127632 269452
 1.3 105796 127632 269452
 1.3 105796 127632 269452
 1.3 105796 127632 269452
 1.3 105796 127632 269452
 1.3 105796 127632 269452
 1.3 105796 127632 269452
 1.3 105796 127632 269452
 1.3 105796 127632 269452
 1.3 105796 127632 269452
 1.3 105796 127632 269452
 1.3 105796 127632 269452
 1.3 105796 127632 269452
 1.3 105796 127632 269452
 1.3 105796 127632 269452
 1.3 105796 127632 269452
 1.3 105796 127632 269452
 1.3 105796 127632 269452
 1.3 105796 127632 269452
 1.3 105796 127632 269452
 1.3 105796 127632 269452
 1.3 105796 127632 269452
 1.3 105796 127632 269452
 1.3 105796 127632 269452
 1.3 105796 127632 269452
 1.3 105796 127632 269452
 1.3 105796 127632 269452
 1.3 105796 127632 269452
 1.3 105796 127632 269452
 1.3 105796 127632 269452
 1.3 105796 127632 269452
 1.3 105796 127632 269452
 1.3 105796 127632 269452
 1.3 105796 127632 269452
 1.3 105796 127632 269452
 1.3 105796 127632 269452
 1.3 105796 127632 269452
 1.3 105796 127632 269452
 1.3 105796 127632 269452
 1.3 105796 127632 269452
 1.3 105796 127632 269452
 1.3 105796 127632 269452
 1.3 105796 127632 269452
 1.3 105796 127632 269452
 1.3 105796 127632 269452
 1.3 105796 127632 269452
 1.3 105796 127632 269452
 1.3 105796 127632 269452
 1.3 105796 127632 269452
 1.3 105796 127632 269452
 1.3 105796 127632 269452
 1.3 105796 127632 269452
 1.3 105796 127632 269452
 1.3 105796 127632 269452
 1.3 105796 127632 269452
 1.3 105796 127632 269452
 1.3 105796 127632 269452
 1.3 105796 127632 269452
 1.3 105796 127632 269452
 1.3 105796 127632 269452
 1.3 105796 127632 269452
 1.3 105796 127632 269452
 1.3 105796 127632 269452
 1.3 105796 127632 269452
 1.3 105796 127632 269452
 1.3 105796 127632 269452
 1.3 105796 127632 269452
 1.3 105796 127632 269452
 1.3 105796 127632 269452
 1.3 105796 127632 269452
 1.3 105796 127632 269452
 1.3 105796 127632 269452
 1.3 105796 127632 269452
 1.3 105796 127632 269452
 1.3 105796 127632 269452
 1.3 105796 127632 269452
 1.3 105796 127632 269452
 1.3 105796 127632 269452
 1.3 105796 127632 269452
 1.3 105796 127632 269452
 1.3 105796 127632 269452
 1.3 105796 127632 269452
 1.3 105796 127632 269452
 1.3 105796 127632 269452
 1.3 105796 127632 269452
 1.3 105796 127632 269452
 1.3 105796 127632 269452
 1.3 105796 127632 269452
 1.3 105796 127632 269452
 1.3 105796 127632 269452
 1.3 105796 127632 269452
 1.3 105796 127632 269452
 1.3 105796 127632 269452
 1.3 105796 127632 269452
 1.3 105796 127632 269452
 1.3 105796 127632 269452
 1.3 105796 127632 269452
 1.3 105796 127632 269452
 1.3 105796 127632 269452
 1.3 105796 127632 269452
 1.3 105796 127632 269452
 1.3 105796 127632 269452
 1.3 105796 127632 269452
 1.3 105796 127632 269452
 1.3 105796 127632 269452
 1.3 105796 127632 269452
 1.3 105796 127632 269452
 1.3 105796 127632 269452
 1.3 105796 127632 269452
 1.3 105796 127632 269452
 1.3 105796 127632 269452
 1.3 105796 127632 269452
 1.3 105796 127632 269452
 1.3 105796 127632 269452
 1.3 105796 127632 269452
 1.3 105796 127632 269452
 1.3 105796 127632 269452
 1.3 105796 127632 269452
 1.3 105796 127632 269452
 1.3 105796 127632 269452
 1.3 105796 127632 269452
 1.3 105796 127632 269452
 1.3 105796 127632 269452
 1.3 105796 127632 269452
 1.3 105796 127632 269452
 1.3 105796 127632 269452
 1.3 105796 127632 269452
 1.3 105796 127632 269452
 1.3 105796 127632 269452
 1.3 105796 127632 269452
 1.3 105796 127632 269452
 1.3 105796 127632 269452
 1.3 105796 127632 269452
 1.3 105796 127632 269452
 1.3 105796 127632 269452
 1.3 105796 127632 269452
 1.3 105796 127632 269452
 1.3 105796 127632 269452
 1.3 105796 127632 269452
 1.3 105796 127632 269452
 1.3 105796 127632 269452
 1.3 105796 127632 269452
 1.3 105796 127632 269452
 1.3 105796 127632 269452
 1.3 105796 127632 269452
 1.3 105796 127632 269452
 1.3 105796 127632 269452
 1.3 105796 127632 269452
 1.3 105796 127632 269452
 1.3 105796 127632 269452
 1.3 105796 127632 269452
 1.3 105796 127632 269452
 1.3 105796 127632 269452
 1.3 105796 127632 269452
 1.3 105796 127632 269452
 1.3 105796 127632 269452
 1.3 105796 127632 269452
 1.3 105796 127632 269452
 1.3 105796 127632 269452
 1.3 105796 127632 269452
 1.3 105796 127632 269452
 1.3 105796 127632 269452
 1.3 105796 127632 269452
 1.3 105796 127632 269452
 1.3 105796 127632 269452
 1.3 105796 127632 269452
 1.3 105796 127632 269452
 1.3 105796 127632 269452
 1.3 105796 127632 269452
 1.3 105796 127632 269452
 1.3 105796 127632 269452
 1.3 105796 127632 269452
 1.3 105796 127632 269452
 1.3 105796 127632 269452
 1.3 105796 127632 269452
 1.3 105796 127632 269452
 1.3 105796 127632 269452
 1.3 105796 127632 269452
 1.3 105796 127632 269452
 1.3 105796 127632 269452
 1.3 105796 127632 269452
 1.3 105796 127632 269452
 1.3 105796 127632 269452
 1.3 105796 127632 269452
 1.3 105796 127632 269452
 1.3 105796 127632 269452
 1.3 105796 127632 269452
 1.3 105796 127632 269452
 1.3 105796 127632 269452
 1.3 105796 127632 269452
 1.3 105796 127632 269452
 1.3 105796 127632 269452
 1.3 105796 127632 269452
 1.3 105796 127632 269452
 1.3 105796 127632 269452
 1.3 105796 127632 269452
 1.3 105796 127632 269452
 1.3 105796 127632 269452
 1.3 105796 127632 269452
 1.3 105796 127632 269452
 1.3 105796 127632 269452
 1.3 105796 127632 269452
 1.3 105796 127632 269452
 1.3 105796 127632 269452
 1.3 105796 127632 269452
 1.3 105796 127632 269452
 1.3 105796 127632 269452
 1.3 105796 127632 269452
 1.3 105796 127632 269452
 1.3 105796 127632 269452
 1.3 105796 127632 269452
 1.3 105796 127632 269452
 1.3 105796 127632 269452
 1.3 105796 127632 269452
 1.3 105796 127632 269452
 1.3 105796 127632 269452
 1.3 105796 127632 269452
 1.3 105796 127632 269452
 1.3 105796 127632 269452
 1.3 105796 127632 269452
 1.3 105796 127632 269452
 1.3 105796 127632 269452
 1.3 105796 127632 269452
 1.3 105796 127632 269452
 1.3 105796 127632 269452
 1.3 105796 127632 269452
 1.3 105796 127632 269452
 1.3 105796 127632 269452
 1.3 105796 127632 269452
 1.3 105796 127632 269452
 1.3 105796 127632 269452
 1.3 105796 127632 269452
 1.3 105796 127632 269452
 1.3 105796 127632 269452
 1.3 105796 127632 269452
 1.3 105796 127632 269452
 1.3 105796 127632 269452
 1.3 105796 127632 269452
 1.3 105796 127632 269452
 1.3 105796 127632 269452
 1.3 105796 127632 269452
 1.3 105796 127632 269452
 1.3 105796 127632 269452
 1.3 105796 127632 269452
 1.3 105796 127632 269452
 1.3 105796 127632 269452
 1.3 105796 127632 269452
 1.3 105796 127632 269452
 1.3 105796 127632 269452
 1.3 105796 127632 269452
 1.3 105796 127632 269452
 1.3 105796 127632 269452
 1.3 105796 127632 269452
 1.3 105796 127632 269452
 1.3 105796 127632 269452
 1.3 105796 127632 269452
 1.3 105796 127632 269452
 1.3 105796 127632 269452
 1.3 105796 127632 269452
 1.3 105796 127632 269452
 1.3 105796 127632 269452
 1.3 105796 127632 269452
 1.3 105796 127632 269452
 1.3 105796 127632 269452
 1.3 105796 127632 269452
 1.3 105796 127632 269452
 1.3 105796 127632 269452
 1.3 105796 127632 269452
 1.3 105796 127632 269452
 1.3 105796 127632 269452
 1.3 105796 127632 269452
 1.3 105796 127632 269452
 1.3 105796 127632 269452
 1.3 105796 127632 269452
 1.3 105796 127632 269452
 1.3 105796 127632 269452
 1.3 105796 127632 269452
 1.3 105796 127632 269452
 1.3 105796 127632 269452
 1.3 105796 127632 269452
 1.3 105796 127632 269452
 1.3 105796 127632 269452
 1.3 105796 127632 269452
 1.3 105796 127632 269452
 1.3 105796 127632 269452
 1.3 105796 127632 269452
 1.3 105796 127632 269452
 1.3 105796 127632 269452
 1.3 105796 127632 269452
 1.3 105796 127632 269452
 1.3 105796 127632 269452
 1.3 105796 127632 269452
 1.3 105796 127632 269452
 1.3 105796 127632 269452
 1.3 105796 127632 269452
 1.3 105796 127632 269452
 1.3 105796 127632 269452
 1.3 105796 127632 269452
 1.3 105796 127632 269452
 1.3 105796 127632 269452
 1.3 105796 127632 269452
 1.3 105796 127632 269452
 1.3 105796 127632 269452
 1.3 105796 127632 269452
 1.3 105796 127632 269452
 1.3 105796 127632 269452
 1.3 105796 127632 269452
 1.3 105796 127632 269452
 1.3 105796 127632 269452
 1.3 105796 127632 269452
 1.3 105796 127632 269452
 1.3 105796 127632 269452
 1.3 105796 127632 269452
 1.3 105796 127632 269452
 1.3 105796 127632 269452
 1.3 105796 127632 269452
 1.3 105796 127632 269452
 1.3 105796 127632 269452
 1.3 105796 127632 269452
 1.3 105796 127632 269452
 1.3 105796 127632 269452
 1.3 105796 127632 269452
 1.3 105796 127632 269452
 1.3 105796 127632 269452
 1.3 105796 127632 269452
 1.3 105796 127632 269452
 1.3 105796 127632 269452
 1.3 105796 127632 269452
 1.3 105796 127632 269452
 1.3 105796 127632 269452
 1.3 105796 127632 269452
 1.3 105796 127632 269452
 1.3 105796 127632 269452
 1.3 105796 127632 269452
 1.3 105796 127632 269452
 1.3 105796 127632 269452
 1.3 105796 127632 269452
 1.3 105796 127632 269452
 1.3 105796 127632 269452
 1.3 105796 127632 269452
 1.3 105796 127632 269452
 1.3 105796 127632 269452
 1.3 105796 127632 269452
 1.3 105796 127632 269452
 1.3 105796 127632 269452
 1.3 105796 127632 269452
 1.3 105796 127632 269452
 1.3 105796 127632 269452
 1.3 105796 127632 269452
 1.3 105796 127632 269452
 1.3 105796 127632 269452
 1.3 105796 127632 269452
 1.3 105796 127632 269452
 1.3 105796 127632 269452
 1.3 105796 127632 269452
 1.3 105796 127632 269452
 1.3 105796 127632 269452
 1.3 105796 127632 269452
 1.3 105796 127632 269452
 1.3 105796 127632 269452
 1.3 105796 127632 269452
 1.3 105796 127632 269452
 1.3 105796 127632 269452
 1.3 105796 127632 269452
 1.3 105796 127632 269452
 1.3 105796 127632 269452
 1.3 105796 127632 269452
 1.3 105796 127632 269452
 1.3 105796 127632 269452
 1.3 105796 127632 269452
 1.3 105796 127632 269452
 1.3 105796 127632 269452
 1.3 105796 127632 269452
 1.3 105796 127632 269452
 1.3 105796 127632 269452
 1.3 105796 127632 269452
 1.3 105796 127632 269452
 1.3 105796 127632 269452
 1.3 105796 127632 269452
 1.3 105796 127632 269452
 1.3 105796 127632 269452
 1.3 105796 127632 269452
 1.3 105796 127632 269452
 1.3 105796 127632 269452
 1.3 105796 127632 269452
 1.3 105796 127632 269452
 1.3 105796 127632 269452
 1.3 105796 127632 269452
 1.3 105796 127632 269452
 1.3 105796 127632 269452
 1.3 105796 127632 269452
 1.3 105796 127632 269452
 1.3 105796 127632 269452
 1.3 105796 127632 269452
 1.3 105796 127632 269452
 1.3 105796 127632 269452
 1.3 105796 127632 269452
 1.3 105796 127632 269452
 1.3 105796 127632 269452
 1.3 105796 127632 269452
 1.3 105796 127632 269452
 1.3 105796 127632 269452
 1.3 105796 127632 269452
 1.3 105796 127632 269452
 1.3 105796 127632 269452
 1.3 105796 127632 269452
 1.3 105796 127632 269452
 1.3 105796 127632 269452
 1.3 105796 127632 269452
 1.3 105796 127632 269452
 1.3 105796 127632 269452
 1.3 105796 127632 269452
 1.3 105796 127632 269452
 1.3 105796 127632 269452
 1.3 105796 127632 269452
 1.3 105796 127632 269452
 1.3 105796 127632 269452
 1.3 105796 127632 269452
 1.3 105796 127632 269452
 1.3 105796 127632 269452
 1.3 105796 127632 269452
 1.3 105796 127632 269452
 1.3 105796 127632 269452
 1.3 105796 127632 269452
 1.3 105796 127632 269452
 1.3 105796 127632 269452
 1.3 105796 127632 269452
 1.3 105796 127632 269452
 1.3 105796 127632 269452
 1.3 105796 127632 269452
 1.3 105796 127632 269452
 1.3 105796 127632 269452
 1.3 105796 127632 269452
 1.3 105796 127632 269452
 1.3 105796 127632 269452
 1.3 105796 127632 269452
 1.3 105796 127632 269452
 1.3 105796 127632 269452
 1.3 105796 127632 269452
 1.3 105796 127632 269452
 1.3 105796 127632 269452
 1.3 105796 127632 269452
 1.3 105796 127632 269452
 1.3 105796 127632 269452
 1.3 105796 127632 269452
 1.3 105796 127632 269452
 1.3 105796 127632 269452
 1.3 105796 127632 269452
 1.3 105796 127632 269452
 1.3 105796 127632 269452
 1.3 105796 127632 269452
 1.3 105796 127632 269452
 1.3 105796 127632 269452
 1.3 105796 127632 269452
 1.3 105796 127632 269452
 1.3 105796 127632 269452
 1.3 105796 127632 269452
 1.3 105796 127632 269452
 1.3 105796 127632 269452
 1.3 105796 127632 269452
 1.3 105796 127632 269452
 1.3 105796 127632 269452
 1.3 105796 127632 269452
 1.3 105796 127632 269452
 1.3 105796 127632 269452
 1.3 105796 127632 269452
 1.3 105796 127632 269452
 1.3 105796 127632 269452
 1.3 105796 127632 269452
 1.3 105796 127632 269452
 1.3 105796 127632 269452
 1.3 105796 127632 269452
 1.3 105796 127632 269452
 1.3 105796 127632 269452
 1.3 105796 127632 269452
 1.3 105796 127632 269452
 1.3 105796 127632 269452
 1.3 105796 127632 269452
 1.3 105796 127632 269452
 1.3 105796 127632 269452
 1.3 105796 127632 269452
 1.3 105796 127632 269452
 1.3 105796 127632 269452
 1.3 105796 127632 269452
 1.3 105796 127632 269452
 1.3 105796 127632 269452
 1.3 105796 127632 269452
 1.3 105796 127632 269452
 1.3 105796 127632 269452
 1.3 105796 127632 269452
 1.3 105796 127632 269452
 1.3 105796 127632 269452
 1.3 105796 127632 269452
 1.3 105796 127632 269452
 1.3 105796 127632 269452
 1.3 105796 127632 269452
 1.3 105796 127632 269452
 1.3 105796 127632 269452
 1.3 105796 127632 269452
 1.3 105796 127632 269452
 1.3 105796 127632 269452
 1.3 105796 127632 269452
 1.3 105796 127632 269452
 1.3 105796 127632 269452
 1.3 105796 127632 269452
 1.3 105796 127632 269452
 1.3 105796 127632 269452
 1.3 105796 127632 269452
 1.3 105796 127632 269452
 1.3 105796 127632 269452
 1.3 105796 127632 269452
 1.3 105796 127632 269452
 1.3 105796 127632 269452
 1.3 105796 127632 269452
 1.3 105796 127632 269452
 1.3 105796 127632 269452
 1.3 105796 127632 269452
 1.3 105796 127632 269452
 1.3 105796 127632 269452
 1.3 105796 127632 269452
 1.3 105796 127632 269452
 1.3 105796 127632 269452
 1.3 105796 127632 269452
 1.3 105796 127632 269452
 1.3 105796 127632 269452
 1.3 105796 127632 269452
 1.3 105796 127632 269452
 1.3 105796 127632 269452
 1.3 105796 127632 269452
 1.3 105796 127632 269452
 1.3 105796 127632 269452
 1.3 105796 127632 269452
 1.3 105796 127632 269452
 1.3 105796 127632 269452
 1.3 105796 127632 269452
 1.3 105796 127632 269452
 1.3 105796 127632 269452
 1.3 105796 127632 269452
 1.3 105796 127632 269452
 1.3 105796 127632 269452
 1.3 105796 127632 269452
 1.3 105796 127632 269452
 1.3 105796 127632 269452
 1.3 105796 127632 269452
 1.3 105796 127632 269452
 1.3 105796 127632 269452
 1.3 105796 127632 269452
 1.3 105796 127632 269452
 1.3 105796 127632 269452
 1.3 105796 127632 269452
 1.3 105796 127632 269452
 1.3 105796 127632 269452
 1.3 105796 127632 269452
 1.3 105796 127632 269452
 1.3 105796 127632 269452
 1.3 105796 127632 269452
 1.3 105796 127632 269452
 1.3 105796 127632 269452
 1.3 105796 127632 269452
 1.3 105796 127632 269452
 1.3 105796 127632 269452
 1.3 105796 127632 269452
 1.3 105796 127632 269452
 1.3 105796 127632 269452
 1.3 105796 127632 269452
 1.3 105796 127632 269452
 1.3 105796 127632 269452
 1.3 105796 127632 269452
 1.3 105796 127632 269452
 1.3 105796 127632 269452
 1.3 105796 127632 269452
 1.3 105796 127632 269452
 1.3 105796 127632 269452
 1.3 105796 127632 269452
 1.3 105796 127632 269452
 1.3 105796 127632 269452
 1.3 105796 127632 269452
 0.4 33000 57248 199068
 0.8 71128 95672 237492
 1.2 101224 127824 269644
 1.3 105976 127824 269644
 1.3 105976 127824 269644
 1.3 105976 127824 269644
 1.3 105976 127824 269644
 1.3 105976 127824 269644
 1.3 105976 127824 269644
 1.3 105976 127824 269644
 1.3 105976 127824 269644
 1.3 105976 127824 269644
 1.3 105976 127824 269644
 1.3 105976 127824 269644
 1.3 105976 127824 269644
 1.3 105976 127824 269644
 1.3 105976 127824 269644
 1.3 105976 127824 269644
 1.3 105976 127824 269644
 1.3 105976 127824 269644
 1.3 105976 127824 269644
 1.3 105976 127824 269644
 1.3 105976 127824 269644
 1.3 105976 127824 269644
 1.3 105976 127824 269644
 1.3 105976 127824 269644
 1.3 105976 127824 269644
 1.3 105976 127824 269644
 1.3 105976 127824 269644
 1.3 105976 127824 269644
 1.3 105976 127824 269644
 1.3 105976 127824 269644
 1.3 105976 127824 269644
 1.3 105976 127824 269644
 1.3 105976 127824 269644
 1.3 105976 127824 269644
 1.3 105976 127824 269644
 1.3 105976 127824 269644
 1.3 105976 127824 269644
 1.3 105976 127824 269644
 1.3 105976 127824 269644
 1.3 105976 127824 269644
 1.3 105976 127824 269644
 1.3 105976 127824 269644
 1.3 105976 127824 269644
 1.3 105976 127824 269644
 1.3 105976 127824 269644
 1.3 105976 127824 269644
 1.3 105976 127824 269644
 1.3 105976 127824 269644
 1.3 105976 127824 269644
 1.3 105976 127824 269644
 1.3 105976 127824 269644
 1.3 105976 127824 269644
 1.3 105976 127824 269644
 1.3 105976 127824 269644
 1.3 105976 127824 269644
 1.3 105976 127824 269644
 1.3 105976 127824 269644
 1.3 105976 127824 269644
 1.3 105976 127824 269644
 1.3 105976 127824 269644
 1.3 105976 127824 269644
 1.3 105976 127824 269644
 1.3 105976 127824 269644
 1.3 105976 127824 269644
 1.3 105976 127824 269644
 1.3 105976 127824 269644
 1.3 105976 127824 269644
 1.3 105976 127824 269644
 1.3 105976 127824 269644
 0.1 10060 31764 173584
 0.5 43620 70128 211948
 1.0 81228 108552 250372
 1.3 106044 127764 269584
 1.3 106044 127764 269584
 1.3 106044 127764 269584
 1.3 106044 127764 269584
 1.3 106044 127764 269584
 1.3 106044 127764 269584
 1.3 106044 127764 269584
 1.3 106044 127764 269584
 1.3 106044 127764 269584
 1.3 106044 127764 269584
 1.3 106044 127764 269584
 1.3 106044 127764 269584
 1.3 106044 127764 269584
 1.3 106044 127764 269584
 1.3 106044 127764 269584
 1.3 106044 127764 269584
 1.3 106044 127764 269584
 1.3 106044 127764 269584
 1.3 106044 127764 269584
 1.3 106044 127764 269584
 1.3 106044 127764 269584
 1.3 106044 127764 269584
 1.3 106044 127764 269584
 1.3 106044 127764 269584
 1.3 106044 127764 269584
 1.3 106044 127764 269584
 1.3 106044 127764 269584
 1.3 106044 127764 269584
 1.3 106044 127764 269584
 1.3 106044 127764 269584
 1.3 106044 127764 269584
 1.3 106044 127764 269584
 1.3 106044 127764 269584
 1.3 106044 127764 269584
 1.3 106044 127764 269584
 1.3 106044 127764 269584
 1.3 106044 127764 269584
 1.3 106044 127764 269584
 1.3 106044 127764 269584
 1.3 106044 127764 269584
 1.3 106044 127764 269584
 1.3 106044 127764 269584
 1.3 106044 127764 269584
 1.3 106044 127764 269584
 1.3 106044 127764 269584
 1.3 106044 127764 269584
 1.3 106044 127764 269584
 1.3 106044 127764 269584
 1.3 106044 127764 269584
 1.3 106044 127764 269584
 1.3 106044 127764 269584
 1.3 106044 127764 269584
 1.3 106044 127764 269584
 1.3 106044 127764 269584
 1.3 106044 127764 269584
 1.3 106044 127764 269584
 1.3 106044 127764 269584
 1.3 106044 127764 269584
 1.3 106044 127764 269584
 1.3 106044 127764 269584
 1.3 106044 127764 269584
 1.3 106044 127764 269584
 1.3 106044 127764 269584
 1.3 106044 127764 269584
 1.3 106044 127764 269584
 1.3 106044 127764 269584
 1.3 106044 127764 269584
 1.3 106044 127764 269584
 1.3 106044 127764 269584
 1.3 106044 127764 269584
 0.4 36160 63724 205544
 0.9 76272 102148 243968
 1.3 105840 127764 269584
 1.3 105840 127764 269584
 1.3 105840 127764 269584
 1.3 105840 127764 269584
 1.3 105840 127764 269584
 1.3 105840 127764 269584
 1.3 105840 127764 269584
 1.3 105840 127764 269584
 1.3 105840 127764 269584
 1.3 105840 127764 269584
 1.3 105840 127764 269584
 1.3 105840 127764 269584
 1.3 105840 127764 269584
 1.3 105840 127764 269584
 1.3 105840 127764 269584
 1.3 105840 127764 269584
 1.3 105840 127764 269584
 1.3 105840 127764 269584
 1.3 105840 127764 269584
 1.3 105840 127764 269584
 1.3 105840 127764 269584
 1.3 105840 127764 269584
 1.3 105840 127764 269584
 1.3 105840 127764 269584
 1.3 105840 127764 269584
 1.3 105840 127764 269584
 1.3 105840 127764 269584
 1.3 105840 127764 269584
 1.3 105840 127764 269584
 1.3 105840 127764 269584
 1.3 105840 127764 269584
 1.3 105840 127764 269584
 1.3 105840 127764 269584
 1.3 105840 127764 269584
 1.3 105840 127764 269584
 1.3 105840 127764 269584
 1.3 105840 127764 269584
 1.3 105840 127764 269584
 1.3 105840 127764 269584
 1.3 105840 127764 269584
 1.3 105840 127764 269584
 1.3 105840 127764 269584
 1.3 105840 127764 269584
 1.3 105840 127764 269584
 1.3 105840 127764 269584
 1.3 105840 127764 269584
 1.3 105840 127764 269584
 1.3 105840 127764 269584
 1.3 105840 127764 269584
 1.3 105840 127764 269584
 1.3 105840 127764 269584
 1.3 105840 127764 269584
 1.3 105840 127764 269584
 1.3 105840 127764 269584
 1.3 105840 127764 269584
 1.3 105840 127764 269584
 1.3 105840 127764 269584
 1.3 105840 127764 269584
 1.3 105840 127764 269584
 1.3 105840 127764 269584
 1.3 105840 127764 269584
 1.3 105840 127764 269584
 1.3 105840 127764 269584
 1.3 105840 127764 269584
 1.3 105840 127764 269584
 1.3 105840 127764 269584
 1.3 105840 127764 269584
 1.3 105840 127764 269584
 1.3 105840 127764 269584
 0.3 26384 127764 269584
 0.0  3716 25304 167124
 0.4 37804 76512 218332
 1.2 98976 127720 269540
 1.3 106104 127720 269540
 1.3 106104 127720 269540
 1.3 106104 127720 269540
 1.3 106104 127720 269540
 1.3 106104 127720 269540
 1.3 106104 127720 269540
 1.3 106104 127720 269540
 1.3 106104 127720 269540
 1.3 106104 127720 269540
 1.3 106104 127720 269540
 1.3 106104 127720 269540
 1.3 106104 127720 269540
 1.3 106104 127720 269540
 1.3 106104 127720 269540
 1.3 106104 127720 269540
 1.3 106104 127720 269540
 1.3 106104 127720 269540
 1.3 106104 127720 269540
 1.3 106104 127720 269540
 1.3 106104 127720 269540
 1.3 106104 127720 269540
 1.3 106104 127720 269540
 1.3 106104 127720 269540
 1.3 106104 127720 269540
 1.3 106104 127720 269540
 1.3 106104 127720 269540
 1.3 106104 127720 269540
 1.3 106104 127720 269540
 1.3 106104 127720 269540
 1.3 106104 127720 269540
 1.3 106104 127720 269540
 1.3 106104 127720 269540
 1.3 106104 127720 269540
 1.3 106104 127720 269540
 1.3 106104 127720 269540
 1.3 106104 127720 269540
 1.3 106104 127720 269540
 1.3 106104 127720 269540
 1.3 106104 127720 269540
 1.3 106104 127720 269540
 1.3 106104 127720 269540
 1.3 106104 127720 269540
 1.3 106104 127720 269540
 1.3 106104 127720 269540
 1.3 106104 127720 269540
 1.3 106104 127720 269540
 1.3 106104 127720 269540
 1.3 106104 127720 269540
 1.3 106104 127720 269540
 1.3 106104 127720 269540
 1.3 106104 127720 269540
 1.3 106104 127720 269540
 1.3 106104 127720 269540
 1.3 106104 127720 269540
 1.3 106104 127720 269540
 1.3 106104 127720 269540
 1.3 106104 127720 269540
 1.3 106104 127720 269540
 1.3 106104 127720 269540
 1.3 106104 127720 269540
 1.3 106104 127720 269540
 1.3 106104 127720 269540
 1.3 106104 127720 269540
 1.3 106104 127720 269540
 1.3 106104 127720 269540
 1.3 106104 127720 269540
 1.3 106104 127720 269540
 1.3 106104 127720 269540
 1.3 106104 127720 269540
 1.3 106104 127720 269540
 1.3 106104 127720 269540
 1.3 106104 127720 269540
 1.3 106104 127720 269540
 1.3 106104 127720 269540
 1.3 106104 127720 269540
 1.3 106104 127720 269540
 1.3 106104 127720 269540
 1.3 106104 127720 269540
 1.3 106104 127720 269540
 1.3 106104 127720 269540
 1.3 106104 127720 269540
 1.3 106104 127720 269540
 1.3 106104 127720 269540
 1.3 106104 127720 269540
 1.3 106104 127720 269540
 1.3 106104 127720 269540
 1.3 106104 127720 269540
 1.3 106104 127720 269540
 1.3 106104 127720 269540
 1.3 106104 127720 269540
 1.3 106104 127720 269540
 1.3 106104 127720 269540
 1.3 106104 127720 269540
 1.3 106104 127720 269540
 1.3 106104 127720 269540
 1.3 106104 127720 269540
 1.3 106104 127720 269540
 1.3 106104 127720 269540
 1.3 106104 127720 269540
 1.3 106104 127720 269540
 1.3 106104 127720 269540
 1.3 106104 127720 269540
 1.3 106104 127720 269540
 1.3 106104 127720 269540
 1.3 106104 127720 269540
 1.3 106104 127720 269540
 1.3 106104 127720 269540
 1.3 106104 127720 269540
 1.3 106104 127720 269540
 1.3 106104 127720 269540
 1.3 106104 127720 269540
 1.3 106104 127720 269540
 1.3 106104 127720 269540
 1.3 106104 127720 269540
 1.3 106104 127720 269540
 1.3 106104 127720 269540
 1.3 106104 127720 269540
 1.3 106104 127720 269540
 1.3 106104 127720 269540
 1.3 106104 127720 269540
 1.3 106104 127720 269540
 1.3 106104 127720 269540
 1.3 106104 127720 269540
 1.3 106104 127720 269540
 1.3 106104 127720 269540
 1.3 106104 127720 269540
 1.3 106104 127720 269540
 1.3 106104 127720 269540
 1.3 106104 127720 269540
 1.3 106104 127720 269540
 1.3 106104 127720 269540
 1.3 106104 127720 269540
 1.3 106104 127720 269540
 1.3 106104 127720 269540
 1.3 106104 127720 269540
 1.3 106104 127720 269540
 1.3 106104 127720 269540
 1.3 106104 127720 269540
 1.3 106104 127720 269540
 1.3 106104 127720 269540
 1.3 106104 127720 269540
 1.3 106104 127720 269540
 1.3 106104 127720 269540
 1.3 106104 127720 269540
 1.3 106104 127720 269540
 1.3 106104 127720 269540
 1.3 106104 127720 269540
 1.3 106104 127720 269540
 1.3 106104 127720 269540
 1.3 106104 127720 269540
 1.3 106104 127720 269540
 1.3 106104 127720 269540
 1.3 106104 127720 269540
 1.3 106104 127720 269540
 1.3 106104 127720 269540
 1.3 106104 127720 269540
 1.3 106104 127720 269540
 1.3 106104 127720 269540
 1.3 106104 127720 269540
 1.3 106104 127720 269540
 1.3 106104 127720 269540
 1.3 106104 127720 269540
 1.3 106104 127720 269540
 1.3 106104 127720 269540
 1.3 106104 127720 269540
 1.3 106104 127720 269540
 1.3 106104 127720 269540
 1.3 106104 127720 269540
 1.3 106104 127720 269540
 1.3 106104 127720 269540
 1.3 106104 127720 269540
 1.3 106104 127720 269540
 1.3 106104 127720 269540
 1.3 106104 127720 269540
 1.3 106104 127720 269540
 1.3 106104 127720 269540
 1.3 106104 127720 269540
 1.3 106104 127720 269540
 1.3 106104 127720 269540
 1.3 106104 127720 269540
 1.3 106104 127720 269540
 1.3 106104 127720 269540
 1.3 106104 127720 269540
 1.3 106104 127720 269540
 1.3 106104 127720 269540
 1.3 106104 127720 269540
 1.3 106104 127720 269540
 1.3 106104 127720 269540
 1.3 106104 127720 269540
 1.3 106104 127720 269540
 1.3 106104 127720 269540
 1.3 106104 127720 269540
 1.3 106104 127720 269540
 1.3 106104 127720 269540
 1.3 106104 127720 269540
 1.3 106104 127720 269540
 1.3 106104 127720 269540
 1.3 106104 127720 269540
 1.3 106104 127720 269540
 1.3 106104 127720 269540
 1.3 106104 127720 269540
 1.3 106104 127720 269540
 1.3 106104 127720 269540
 1.3 106104 127720 269540
 1.3 106104 127720 269540
 1.3 106104 127720 269540
 1.3 106104 127720 269540
 1.3 106104 127720 269540
 1.3 106104 127720 269540
 1.3 106104 127720 269540
 1.3 106104 127720 269540
 1.3 106104 127720 269540
 1.3 106104 127720 269540
 1.3 106104 127720 269540
 1.3 106104 127720 269540
 1.3 106104 127720 269540
 1.3 106104 127720 269540
 1.3 106104 127720 269540
 1.3 106104 127720 269540
 1.3 106104 127720 269540
 1.3 106104 127720 269540
 1.3 106104 127720 269540
 1.3 106104 127720 269540
 1.3 106104 127720 269540
 1.3 106104 127720 269540
 1.3 106104 127720 269540
 1.3 106104 127720 269540
 1.3 106104 127720 269540
 1.3 106104 127720 269540
 1.3 106104 127720 269540
 1.3 106104 127720 269540
 1.3 106104 127720 269540
 1.3 106104 127720 269540
 1.3 106104 127720 269540
 1.3 106104 127720 269540
 1.3 106104 127720 269540
 1.3 106104 127720 269540
 1.3 106104 127720 269540
 1.3 106104 127720 269540
 1.3 106104 127720 269540
 1.3 106104 127720 269540
 1.3 106104 127720 269540
 1.3 106104 127720 269540
 1.3 106104 127720 269540
 1.3 106104 127720 269540
 1.3 106104 127720 269540
 1.3 106104 127720 269540
 1.3 106104 127720 269540
 1.3 106104 127720 269540
 1.3 106104 127720 269540
 1.3 106104 127720 269540
 1.3 106104 127720 269540
 1.3 106104 127720 269540
 1.3 106104 127720 269540
 1.3 106104 127720 269540
 1.3 106104 127720 269540
 1.3 106104 127720 269540
 1.3 106104 127720 269540
 1.3 106104 127720 269540
 1.3 106104 127720 269540
 1.3 106104 127720 269540
 1.3 106104 127720 269540
 1.3 106104 127720 269540
 1.3 106104 127720 269540
 1.3 106104 127720 269540
 1.3 106104 127720 269540
 1.3 106104 127720 269540
 1.3 106104 127720 269540
 1.3 106104 127720 269540
 1.3 106104 127720 269540
 1.3 106104 127720 269540
 1.3 106104 127720 269540
 1.3 106104 127720 269540
 1.3 106104 127720 269540
 1.3 106104 127720 269540
 1.3 106104 127720 269540
 1.3 106104 127720 269540
 1.3 106104 127720 269540
 1.3 106104 127720 269540
 1.3 106104 127720 269540
 1.3 106104 127720 269540
 1.3 106104 127720 269540
 1.3 106104 127720 269540
 1.3 106104 127720 269540
 1.3 106104 127720 269540
 1.3 106104 127720 269540
 1.3 106104 127720 269540
 1.3 106104 127720 269540
 1.3 106104 127720 269540
 1.3 106104 127720 269540
 1.3 106104 127720 269540
 1.3 106104 127720 269540
 1.3 106104 127720 269540
 1.3 106104 127720 269540
 1.3 106104 127720 269540
 1.3 106104 127720 269540
 1.3 106104 127720 269540
 1.3 106104 127720 269540
 1.3 106104 127720 269540
 1.3 106104 127720 269540
 1.3 106104 127720 269540
 1.3 106104 127720 269540
 1.3 106104 127720 269540
 1.3 106104 127720 269540
 1.3 106104 127720 269540
 1.3 106104 127720 269540
 1.3 106104 127720 269540
 1.3 106104 127720 269540
 1.3 106104 127720 269540
 1.3 106104 127720 269540
 1.3 106104 127720 269540
 1.3 106104 127720 269540
 1.3 106104 127720 269540
 1.3 106104 127720 269540
 1.3 106104 127720 269540
 1.3 106104 127720 269540
 1.3 106104 127720 269540
 1.3 106104 127720 269540
 1.3 106104 127720 269540
 1.3 106104 127720 269540
 1.3 106104 127720 269540
 1.3 106104 127720 269540
 1.3 106104 127720 269540
 1.3 106104 127720 269540
 1.3 106104 127720 269540
 1.3 106104 127720 269540
 1.3 106104 127720 269540
 1.3 106104 127720 269540
 1.3 106104 127720 269540
 1.3 106104 127720 269540
 1.3 106104 127720 269540
 1.3 106104 127720 269540
 1.3 106104 127720 269540
 1.3 106104 127720 269540
 1.3 106104 127720 269540
 1.3 106104 127720 269540
 1.3 106104 127720 269540
 1.3 106104 127720 269540
 1.3 106104 127720 269540
 1.3 106104 127720 269540
 1.3 106104 127720 269540
 1.3 106104 127720 269540
 1.3 106104 127720 269540
 1.3 106104 127720 269540
 1.3 106104 127720 269540
 1.3 106104 127720 269540
 1.3 106104 127720 269540
 1.3 106104 127720 269540
 1.0 80528 102116 243936
 0.6 54924 76512 218332
