coretemp-isa-0000
Adapter: ISA adapter
Package id 0:  +62.0°C  (high = +100.0°C, crit = +100.0°C)
Core 0:        +62.0°C  (high = +100.0°C, crit = +100.0°C)
Core 1:        +60.0°C  (high = +100.0°C, crit = +100.0°C)
Core 2:        +60.0°C  (high = +100.0°C, crit = +100.0°C)
Core 3:        +61.0°C  (high = +100.0°C, crit = +100.0°C)

pch_cannonlake-virtual-0
Adapter: Virtual device
temp1:        +56.0°C  

BAT0-acpi-0
Adapter: ACPI interface
in0:          12.60 V  
curr1:       1000.00 uA 

dell_smm-virtual-0
Adapter: Virtual device
fan1:        3186 RPM

radeon-pci-0100
Adapter: PCI adapter
temp1:            N/A  (crit = +120.0°C, hyst = +90.0°C)

acpitz-acpi-0
Adapter: ACPI interface
temp1:        +25.0°C  (crit = +107.0°C)

%CPU %MEM     ELAPSED
 0.8 70848 102792 113792
 1.0 83136 102792 113792
 1.0 83136 102792 113792
 1.0 83136 102792 113792
 1.0 83136 102792 113792
 1.0 85184 102792 113792
 1.0 87232 102792 113792
 1.0 87232 102792 113792
 1.0 87232 102792 113792
 1.0 87232 102792 113792
 1.0 87232 102792 113792
 1.0 87232 102792 113792
 1.0 87232 102792 113792
 1.0 87232 102792 113792
 1.1 89280 102792 113792
 1.1 89280 102792 113792
 1.1 91548 102792 113792
 1.1 91548 102792 113792
 1.1 91548 102792 113792
 1.1 93596 102792 113792
 1.1 93596 102792 113792
 1.1 93596 102792 113792
 1.1 93596 102792 113792
 1.1 93596 102792 113792
 1.1 93596 102792 113792
 1.1 93596 102792 113792
 1.1 93596 102792 113792
 1.1 93596 102792 113792
 1.1 93596 102792 113792
 1.1 93596 102792 113792
 1.1 93596 102792 113792
 1.1 93596 102792 113792
 1.1 93596 102792 113792
 1.1 93596 102792 113792
 1.1 93596 102792 113792
 1.1 95644 102792 113792
 1.1 95644 102792 113792
 1.2 97692 102792 113792
 1.2 97692 102792 113792
 1.2 97692 102792 113792
 1.2 97692 102792 113792
 1.2 98204 102792 113792
 1.2 98996 102792 113792
 1.2 99524 102792 113792
 1.2 99788 102792 113792
 1.2 99788 102792 113792
 1.2 99788 102792 113792
 1.2 99788 102792 113792
 1.2 99788 102792 113792
 1.2 99788 102792 113792
 1.2 100052 102792 113792
 1.2 100316 102792 113792
 1.2 101108 102792 113792
 1.2 102428 102792 113792
 1.2 102956 102792 113792
 1.3 104012 102792 113792
 1.3 104012 102792 113792
 1.3 105860 102792 113792
 1.3 105860 102792 113792
 1.3 105860 102792 113792
 1.3 105860 102792 113792
 1.3 105860 102792 113792
 1.3 105860 102792 113792
 1.3 105860 102792 113792
 1.3 105860 102792 113792
 1.3 105860 102792 113792
 1.3 105860 102792 113792
 1.3 105860 102792 113792
 1.3 105860 102792 113792
 1.3 105860 102792 113792
 1.3 105860 102792 113792
 1.3 105860 102792 113792
 1.3 105860 102792 113792
 1.3 105860 102792 113792
 1.3 105860 102792 113792
 1.3 105860 102792 113792
 1.3 105860 102792 113792
 1.3 105860 102792 113792
 1.3 105860 102792 113792
 1.3 105860 102792 113792
 1.3 105860 102792 113792
 1.3 105860 102792 113792
 1.3 105860 102792 113792
 1.3 105860 102792 113792
 1.3 105860 102792 113792
 1.3 105860 102792 113792
 1.3 105860 102792 113792
 1.3 105860 102792 113792
 1.3 105860 102792 113792
 1.3 105860 102792 113792
 1.3 105860 102792 113792
 1.3 105860 102792 113792
 1.3 105860 102792 113792
 1.3 105860 102792 113792
 1.3 105860 102792 113792
 1.3 105860 102792 113792
 1.3 105860 102792 113792
 1.3 105860 102792 113792
 1.3 105860 102792 113792
 1.3 105860 102792 113792
 1.3 105860 102792 113792
 1.3 105860 102792 113792
 1.3 105860 102792 113792
 1.3 105860 102792 113792
 1.3 105860 102792 113792
 1.3 105860 102792 113792
 1.3 105860 102792 113792
 1.3 105860 102792 113792
 1.3 105860 102792 113792
 1.3 105860 102792 113792
 1.3 105860 102792 113792
 1.3 105860 102792 113792
 1.3 105860 102792 113792
 1.3 105860 102792 113792
 1.3 105860 102792 113792
 1.3 105860 102792 113792
 1.3 105860 102792 113792
 1.3 105860 102792 113792
 1.3 105860 102792 113792
 1.3 105860 102792 113792
 1.3 105860 102792 113792
 1.3 105860 102792 113792
 1.3 105860 102792 113792
 1.3 105860 102792 113792
 1.3 105860 102792 113792
 1.3 105860 102792 113792
 1.3 105860 102792 113792
 1.3 105860 102792 113792
 1.3 105860 102792 113792
 1.3 105860 102792 113792
 1.3 105860 102792 113792
 1.3 105860 102792 113792
 1.3 105860 102792 113792
 1.3 105860 102792 113792
 1.3 105860 102792 113792
 1.3 105860 102792 113792
 1.3 105860 102792 113792
 1.3 105860 102792 113792
 1.3 105860 102792 113792
 1.3 105860 102792 113792
 1.3 105860 102792 113792
 1.3 105860 102792 113792
 1.3 105860 102792 113792
 1.3 105860 102792 113792
 1.3 105860 102792 113792
 1.3 105860 102792 113792
 1.3 105860 102792 113792
 1.3 105860 102792 113792
 1.3 105860 102792 113792
 1.3 105860 102792 113792
 1.3 105860 102792 113792
 1.3 105860 102792 113792
 1.3 105860 102792 113792
 1.3 105860 102792 113792
 1.3 105860 102792 113792
 1.3 105860 102792 113792
 1.3 105860 102792 113792
 1.3 105860 102792 113792
 1.3 105860 102792 113792
 1.3 105860 102792 113792
 1.3 105860 102792 113792
 1.3 105860 102792 113792
 1.3 105860 102792 113792
 1.3 105860 102792 113792
 1.3 105860 102792 113792
 1.3 105860 102792 113792
 1.3 105860 102792 113792
 1.3 105860 102792 113792
 1.3 105860 102792 113792
 1.3 105860 102792 113792
 1.3 105860 102792 113792
 1.3 105860 102792 113792
 1.3 105860 102792 113792
 1.3 105860 102792 113792
 1.3 105860 102792 113792
 1.3 105860 102792 113792
 1.3 105860 102792 113792
 1.3 105860 102792 113792
 1.3 105860 102792 113792
 1.3 105860 102792 113792
 1.3 105860 102792 113792
 1.3 105860 102792 113792
 1.3 105860 102792 113792
 1.3 105860 102792 113792
 1.3 105860 102792 113792
 1.3 105860 102792 113792
 1.3 105860 102792 113792
 1.3 105860 102792 113792
 1.3 105860 102792 113792
 1.3 105860 102792 113792
 1.3 105860 102792 113792
 1.3 105860 102792 113792
 1.3 105860 102792 113792
 1.3 105860 102792 113792
 1.3 105860 102792 113792
 1.3 105860 102792 113792
 1.3 105860 102792 113792
 1.3 105860 102792 113792
 1.3 105860 102792 113792
 1.3 105860 102792 113792
 1.3 105860 102792 113792
 1.3 105860 102792 113792
 1.3 105860 102792 113792
 1.3 105860 102792 113792
 1.3 105860 102792 113792
 1.3 105860 102792 113792
 1.3 105860 102792 113792
 1.3 105860 102792 113792
 1.3 105860 102792 113792
 1.3 105860 102792 113792
 1.3 105860 102792 113792
 1.3 105860 102792 113792
 1.3 105860 102792 113792
 1.3 105860 102792 113792
 1.3 105860 102792 113792
 1.3 105860 102792 113792
 1.3 105860 102792 113792
 1.3 105860 102792 113792
 1.3 105860 102792 113792
 1.3 105860 102792 113792
 1.3 105860 102792 113792
 1.3 105860 102792 113792
 1.3 105860 102792 113792
 1.3 105860 102792 113792
 1.3 105860 102792 113792
 1.3 105860 102792 113792
 1.3 105860 102792 113792
 1.3 105860 102792 113792
 1.3 105860 102792 113792
 1.3 105860 102792 113792
 1.3 105860 102792 113792
 1.3 105860 102792 113792
 1.3 105860 102792 113792
 1.3 105860 102792 113792
 1.3 105860 102792 113792
 1.3 105860 102792 113792
 1.3 105860 102792 113792
 1.3 105860 102792 113792
 1.3 105860 102792 113792
 1.3 105860 102792 113792
 1.3 105860 102792 113792
 1.3 105860 102792 113792
 1.3 105860 102792 113792
 1.3 105860 102792 113792
 1.3 105860 102792 113792
 1.3 105860 102792 113792
 1.3 105860 102792 113792
 1.3 105860 102792 113792
 1.3 105860 102792 113792
 1.3 105860 102792 113792
 1.3 105860 102792 113792
 1.3 105860 102792 113792
 1.3 105860 102792 113792
 1.3 105860 102792 113792
 1.3 105860 102792 113792
 1.3 105860 102792 113792
 1.3 105860 102792 113792
 1.3 105860 102792 113792
 1.3 105860 102792 113792
 1.3 105860 102792 113792
 1.3 105860 102792 113792
 1.3 105860 102792 113792
 1.3 105860 102792 113792
 1.3 105860 102792 113792
 1.3 105860 102792 113792
 1.3 105860 102792 113792
 1.3 105860 102792 113792
 1.3 105860 102792 113792
 1.3 105860 102792 113792
 1.3 105860 102792 113792
 1.3 105860 102792 113792
 1.3 105860 102792 113792
 1.3 105860 102792 113792
 1.3 105860 102792 113792
 1.3 105860 102792 113792
 1.3 105860 102792 113792
 1.3 105860 102792 113792
 1.3 105860 102792 113792
 1.3 105860 102792 113792
 1.3 105860 102792 113792
 1.3 105860 102792 113792
 1.3 105860 102792 113792
 1.3 105860 102792 113792
 1.3 105860 102792 113792
 1.3 105860 102792 113792
 1.3 105860 102792 113792
 1.3 105860 102792 113792
 1.3 105860 102792 113792
 1.3 105860 102792 113792
 1.3 105860 102792 113792
 1.3 105860 102792 113792
 1.3 105860 102792 113792
 1.3 105860 102792 113792
 1.3 105860 102792 113792
 1.3 105860 102792 113792
 1.3 105860 102792 113792
 1.3 105860 102792 113792
 1.3 105860 102792 113792
 1.3 105860 102792 113792
 1.3 105860 102792 113792
 1.3 105860 102792 113792
 1.3 105860 102792 113792
 1.3 105860 102792 113792
 1.3 105860 102792 113792
 1.3 105860 102792 113792
 1.3 105860 102792 113792
 1.3 105860 102792 113792
 1.3 105860 102792 113792
 1.3 105860 102792 113792
 1.3 105860 102792 113792
 1.3 105860 102792 113792
 1.3 105860 102792 113792
 1.3 105860 102792 113792
 1.3 105860 102792 113792
 1.3 105860 102792 113792
 1.3 105860 102792 113792
 1.3 105860 102792 113792
 1.3 105860 102792 113792
 1.3 105860 102792 113792
 1.3 105860 102792 113792
 1.3 105860 102792 113792
 1.3 105860 102792 113792
 1.3 105860 102792 113792
 1.3 105860 102792 113792
 1.3 105860 102792 113792
 1.3 105860 102792 113792
 1.3 105860 102792 113792
 1.3 105860 102792 113792
 1.3 105860 102792 113792
 1.3 105860 102792 113792
 1.3 105860 102792 113792
 1.3 105860 102792 113792
 1.3 105860 102792 113792
 1.3 105860 102792 113792
 1.3 105860 102792 113792
 1.3 105860 102792 113792
 1.3 105860 102792 113792
 1.3 105860 102792 113792
 1.3 105860 102792 113792
 1.3 105860 102792 113792
 1.3 105860 102792 113792
 1.3 105860 102792 113792
 1.3 105860 102792 113792
 1.3 105860 102792 113792
 1.3 105860 102792 113792
 1.3 105860 102792 113792
 1.3 105860 102792 113792
 1.3 105860 102792 113792
 1.3 105860 102792 113792
 1.3 105860 102792 113792
 1.3 105860 102792 113792
 1.3 105860 102792 113792
 1.3 105860 102792 113792
 1.3 105860 102792 113792
 1.3 105860 102792 113792
 1.3 105860 102792 113792
 1.3 105860 102792 113792
 1.3 105860 102792 113792
 1.3 105860 102792 113792
 1.3 105860 102792 113792
 1.3 105860 102792 113792
 1.3 105860 102792 113792
 1.3 105860 102792 113792
 1.3 105860 102792 113792
 1.3 105860 102792 113792
 1.3 105860 102792 113792
 1.3 105860 102792 113792
 1.3 105860 102792 113792
 1.3 105860 102792 113792
 1.3 105860 102792 113792
 1.3 105860 102792 113792
 1.3 105860 102792 113792
 1.3 105860 102792 113792
 1.3 105860 102792 113792
 1.3 105860 102792 113792
 1.3 105860 102792 113792
 1.3 105860 102792 113792
 1.3 105860 102792 113792
 1.3 105860 102792 113792
 1.3 105860 102792 113792
 1.3 105860 102792 113792
 1.3 105860 102792 113792
 1.3 105860 102792 113792
 1.3 105860 102792 113792
 1.3 105860 102792 113792
 1.3 105860 102792 113792
 1.3 105860 102792 113792
 1.3 105860 102792 113792
 1.3 105860 102792 113792
 1.3 105860 102792 113792
 1.3 105860 102792 113792
 1.3 105860 102792 113792
 1.3 105860 102792 113792
 1.3 105860 102792 113792
 1.3 105860 102792 113792
 1.3 105860 102792 113792
 1.3 105860 102792 113792
 1.3 105860 102792 113792
 1.3 105860 102792 113792
 1.3 105860 102792 113792
 1.3 105860 102792 113792
 1.3 105860 102792 113792
 1.3 105860 102792 113792
 1.3 105860 102792 113792
 1.3 105860 102792 113792
 1.3 105860 102792 113792
 1.3 105860 102792 113792
 1.3 105860 102792 113792
 1.3 105860 102792 113792
 1.3 105860 102792 113792
 1.3 105860 102792 113792
 1.3 105860 102792 113792
 1.3 105860 102792 113792
 1.3 105860 102792 113792
 1.3 105860 102792 113792
 1.3 105860 102792 113792
 1.3 105860 102792 113792
 1.3 105860 102792 113792
 1.3 105860 102792 113792
 1.3 105860 102792 113792
 1.3 105860 102792 113792
 1.3 105860 102792 113792
 1.3 105860 102792 113792
 1.3 105860 102792 113792
 1.3 105860 102792 113792
 1.3 105860 102792 113792
 1.3 105860 102792 113792
 1.3 105860 102792 113792
 1.3 105860 102792 113792
 1.3 105860 102792 113792
 1.3 105860 102792 113792
 1.3 105860 102792 113792
 1.3 105860 102792 113792
 1.3 105860 102792 113792
 1.3 105860 102792 113792
 1.3 105860 102792 113792
 1.3 105860 102792 113792
 1.3 105860 102792 113792
 1.3 105860 102792 113792
 1.3 105860 102792 113792
 1.3 105860 102792 113792
 1.3 105860 102792 113792
 1.3 105860 102792 113792
 1.3 105860 102792 113792
 1.3 105860 102792 113792
 1.3 105860 102792 113792
 1.3 105860 102792 113792
 1.3 105860 102792 113792
 1.3 105860 102792 113792
 1.3 105860 102792 113792
 1.3 105860 102792 113792
 1.3 105860 102792 113792
 1.3 105860 102792 113792
 1.3 105860 102792 113792
 1.3 105860 102792 113792
 1.3 105860 102792 113792
 1.3 105860 102792 113792
 1.3 105860 102792 113792
 1.3 105860 102792 113792
 1.3 105860 102792 113792
 1.3 105860 102792 113792
 1.3 105860 102792 113792
 1.3 105860 102792 113792
 1.3 105860 102792 113792
 1.3 105860 102792 113792
 1.3 105860 102792 113792
 1.3 105860 102792 113792
 1.3 105860 102792 113792
 1.3 105860 102792 113792
 1.3 105860 102792 113792
 1.3 105860 102792 113792
 1.3 105860 102792 113792
 1.3 105860 102792 113792
 1.3 105860 102792 113792
 1.3 105860 102792 113792
 1.3 105860 102792 113792
 1.3 105860 102792 113792
 1.3 105860 102792 113792
 1.3 105860 102792 113792
 1.3 105860 102792 113792
 1.3 105860 102792 113792
 1.3 105860 102792 113792
 1.3 105860 102792 113792
 1.3 105860 102792 113792
 1.3 105860 102792 113792
 1.3 105860 102792 113792
 1.3 105860 102792 113792
 1.3 105860 102792 113792
 1.3 105860 102792 113792
 1.3 105860 102792 113792
 1.3 105860 102792 113792
 1.3 105860 102792 113792
 1.3 105860 102792 113792
 1.3 105860 102792 113792
 1.3 105860 102792 113792
 1.3 105860 102792 113792
 1.3 105860 102792 113792
 1.3 105860 102792 113792
 1.3 105860 102792 113792
 1.3 105860 102792 113792
 1.3 105860 102792 113792
 1.3 105860 102792 113792
 1.3 105860 102792 113792
 1.3 105860 102792 113792
 1.3 105860 102792 113792
 1.3 105860 102792 113792
 1.3 105860 102792 113792
 1.3 105860 102792 113792
 1.3 105860 102792 113792
 1.3 105860 102792 113792
 1.3 105860 102792 113792
 1.3 105860 102792 113792
 1.3 105860 102792 113792
 1.3 105860 102792 113792
 1.3 105860 102792 113792
 1.3 105860 102792 113792
 1.3 105860 102792 113792
 1.3 105860 102792 113792
 1.3 105860 102792 113792
 1.3 105860 102792 113792
 1.3 105860 102792 113792
 1.3 105860 102792 113792
 1.3 105860 102792 113792
 1.3 105860 102792 113792
 1.3 105860 102792 113792
 1.3 105860 102792 113792
 1.3 105860 102792 113792
 1.3 105860 102792 113792
 1.3 105860 102792 113792
 1.3 105860 102792 113792
 1.3 105860 102792 113792
 1.3 105860 102792 113792
 1.3 105860 102792 113792
 1.3 105860 102792 113792
 1.3 105860 102792 113792
 1.3 105860 102792 113792
 1.3 105860 102792 113792
 1.3 105860 102792 113792
 1.3 105860 102792 113792
 1.3 105860 102792 113792
 1.3 105860 102792 113792
 1.3 105860 102792 113792
 1.3 105860 102792 113792
 1.3 105860 102792 113792
 1.3 105860 102792 113792
 1.3 105860 102792 113792
 1.3 105860 102792 113792
 1.3 105860 102792 113792
 1.3 105860 102792 113792
 1.3 105860 102792 113792
 1.3 105860 102792 113792
 1.3 105860 102792 113792
 1.3 105860 102792 113792
 1.3 105860 102792 113792
 1.3 105860 102792 113792
 1.3 105860 102792 113792
 1.3 105860 102792 113792
 1.3 105860 102792 113792
 1.3 105860 102792 113792
 1.3 105860 102792 113792
 1.3 105860 102792 113792
 1.3 105860 102792 113792
 1.3 105860 102792 113792
 1.3 105860 102792 113792
 1.3 105860 102792 113792
 1.3 105860 102792 113792
 1.3 105860 102792 113792
 1.3 105860 102792 113792
 1.3 105860 102792 113792
 1.3 105860 102792 113792
 1.3 105860 102792 113792
 1.3 105860 102792 113792
 1.3 105860 102792 113792
 1.3 105860 102792 113792
 1.3 105860 102792 113792
 1.3 105860 102792 113792
 1.3 105860 102792 113792
 1.3 105860 102792 113792
 1.3 105860 102792 113792
 1.3 105860 102792 113792
 1.3 105860 102792 113792
 1.3 105860 102792 113792
 1.3 105860 102792 113792
 1.3 105860 102792 113792
 1.3 105860 102792 113792
 1.3 105860 102792 113792
 1.3 105860 102792 113792
 1.3 105860 102792 113792
 1.3 105860 102792 113792
 1.3 105860 102792 113792
 1.3 105860 102792 113792
 1.3 105860 102792 113792
 1.3 105860 102792 113792
 1.3 105860 102792 113792
 1.3 105860 102792 113792
 1.3 105860 102792 113792
 1.3 105860 102792 113792
 1.3 105860 102792 113792
 1.3 105860 102792 113792
 1.3 105860 102792 113792
 1.3 105860 102792 113792
 1.3 105860 102792 113792
 1.3 105860 102792 113792
 1.3 105860 102792 113792
 1.3 105860 102792 113792
 1.3 105860 102792 113792
 1.3 105860 102792 113792
 1.3 105860 102792 113792
 1.3 105860 102792 113792
 1.3 105860 102792 113792
 1.3 105860 102792 113792
 1.3 105860 102792 113792
 1.3 105860 102792 113792
 1.3 105860 102792 113792
 1.3 105860 102792 113792
 1.3 105860 102792 113792
 1.3 105860 102792 113792
 1.3 105860 102792 113792
 1.3 105860 102792 113792
 1.3 105860 102792 113792
 1.3 105860 102792 113792
 1.3 105860 102792 113792
 1.3 105860 102792 113792
 1.3 105860 102792 113792
 1.3 105860 102792 113792
 1.3 105860 102792 113792
 1.3 105860 102792 113792
 1.3 105860 102792 113792
 1.3 105860 102792 113792
 1.3 105860 102792 113792
 1.3 105860 102792 113792
 1.3 105860 102792 113792
 1.3 105860 102792 113792
 1.3 105860 102792 113792
 1.3 105860 102792 113792
 1.3 105860 102792 113792
 1.3 105860 102792 113792
 1.3 105860 102792 113792
 1.3 105860 102792 113792
 1.3 105860 102792 113792
 1.3 105860 102792 113792
 1.3 105860 102792 113792
 1.3 105860 102792 113792
 1.3 105860 102792 113792
 1.3 105860 102792 113792
 1.3 105860 102792 113792
 1.3 105860 102792 113792
 1.3 105860 102792 113792
 1.3 105860 102792 113792
 1.3 105860 102792 113792
 1.3 105860 102792 113792
 1.3 105860 102792 113792
 1.3 105860 102792 113792
 1.3 105860 102792 113792
 1.3 105860 102792 113792
 1.3 105860 102792 113792
 1.3 105860 102792 113792
 1.3 105860 102792 113792
 1.3 105860 102792 113792
 1.3 105860 102792 113792
 1.3 105860 102792 113792
 1.3 105860 102792 113792
 1.3 105860 102792 113792
 1.3 105860 102792 113792
 1.3 105860 102792 113792
 1.3 105860 102792 113792
 1.3 105860 102792 113792
 1.3 105860 102792 113792
 1.3 105860 102792 113792
 1.3 105860 102792 113792
 1.3 105860 102792 113792
 1.3 105860 102792 113792
 1.3 105860 102792 113792
 1.3 105860 102792 113792
 1.3 105860 102792 113792
 1.3 105860 102792 113792
 1.3 105860 102792 113792
 1.3 105860 102792 113792
 1.3 105860 102792 113792
 1.3 105860 102792 113792
 1.3 105860 102792 113792
 1.3 105860 102792 113792
 1.3 105860 102792 113792
 1.3 105860 102792 113792
 1.3 105860 102792 113792
 1.3 105860 102792 113792
 1.3 105860 102792 113792
 1.3 105860 102792 113792
 1.3 105860 102792 113792
 1.3 105860 102792 113792
 1.3 105860 102792 113792
 1.3 105860 102792 113792
 1.3 105860 102792 113792
 1.3 105860 102792 113792
 1.3 105860 102792 113792
 1.3 105860 102792 113792
 1.3 105860 102792 113792
 1.3 105860 102792 113792
 1.3 105860 102792 113792
 1.3 105860 102792 113792
 1.3 105860 102792 113792
 1.3 105860 102792 113792
 1.3 105860 102792 113792
 1.3 105860 102792 113792
 1.3 105860 102792 113792
 1.3 105860 102792 113792
 1.3 105860 102792 113792
 1.3 105860 102792 113792
 1.3 105860 102792 113792
 1.3 105860 102792 113792
 1.3 105860 102792 113792
 1.3 105860 102792 113792
 1.3 105860 102792 113792
 1.3 105860 102792 113792
 1.3 105860 102792 113792
 1.3 105860 102792 113792
 1.3 105860 102792 113792
 1.3 105860 102792 113792
 1.3 105860 102792 113792
 1.3 105860 102792 113792
 1.3 105860 102792 113792
 1.3 105860 102792 113792
 1.3 105860 102792 113792
 1.3 105860 102792 113792
 1.3 105860 102792 113792
 1.3 105860 102792 113792
 1.3 105860 102792 113792
 1.3 105860 102792 113792
 1.3 105860 102792 113792
 1.3 105860 102792 113792
 1.3 105860 102792 113792
 1.3 105860 102792 113792
 1.3 105860 102792 113792
 1.3 105860 102792 113792
 1.3 105860 102792 113792
 1.3 105860 102792 113792
 1.3 105860 102792 113792
 1.3 105860 102792 113792
 1.3 105860 102792 113792
 1.3 105860 102792 113792
 1.3 105860 102792 113792
 1.3 105860 102792 113792
 1.3 105860 102792 113792
 1.3 105860 102792 113792
 1.3 105860 102792 113792
 1.3 105860 102792 113792
 1.3 105860 102792 113792
 1.3 105860 102792 113792
 1.3 105860 102792 113792
 1.3 105860 102792 113792
 1.3 105860 102792 113792
 1.3 105860 102792 113792
 1.3 105860 102792 113792
 1.3 105860 102792 113792
 1.3 105860 102792 113792
 1.3 105860 102792 113792
 1.3 105860 102792 113792
 1.3 105860 102792 113792
 1.3 105860 102792 113792
 1.3 105860 102792 113792
 1.3 105860 102792 113792
 1.3 105860 102792 113792
 1.3 105860 102792 113792
 1.3 105860 102792 113792
 1.3 105860 102792 113792
 1.3 105860 102792 113792
 1.3 105860 102792 113792
 1.3 105860 102792 113792
 1.3 105860 102792 113792
 1.3 105860 102792 113792
 1.3 105860 102792 113792
 1.3 105860 102792 113792
 1.3 105860 102792 113792
 1.3 105860 102792 113792
 1.3 105860 102792 113792
 1.3 105860 102792 113792
 1.3 105860 102792 113792
 1.3 105860 102792 113792
 1.3 105860 102792 113792
 1.3 105860 102792 113792
 1.3 105860 102792 113792
 1.3 105860 102792 113792
 1.3 105860 102792 113792
 1.3 105860 102792 113792
 1.3 105860 102792 113792
 1.3 105860 102792 113792
 1.3 105860 102792 113792
 1.3 105860 102792 113792
 1.3 105860 102792 113792
 1.3 105860 102792 113792
 1.3 105860 102792 113792
 1.3 105860 102792 113792
 1.3 105860 102792 113792
 1.3 105860 102792 113792
 1.3 105860 102792 113792
 1.3 105860 102792 113792
 1.3 105860 102792 113792
 1.3 105860 102792 113792
 1.3 105860 102792 113792
 1.3 105860 102792 113792
 1.3 105860 102792 113792
 1.3 105860 102792 113792
 1.3 105860 102792 113792
 1.3 105860 102792 113792
 1.3 105860 102792 113792
 1.3 105860 102792 113792
 1.3 105860 102792 113792
 1.3 105860 102792 113792
 1.3 105860 102792 113792
 1.3 105860 102792 113792
 1.3 105860 102792 113792
 1.3 105860 102792 113792
 1.3 105860 102792 113792
 1.3 105860 102792 113792
 1.3 105860 102792 113792
 1.3 105860 102792 113792
 1.3 105860 102792 113792
 1.3 105860 102792 113792
 1.3 105860 102792 113792
 1.3 105860 102792 113792
 1.3 105860 102792 113792
 1.3 105860 102792 113792
 1.3 105860 102792 113792
 1.3 105860 102792 113792
 1.3 105860 102792 113792
 1.3 105860 102792 113792
 1.3 105860 102792 113792
 1.3 105860 102792 113792
 1.3 105860 102792 113792
 1.3 105860 102792 113792
 1.3 105860 102792 113792
 1.3 105860 102792 113792
 1.3 105860 102792 113792
 1.3 105860 102792 113792
 1.3 105860 102792 113792
 1.3 105860 102792 113792
 1.3 105860 102792 113792
 1.3 105860 102792 113792
 1.3 105860 102792 113792
 1.3 105860 102792 113792
 1.3 105860 102792 113792
 1.3 105860 102792 113792
 1.3 105860 102792 113792
 1.3 105860 102792 113792
 1.3 105860 102792 113792
 1.3 105860 102792 113792
 1.3 105860 102792 113792
 1.3 105860 102792 113792
 1.3 105860 102792 113792
 1.3 105860 102792 113792
 1.3 105860 102792 113792
 1.3 105860 102792 113792
 1.3 105860 102792 113792
 1.3 105860 102792 113792
 1.3 105860 102792 113792
 1.3 105860 102792 113792
 1.3 105860 102792 113792
 1.3 105860 102792 113792
 1.3 105860 102792 113792
 1.3 105860 102792 113792
 1.3 105860 102792 113792
 1.3 105860 102792 113792
 1.3 105860 102792 113792
 1.3 105860 102792 113792
 1.3 105860 102792 113792
 1.3 105860 102792 113792
 1.3 105860 102792 113792
 1.3 105860 102792 113792
 1.3 105860 102792 113792
 1.3 105860 102792 113792
 1.3 105860 102792 113792
 1.3 105860 102792 113792
 1.3 105860 102792 113792
 1.3 105860 102792 113792
 1.3 105860 102792 113792
 1.3 105860 102792 113792
 1.3 105860 102792 113792
 1.3 105860 102792 113792
 1.3 105860 102792 113792
 1.3 105860 102792 113792
 1.3 105860 102792 113792
 1.3 105860 102792 113792
 1.3 105860 102792 113792
 1.3 105860 102792 113792
 1.3 105860 102792 113792
 1.3 105860 102792 113792
 1.3 105860 102792 113792
 1.3 105860 102792 113792
 1.3 105860 102792 113792
 1.3 105860 102792 113792
 1.3 105860 102792 113792
 1.3 105860 102792 113792
 1.3 105860 102792 113792
 1.3 105860 102792 113792
 1.3 105860 102792 113792
 1.3 105860 102792 113792
 1.3 105860 102792 113792
 1.3 105860 102792 113792
 1.3 105860 102792 113792
 1.3 105860 102792 113792
 1.3 105860 102792 113792
 1.3 105860 102792 113792
 1.3 105860 102792 113792
 1.3 105860 102792 113792
 1.3 105860 102792 113792
 1.3 105860 102792 113792
 1.3 105860 102792 113792
 1.3 105860 102792 113792
 1.3 105860 102792 113792
 1.3 105860 102792 113792
 1.3 105860 102792 113792
 1.3 105860 102792 113792
 1.3 105860 102792 113792
 1.3 105860 102792 113792
 1.3 105860 102792 113792
 1.3 105860 102792 113792
 1.3 105860 102792 113792
 1.3 105860 102792 113792
 1.3 105860 102792 113792
 1.3 105860 102792 113792
 1.3 105860 102792 113792
 1.3 105860 102792 113792
 1.3 105860 102792 113792
 1.3 105860 102792 113792
 1.3 105860 102792 113792
 1.3 105860 102792 113792
 1.3 105860 102792 113792
 1.3 105860 102792 113792
 1.3 105860 102792 113792
 1.3 105860 102792 113792
 1.3 105860 102792 113792
 1.3 105860 102792 113792
 1.3 105860 102792 113792
 1.3 105860 102792 113792
 1.3 105860 102792 113792
 1.3 105860 102792 113792
 1.3 105860 102792 113792
 1.3 105860 102792 113792
 1.3 105860 102792 113792
 1.3 105860 102792 113792
 1.3 105860 102792 113792
 1.3 105860 102792 113792
 1.3 105860 102792 113792
 1.3 105860 102792 113792
 1.3 105860 102792 113792
 1.3 105860 102792 113792
 1.3 105860 102792 113792
 1.3 105860 102792 113792
 1.3 105860 102792 113792
 1.3 105860 102792 113792
 1.3 105860 102792 113792
 1.3 105860 102792 113792
 1.3 105860 102792 113792
 1.3 105860 102792 113792
 1.3 105860 102792 113792
 1.3 105860 102792 113792
 1.3 105860 102792 113792
 1.3 105860 102792 113792
 1.3 105860 102792 113792
 1.3 105860 102792 113792
 1.3 105860 102792 113792
 1.3 105860 102792 113792
 1.3 105860 102792 113792
 1.3 105860 102792 113792
 1.3 105860 102792 113792
 1.3 105860 102792 113792
 1.3 105860 102792 113792
 1.3 105860 102792 113792
 1.3 105860 102792 113792
 1.3 105860 102792 113792
 1.3 105860 102792 113792
 1.3 105860 102792 113792
 1.3 105860 102792 113792
 1.3 105860 102792 113792
 1.3 105860 102792 113792
 1.3 105860 102792 113792
 1.3 105860 102792 113792
 1.3 105860 102792 113792
 1.3 105860 102792 113792
 1.3 105860 102792 113792
 1.3 105860 102792 113792
 1.3 105860 102792 113792
 1.3 105860 102792 113792
 1.3 105860 102792 113792
 1.3 105860 102792 113792
 1.3 105860 102792 113792
 1.3 105860 102792 113792
 1.3 105860 102792 113792
 1.3 105860 102792 113792
 1.3 105860 102792 113792
 1.3 105860 102792 113792
 1.3 105860 102792 113792
 0.0  3488   388  11388
 0.3 26176 25996  36996
 0.9 75112 77212  88212
 1.3 105724 102820 113820
 1.3 105724 102820 113820
 1.3 105724 102820 113820
 1.3 105724 102820 113820
 1.3 105724 102820 113820
 1.3 105724 102820 113820
 1.3 105724 102820 113820
 1.3 105724 102820 113820
 1.3 105724 102820 113820
 1.3 105724 102820 113820
 1.3 105724 102820 113820
 1.3 105724 102820 113820
 1.3 105724 102820 113820
 1.3 105724 102820 113820
 1.3 105724 102820 113820
 1.3 105724 102820 113820
 1.3 105724 102820 113820
 1.3 105724 102820 113820
 1.3 105724 102820 113820
 1.3 105724 102820 113820
 1.3 105724 102820 113820
 1.3 105724 102820 113820
 1.3 105724 102820 113820
 1.3 105724 102820 113820
 1.3 105724 102820 113820
 1.3 105724 102820 113820
 1.3 105724 102820 113820
 1.3 105724 102820 113820
 1.3 105724 102820 113820
 1.3 105724 102820 113820
 1.3 105724 102820 113820
 1.3 105724 102820 113820
 1.3 105724 102820 113820
 1.3 105724 102820 113820
 1.3 105724 102820 113820
 1.3 105724 102820 113820
 1.3 105724 102820 113820
 1.3 105724 102820 113820
 1.3 105724 102820 113820
 1.3 105724 102820 113820
 1.3 105724 102820 113820
 1.3 105724 102820 113820
 1.3 105724 102820 113820
 1.3 105724 102820 113820
 1.3 105724 102820 113820
 1.3 105724 102820 113820
 1.3 105724 102820 113820
 1.3 105724 102820 113820
 1.3 105724 102820 113820
 1.3 105724 102820 113820
 1.3 105724 102820 113820
 1.3 105724 102820 113820
 1.3 105724 102820 113820
 1.3 105724 102820 113820
 1.3 105724 102820 113820
 1.3 105724 102820 113820
 1.3 105724 102820 113820
 1.3 105724 102820 113820
 1.3 105724 102820 113820
 1.3 105724 102820 113820
 1.3 105724 102820 113820
 1.3 105724 102820 113820
 1.3 105724 102820 113820
 1.3 105724 102820 113820
 1.3 105724 102820 113820
 1.3 105724 102820 113820
 1.3 105724 102820 113820
 1.3 105724 102820 113820
 1.3 105724 102820 113820
 1.3 105724 102820 113820
 1.3 105724 102820 113820
 1.3 105724 102820 113820
 1.3 105724 102820 113820
 1.3 105724 102820 113820
 1.3 105724 102820 113820
 1.3 105724 102820 113820
 1.3 105724 102820 113820
 1.3 105724 102820 113820
 1.3 105724 102820 113820
 1.3 105724 102820 113820
 1.3 105724 102820 113820
 1.3 105724 102820 113820
 1.3 105724 102820 113820
 1.3 105724 102820 113820
 1.3 105724 102820 113820
 1.3 105724 102820 113820
 1.3 105724 102820 113820
 1.3 105724 102820 113820
 1.3 105724 102820 113820
 1.3 105724 102820 113820
 1.3 105724 102820 113820
 1.3 105724 102820 113820
 1.3 105724 102820 113820
 1.3 105724 102820 113820
 1.3 105724 102820 113820
 1.3 105724 102820 113820
 1.3 105724 102820 113820
 1.3 105724 102820 113820
 1.3 105724 102820 113820
 1.3 105724 102820 113820
 1.3 105724 102820 113820
 1.3 105724 102820 113820
 1.3 105724 102820 113820
 1.3 105724 102820 113820
 1.3 105724 102820 113820
 1.3 105724 102820 113820
 1.3 105724 102820 113820
 1.3 105724 102820 113820
 1.3 105724 102820 113820
 1.3 105724 102820 113820
 1.3 105724 102820 113820
 1.3 105724 102820 113820
 1.3 105724 102820 113820
 1.3 105724 102820 113820
 1.3 105724 102820 113820
 1.3 105724 102820 113820
 1.3 105724 102820 113820
 1.3 105724 102820 113820
 1.3 105724 102820 113820
 1.3 105724 102820 113820
 1.3 105724 102820 113820
 1.3 105724 102820 113820
 1.3 105724 102820 113820
 1.3 105724 102820 113820
 1.3 105724 102820 113820
 1.3 105724 102820 113820
 1.3 105724 102820 113820
 1.3 105724 102820 113820
 1.3 105724 102820 113820
 1.3 105724 102820 113820
 1.3 105724 102820 113820
 1.3 105724 102820 113820
 1.3 105724 102820 113820
 1.3 105724 102820 113820
 1.3 105724 102820 113820
 1.3 105724 102820 113820
 1.3 105724 102820 113820
 1.3 105724 102820 113820
 1.3 105724 102820 113820
 1.3 105724 102820 113820
 1.3 105724 102820 113820
 1.3 105724 102820 113820
 1.3 105724 102820 113820
 1.3 105724 102820 113820
 1.3 105724 102820 113820
 1.3 105724 102820 113820
 1.3 105724 102820 113820
 1.3 105724 102820 113820
 1.3 105724 102820 113820
 1.3 105724 102820 113820
 1.3 105724 102820 113820
 1.3 105724 102820 113820
 1.3 105724 102820 113820
 1.3 105724 102820 113820
 1.0 80364 77212  88212
