coretemp-isa-0000
Adapter: ISA adapter
Package id 0:  +62.0°C  (high = +100.0°C, crit = +100.0°C)
Core 0:        +60.0°C  (high = +100.0°C, crit = +100.0°C)
Core 1:        +62.0°C  (high = +100.0°C, crit = +100.0°C)
Core 2:        +61.0°C  (high = +100.0°C, crit = +100.0°C)
Core 3:        +59.0°C  (high = +100.0°C, crit = +100.0°C)

pch_cannonlake-virtual-0
Adapter: Virtual device
temp1:        +50.0°C  

BAT0-acpi-0
Adapter: ACPI interface
in0:          12.81 V  
curr1:       1000.00 uA 

dell_smm-virtual-0
Adapter: Virtual device
fan1:        2700 RPM

radeon-pci-0100
Adapter: PCI adapter
temp1:            N/A  (crit = +120.0°C, hyst = +90.0°C)

acpitz-acpi-0
Adapter: ACPI interface
temp1:        +25.0°C  (crit = +107.0°C)

%MEM   RSS  SIZE    VSZ
 0.0  2112   424   8636
 0.0  2112   424   8636
 0.0  2112   424   8636
 0.0  2112   424   8636
 0.0  2112   424   8636
 0.0  2112   424   8636
 0.0  2112   424   8636
 0.0  2112   424   8636
 0.0  2112   424   8636
 0.0  2112   424   8636
 0.0  2112   424   8636
 0.0  2112   424   8636
 0.0  2112   424   8636
 0.0  2112   424   8636
 0.0  2112   424   8636
 0.0  2112   424   8636
 0.0  2112   424   8636
 0.0  2112   424   8636
 0.0  2112   424   8636
 0.0  2112   424   8636
 0.0  2112   424   8636
 0.0  2112   424   8636
 0.0  2112   424   8636
 0.0  2112   424   8636
 0.0  2112   424   8636
 0.0  2112   424   8636
 0.0  2112   424   8636
 0.0  2112   424   8636
 0.0  2112   424   8636
 0.0  2112   424   8636
 0.0  2112   424   8636
 0.0  2112   424   8636
 0.0  3844   752   8964
 0.0  4756   884   9096
 0.0  4756  9076  17292
 0.0  5772 50676 320528
 0.0  6680 51468 321320
 0.1  8792 53448 323300
 0.1 10640 55428 325280
 0.1 12548 57408 327260
 0.1 14660 59388 329240
 0.2 16508 61236 331088
 0.2 18356 63216 333068
 0.2 20468 65196 335048
 0.2 22316 67176 337028
 0.3 24428 69156 339008
 0.3 26276 71136 340988
 0.3 28388 72984 342836
 0.3 30236 74964 344816
 0.4 32084 76944 346796
 0.4 34196 78924 348776
 0.4 36044 80904 350756
 0.4 38156 82884 352736
 0.5 40004 84732 354584
 0.5 41852 86712 356564
 0.5 43964 88692 358544
 0.5 46076 90672 360524
 0.5 47924 92652 362504
 0.6 49772 94632 364484
 0.6 51884 96480 366332
 0.6 53732 98460 368312
 0.6 55580 100440 370292
 0.7 57692 102420 372272
 0.7 59540 104400 374252
 0.7 61652 106248 376100
 0.7 63500 108228 378080
 0.8 65348 110208 380060
 0.8 67460 112188 382040
 0.8 69308 114036 383888
 0.8 71420 116016 385868
 0.9 73268 117996 387848
 0.9 75116 119976 389828
 0.9 77228 122088 391940
 0.9 79340 124068 393920
 1.0 81452 126048 395900
 1.0 83300 128160 398012
 1.0 85412 130140 399992
 1.0 87260 132120 401972
 1.1 89372 134100 403952
 1.1 91484 136080 405932
 1.1 93332 138192 408044
 1.1 95444 140172 410024
 1.2 97552 142332 411608
 1.2 98608 143296 411608
 1.2 99400 144216 411608
 1.2 100720 145320 411608
 1.2 101248 146076 411608
 1.2 102304 147028 411608
 1.2 103360 147976 411608
 1.3 104152 148940 411608
 1.3 105208 149844 411608
 1.3 106264 150984 411608
 1.3 107056 151772 411608
 1.3 107056 151772 411608
 1.3 107056 151772 411608
 1.3 107056 151772 411608
 1.3 107056 151772 411608
 1.3 107056 151772 411608
 1.3 107056 151772 411608
 1.3 107056 151772 411608
 1.3 107056 151772 411608
 1.3 107056 151772 411608
 1.3 107056 151772 411608
 1.3 107056 151772 411608
 1.3 107056 151772 411608
 1.3 107056 151772 411608
 1.3 107056 151772 411608
 1.3 107056 151772 411608
 1.3 107056 151772 411608
 1.3 107056 151772 411608
 1.3 107056 151772 411608
 1.3 107056 151772 411608
 1.3 107056 151772 411608
 1.3 107056 151772 411608
 1.3 107056 151772 411608
 1.3 107056 151772 411608
 1.3 107848 152564 412400
 1.3 109960 154544 414380
 1.3 111808 156524 416360
 1.4 113920 158636 418472
 1.4 116032 160616 420452
 1.4 117880 162596 422432
 1.5 119992 164708 424544
 1.5 121840 166688 426524
 1.5 123952 168668 428504
 1.5 125800 170648 430484
 1.5 127912 172628 432464
 1.6 130020 174800 433784
 1.6 131076 175664 433784
 1.6 131604 176440 433784
 1.6 132396 177116 433784
 1.6 133188 177792 433784
 1.6 133980 178656 433784
 1.6 134508 179280 433784
 1.6 135564 180168 433784
 1.7 136356 180964 433784
 1.7 136884 181588 433784
 1.7 137676 182276 433784
 1.7 138204 182924 433784
 1.7 138732 183516 433784
 1.7 139524 184212 433784
 1.7 140316 185004 433784
 1.7 141108 185720 433784
 1.7 141636 186368 433784
 1.7 142164 186916 433784
 1.7 142956 187612 433784
 1.7 143484 188100 433784
 1.7 143484 188100 433784
 1.7 143484 188100 433784
 1.7 143484 188100 433784
 1.7 143484 188100 433784
 1.7 143484 188100 433784
 1.7 143484 188100 433784
 1.7 143484 188100 433784
 1.7 143484 188100 433784
 1.7 143484 188100 433784
 1.7 143484 188100 433784
 1.7 143484 188100 433784
 1.7 143484 188100 433784
 1.7 143484 188100 433784
 1.7 143484 188100 433784
 1.7 143484 188100 433784
 1.7 143484 188100 433784
 1.7 143484 188100 433784
 1.7 143484 188100 433784
 1.7 143484 188100 433784
 1.7 143484 188100 433784
 1.7 143484 188100 433784
 1.8 144276 188936 433784
 1.8 145332 189864 433784
 1.8 146124 190752 433784
 1.8 146916 191596 433784
 1.8 147708 192360 433784
 1.8 148500 193048 433784
 1.8 149292 193848 433784
 1.8 150084 194644 433784
 1.8 150612 195312 433784
 1.8 151404 196124 433784
 1.9 151932 196632 433784
 1.9 152988 197600 433784
 1.9 152988 197600 433784
 1.9 152988 197600 433784
 1.9 152988 197600 433784
 1.9 152988 197600 433784
 1.9 152988 197600 433784
 1.9 152988 197600 433784
 1.9 152988 197600 433784
 1.9 152988 197600 433784
 1.9 152988 197600 433784
 1.9 152988 197600 433784
 1.9 152988 197600 433784
 1.9 152988 197600 433784
 1.9 152988 197600 433784
 1.9 152988 197600 433784
 1.9 152988 197600 433784
 1.9 152988 197600 433784
 1.9 152988 197600 433784
 1.9 152988 197600 433784
 1.9 152988 197600 433784
 1.9 152988 197600 433784
 1.9 152988 197600 433784
 1.9 152988 197600 433784
 1.9 152988 197600 433784
 1.9 152988 197600 433784
 1.9 152988 197600 433784
 1.9 152988 197600 433784
 1.9 152988 197600 433784
 1.9 152988 197600 433784
 1.9 152988 197600 433784
 1.9 152988 197600 433784
 1.9 152988 197600 433784
 1.9 153252 197996 434180
 1.9 155364 199976 436160
 1.9 157212 201956 438140
 1.9 159324 203936 440120
 2.0 161436 205916 442100
 2.0 163284 207896 444080
 2.0 165396 210008 446192
 2.0 167244 211988 448172
 2.1 169356 213836 450020
 2.1 171204 215948 452132
 2.1 173316 217796 453980
 2.1 175428 220112 455960
 2.2 176484 221236 456356
 2.2 177012 221948 456356
 2.2 178068 222704 456356
 2.2 178860 223440 456356
 2.2 179652 224168 456356
 2.2 180180 224848 456356
 2.2 180708 225320 456356
 2.2 181236 225948 456356
 2.2 182028 226588 456356
 2.2 182556 227076 456356
 2.2 183084 227744 456356
 2.3 184140 228696 456356
 2.3 185196 229680 456356
 2.3 185460 230144 456356
 2.3 186252 230772 456356
 2.3 186780 231472 456356
 2.3 187572 232104 456356
 2.3 187836 232528 456356
 2.3 188628 233184 456356
 2.3 189420 234060 456356
 2.3 190740 235220 456356
 2.3 191004 235704 456356
 2.3 191796 236288 456356
 2.4 192588 237192 456356
 2.4 193380 237956 456356
 2.4 193908 238572 456356
 2.4 194700 239192 456356
 2.4 195228 239916 456356
 2.4 195492 239968 456356
 2.4 195492 239968 456356
 2.4 195492 239968 456356
 2.4 195492 239968 456356
 2.4 195492 239968 456356
 2.4 195492 239968 456356
 2.4 195492 239968 456356
 2.4 195492 239968 456356
 2.4 195492 239968 456356
 2.4 195492 239968 456356
 2.4 195492 239968 456356
 2.4 195492 239968 456356
 2.4 195492 239968 456356
 2.4 195492 239968 456356
 2.4 195492 239968 456356
 2.4 195492 239968 456356
 2.4 195492 239968 456356
 2.4 195492 239968 456356
 2.4 195492 239968 456356
 2.4 195492 239968 456356
 2.4 195492 239968 456356
 2.4 195492 239968 456356
 2.4 195492 239968 456356
 2.4 195492 239968 456356
 2.4 195492 239968 456356
 2.4 195492 239968 456356
 2.4 195492 239968 456356
 2.4 195492 239968 456356
 2.4 195492 239968 456356
 2.4 195492 239968 456356
 2.4 195492 239968 456356
 2.4 195492 239968 456356
 2.4 195492 239968 456356
 2.4 195492 239968 456356
 2.4 195492 239968 456356
 2.4 195492 239968 456356
 2.4 195492 239968 456356
 2.4 195492 239968 456356
 2.4 195492 239968 456356
 2.4 195492 239968 456356
 2.4 195492 239968 456356
 2.4 195492 239968 456356
 2.4 195492 239968 456356
 2.4 195492 239968 456356
 2.4 195492 239968 456356
 2.4 196284 241024 457412
 2.4 198396 243004 459392
 2.5 200244 244984 461372
 2.5 202356 246964 463352
 2.5 204204 248944 465332
 2.5 206316 250924 467312
 2.6 208164 252904 469292
 2.6 210276 255016 471404
 2.6 212388 256996 473384
 2.6 214500 258976 475364
 2.7 216348 260956 477344
 2.7 218460 262936 479324
 2.7 220308 264916 481304
 2.7 222420 267160 483548
 2.8 224532 269140 485528
 2.8 226644 271120 487508
 2.8 228492 273100 489488
 2.8 230604 275212 491600
 2.9 232452 277192 493580
 2.9 234564 279304 495692
 2.9 236676 281284 497672
 2.9 238788 283396 499784
 3.0 240636 285376 501764
 3.0 242748 287356 503744
 3.0 244596 289336 505724
 3.0 246708 291320 507708
 3.1 248556 293300 509688
 3.1 250668 295280 511668
 3.1 252780 297272 513660
 3.1 254628 299252 515640
 3.2 256476 301132 517496
 3.2 257004 301676 518024
 3.2 257004 301696 518024
 3.2 257004 301712 518024
 3.2 257004 301744 518024
 3.2 257004 301744 518024
 3.2 257004 301760 518024
 3.2 257268 301988 518024
 3.2 259376 304120 518024
 3.2 262544 307380 518024
 3.3 264656 309336 518024
 3.3 264656 309380 518024
 3.3 264656 309380 518024
 3.3 264656 309380 518024
 3.3 265184 310148 518024
 3.3 267296 312076 518024
 3.3 269144 313800 518024
 3.3 270464 315248 518024
 3.4 272576 317288 518024
 3.4 273104 318072 518024
 3.4 274688 319436 518024
 3.4 276008 320652 518024
 3.4 276008 320652 518024
 3.4 276008 320652 518024
 3.4 276008 320652 518024
 3.4 276008 320652 518024
 3.4 276008 320652 518024
 3.4 276008 320652 518024
 3.4 276008 320652 518024
 3.4 276008 320652 518024
 3.4 276008 320652 518024
 3.4 276008 320652 518024
 3.4 276008 320652 518024
 3.4 276008 320652 518024
 3.4 276008 320652 518024
 3.4 276008 320652 518024
 3.4 276008 320652 518024
 3.4 276008 320652 518024
 3.4 276008 320652 518024
 3.4 276008 320652 518024
 3.4 276008 320652 518024
 3.4 276008 320652 518024
 3.4 276008 320652 518024
 3.4 276008 320652 518024
 3.4 276008 320652 518024
 3.4 276008 320652 518024
 3.4 276008 320652 518024
 3.4 276072 320652 518024
 3.4 276072 320652 518024
 3.4 276072 320652 518024
 3.4 276072 320652 518024
 3.4 276072 320652 518024
 3.4 276072 320652 518024
 3.4 276072 320652 518024
 3.4 276072 320652 518024
 3.4 276072 320652 518024
 3.4 276072 320844 518024
 3.4 276072 320844 518024
 3.4 276072 320844 518024
 3.4 276256 320828 518008
 3.4 274540 304444 501616
 3.4 274540 304444 501616
 0.0     0     0      0
