coretemp-isa-0000
Adapter: ISA adapter
Package id 0:  +78.0°C  (high = +100.0°C, crit = +100.0°C)
Core 0:        +78.0°C  (high = +100.0°C, crit = +100.0°C)
Core 1:        +68.0°C  (high = +100.0°C, crit = +100.0°C)
Core 2:        +71.0°C  (high = +100.0°C, crit = +100.0°C)
Core 3:        +72.0°C  (high = +100.0°C, crit = +100.0°C)

pch_cannonlake-virtual-0
Adapter: Virtual device
temp1:        +62.0°C  

BAT0-acpi-0
Adapter: ACPI interface
in0:          12.60 V  
curr1:       1000.00 uA 

dell_smm-virtual-0
Adapter: Virtual device
fan1:        3926 RPM

radeon-pci-0100
Adapter: PCI adapter
temp1:            N/A  (crit = +120.0°C, hyst = +90.0°C)

acpitz-acpi-0
Adapter: ACPI interface
temp1:        +25.0°C  (crit = +107.0°C)

%MEM   RSS  SIZE    VSZ
 1.5 124216 717192 728192
 2.1 175416 717192 728192
 2.8 224568 717192 728192
 3.4 275768 733576 744584
 3.5 283960 741900 818316
 3.6 290104 741900 818316
 3.6 290104 741900 818316
 3.6 292152 741900 818316
 3.6 292152 741900 818316
 3.7 296248 741900 818316
 3.7 296248 741900 818316
 3.7 300344 741900 818316
 3.7 302392 741900 818316
 3.7 302392 741900 818316
 3.7 302392 741900 818316
 3.7 302392 741900 818316
 3.8 308536 741900 818316
 3.8 310584 741900 818316
 3.8 310584 741900 818316
 3.8 310584 741900 818316
 3.9 318776 741900 818316
 4.0 320824 741900 818316
 4.0 322872 741900 818316
 4.0 322872 741900 818316
 4.0 326968 741900 818316
 4.0 326968 741900 818316
 4.0 326968 741900 818316
 4.0 326968 741900 818316
 4.0 326968 741900 818316
 4.0 326968 741900 818316
 4.1 335160 741900 818316
 4.2 337208 741900 818316
 4.2 337208 741900 818316
 4.2 337208 741900 818316
 4.2 339256 741900 818316
 4.2 339256 741900 818316
 4.2 339256 741900 818316
 4.2 341304 741900 818316
 4.3 345400 741900 818316
 4.3 345400 741900 818316
 4.3 349496 741900 818316
 4.3 351544 741900 818316
 4.3 351544 741900 818316
 4.4 352540 741900 818316
 4.4 353332 741900 818316
 4.4 355096 741900 818316
 4.4 357172 741900 818316
 4.4 358228 741900 818316
 4.4 359812 741900 818316
 4.5 361396 741900 818316
 4.5 362980 741900 818316
 4.5 365884 741900 818316
 4.6 369052 741900 818316
 4.6 373012 741900 818316
 4.7 376444 741900 818316
 4.7 377764 741900 818316
 4.7 378556 741900 818316
 4.7 379084 741900 818316
 4.7 379612 741900 818316
 4.7 382780 741900 818316
 4.8 384364 741900 818316
 4.8 386476 741900 818316
 4.8 388588 741900 818316
 5.0 400204 741900 818316
 5.1 410764 741900 818316
 5.2 418948 741900 818316
 5.3 426604 741900 818316
 5.4 434260 741900 818316
 5.5 442444 741900 818316
 5.5 447196 741900 818316
 5.6 453004 741900 818316
 5.6 455116 741900 818316
 5.7 458284 741900 818316
 5.7 461188 741900 818316
 5.8 470428 741900 818316
 6.0 482308 741900 818316
 6.0 487588 742032 883852
 6.1 494188 742032 883852
 6.2 501580 742032 883852
 6.3 506596 742032 883852
 6.3 506860 742032 883852
 6.4 514516 742032 883852
 6.5 521644 742032 883852
 6.5 522436 742032 883852
 6.6 528772 742032 883852
 6.6 532204 742032 883852
 6.6 534052 742032 883852
 6.7 538540 742032 883852
 6.7 538540 742032 883852
 6.7 542764 742032 883852
 6.8 546196 742032 883852
 6.8 549100 742032 883852
 6.9 552532 742032 883852
 6.9 555700 742032 883852
 6.9 559396 742032 883852
 7.0 562036 742032 883852
 7.1 570220 742032 883852
 7.1 573388 742032 883852
 7.2 578140 742032 883852
 7.3 583948 742032 883852
 7.3 590020 742032 883852
 7.4 599260 742032 883852
 7.6 607708 742032 883852
 7.6 615100 742032 883852
 7.7 621700 742032 883852
 7.7 623548 742032 883852
 7.8 629356 742032 883852
 8.0 641764 742032 883852
 8.0 645196 742032 883852
 8.1 651268 742032 883852
 8.2 655756 742032 883852
 8.2 655756 742032 883852
 8.2 659980 742032 883852
 8.2 659980 742032 883852
 8.2 662620 742032 883852
 8.2 663412 742032 883852
 8.3 665788 742032 883852
 8.3 668692 742032 883852
 8.3 668692 742032 883852
 8.3 668692 742032 883852
 8.4 672124 742032 883852
 8.4 673180 742032 883852
 8.4 674236 742032 883852
 8.4 675556 742032 883852
 8.4 675556 742032 883852
 8.4 677404 742032 883852
 8.4 679252 742032 883852
 8.4 679252 742032 883852
 8.4 679252 742032 883852
 8.5 684004 742032 883852
 8.5 684004 742032 883852
 8.6 687964 742032 883852
 8.6 690076 742032 883852
 8.6 692452 742032 883852
 8.6 694300 742032 883852
 8.6 694828 742032 883852
 8.7 701428 742032 883852
 8.8 704860 742032 883852
 8.8 704860 742032 883852
 8.8 706708 742032 883852
 8.8 710140 742032 883852
 8.8 710140 742032 883852
 8.9 715684 742032 883852
 9.0 720172 742032 883852
 9.0 720172 742032 883852
 9.0 720372 742032 883852
 9.0 720372 742032 883852
 9.0 720372 742032 883852
 9.0 720372 742032 883852
 9.0 720372 742032 883852
 9.0 720372 742032 883852
 9.0 720372 742032 883852
 9.0 720372 742032 883852
 9.0 720372 742032 883852
 9.0 720372 742032 883852
 9.0 720372 742032 883852
 9.0 720372 742032 883852
 9.0 720372 742032 883852
 9.0 720372 742032 883852
 9.0 720372 742032 883852
 9.0 720372 742032 883852
 9.0 720372 742032 883852
 9.0 720372 742032 883852
 9.0 720372 742032 883852
 9.0 720372 742032 883852
 9.0 720372 742032 883852
 9.0 720372 742032 883852
 9.0 720372 742032 883852
 9.0 720372 742032 883852
 9.0 720372 742032 883852
 9.0 720372 742032 883852
 9.0 720372 742032 883852
 9.0 720372 742032 883852
 9.0 720372 742032 883852
 9.0 720372 742032 883852
 9.0 720372 742032 883852
 9.0 720372 742032 883852
 9.0 720372 742032 883852
 9.0 720372 742032 883852
 9.0 720372 742032 883852
 9.0 720372 742032 883852
 9.0 720372 742032 883852
 9.0 720372 742032 883852
 9.0 720372 742032 883852
 9.0 720372 742032 883852
 9.0 720372 742032 883852
 9.0 720372 742032 883852
 9.0 720372 742032 883852
 9.0 720372 742032 883852
 9.0 720372 742032 883852
 9.0 720372 742032 883852
 9.0 720372 742032 883852
 9.0 720372 742032 883852
 9.0 720372 742032 883852
 9.0 720372 742032 883852
 9.0 720372 742032 883852
 9.0 720372 742032 883852
 9.0 720372 742032 883852
 9.0 720372 742032 883852
 9.0 720372 742032 883852
 9.0 720372 742032 883852
 9.0 720372 742032 883852
 9.0 720372 742032 883852
 9.0 720372 742032 883852
 9.0 720372 742032 883852
 9.0 720372 742032 883852
 9.0 720372 742032 883852
 9.0 720372 742032 883852
 9.0 720372 742032 883852
 9.0 720372 742032 883852
 9.0 720372 742032 883852
 9.0 720372 742032 883852
 9.0 720372 742032 883852
 9.0 720372 742032 883852
 9.0 720372 742032 883852
 9.0 720372 742032 883852
 9.0 720372 742032 883852
 9.0 720372 742032 883852
 9.0 720372 742032 883852
 9.0 720372 742032 883852
 9.0 720372 742032 883852
 9.0 720372 742032 883852
 9.0 720372 742032 883852
 9.0 720372 742032 883852
 9.0 720372 742032 883852
 9.0 720372 742032 883852
 9.0 720372 742032 883852
 9.0 720372 742032 883852
 9.0 720372 742032 883852
 9.0 720372 742032 883852
 9.0 720372 742032 883852
 9.0 720372 742032 883852
 9.0 720372 742032 883852
 9.0 720372 742032 883852
 9.0 720372 742032 883852
 9.0 720372 742032 883852
 9.0 720372 742032 883852
 9.0 720372 742032 883852
 9.0 720372 742032 883852
 9.0 720372 742032 883852
 9.0 720372 742032 883852
 9.0 720372 742032 883852
 9.0 720372 742032 883852
 9.0 720372 742032 883852
 9.0 720372 742032 883852
 9.0 720372 742032 883852
 9.0 720372 742032 883852
 9.0 720372 742032 883852
 9.0 720372 742032 883852
 9.0 720372 742032 883852
 9.0 720372 742032 883852
 9.0 720372 742032 883852
 9.0 720372 742032 883852
 9.0 720372 742032 883852
 9.0 720372 742032 883852
 9.0 720372 742032 883852
 9.0 720372 742032 883852
 9.0 720372 742032 883852
 9.0 720372 742032 883852
 9.0 720372 742032 883852
 9.0 720372 742032 883852
 9.0 720372 742032 883852
 9.0 720372 742032 883852
 9.0 720372 742032 883852
 9.0 720372 742032 883852
 9.0 720372 742032 883852
 9.0 720372 742032 883852
 9.0 720372 742032 883852
 9.0 720372 742032 883852
 9.0 720372 742032 883852
 9.0 720372 742032 883852
 9.0 720372 742032 883852
 9.0 720372 742032 883852
 9.0 720372 742032 883852
 9.0 720372 742032 883852
 9.0 720372 742032 883852
 9.0 720372 742032 883852
 9.0 720372 742032 883852
 9.0 720372 742032 883852
 9.0 720372 742032 883852
 9.0 720372 742032 883852
 9.0 720372 742032 883852
 9.0 720372 742032 883852
 9.0 720372 742032 883852
 9.0 720372 742032 883852
 9.0 720372 742032 883852
 9.0 720372 742032 883852
 9.0 720372 742032 883852
 9.0 720372 742032 883852
 9.0 720372 742032 883852
 9.0 720376 742032 883852
 9.0 720376 742032 883852
 9.0 720376 742032 883852
 9.0 720376 742032 883852
 9.0 720376 742032 883852
 9.0 720376 742032 883852
 9.0 720376 742032 883852
 9.0 720376 742032 883852
 9.0 720376 742032 883852
 9.0 720376 742032 883852
 9.0 720376 742032 883852
 9.0 720376 742032 883852
 9.0 720376 742032 883852
 9.0 720376 742032 883852
 9.0 720376 742032 883852
 9.0 720376 742032 883852
 9.0 720376 742032 883852
 9.0 720376 742032 883852
 9.0 720376 742032 883852
 9.0 720376 742032 883852
 9.0 720376 742032 883852
 9.0 720376 742032 883852
 9.0 720376 742032 883852
 9.0 720376 742032 883852
 9.0 720376 742032 883852
 9.0 720376 742032 883852
 9.0 720376 742032 883852
 9.0 720376 742032 883852
 9.0 720376 742032 883852
 9.0 720376 742032 883852
 9.0 720376 742032 883852
 9.0 720376 742032 883852
 9.0 720376 742032 883852
 9.0 720376 742032 883852
 9.0 720376 742032 883852
 9.0 720376 742032 883852
 9.0 720376 742032 883852
 9.0 720376 742032 883852
 9.0 720376 742032 883852
 9.0 720376 742032 883852
 9.0 720376 742032 883852
 9.0 720376 742032 883852
 9.0 720376 742032 883852
 9.0 720376 742032 883852
 9.0 720376 742032 883852
 9.0 720376 742032 883852
 9.0 720376 742032 883852
 9.0 720376 742032 883852
 9.0 720376 742032 883852
 9.0 720376 742032 883852
 9.0 720376 742032 883852
 9.0 720376 742032 883852
 9.0 720376 742032 883852
 9.0 720376 742032 883852
 9.0 720376 742032 883852
 9.0 720376 742032 883852
 9.0 720376 742032 883852
 9.0 720376 742032 883852
 9.0 720376 742032 883852
 9.0 720376 742032 883852
 9.0 720376 742032 883852
 9.0 720376 742032 883852
 9.0 720376 742032 883852
 9.0 720376 742032 883852
 9.0 720376 742032 883852
 9.0 720376 742032 883852
 9.0 720376 742032 883852
 9.0 720376 742032 883852
 9.0 720376 742032 883852
 9.0 720376 742032 883852
 9.0 720376 742032 883852
 9.0 720376 742032 883852
 9.0 720376 742032 883852
 9.0 720376 742032 883852
 9.0 720376 742032 883852
 9.0 720376 742032 883852
 9.0 720376 742032 883852
 9.0 720376 742032 883852
 9.0 720376 742032 883852
 9.0 720376 742032 883852
 9.0 720376 742032 883852
 9.0 720376 742032 883852
 9.0 720376 742032 883852
 9.0 720376 742032 883852
 9.0 720376 742032 883852
 9.0 720376 742032 883852
 9.0 720376 742032 883852
 9.0 720376 742032 883852
 9.0 720376 742032 883852
 9.0 720376 742032 883852
 9.0 720376 742032 883852
 9.0 720376 742032 883852
 9.0 720376 742032 883852
 9.0 720376 742032 883852
 9.0 720376 742032 883852
 9.0 720376 742032 883852
 9.0 720376 742032 883852
 9.0 720376 742032 883852
 9.0 720376 742032 883852
 9.0 720376 742032 883852
 9.0 720376 742032 883852
 9.0 720376 742032 883852
 9.0 720376 742032 883852
 9.0 720376 742032 883852
 9.0 720376 742032 883852
 9.0 720376 742032 883852
 9.0 720376 742032 883852
 9.0 720376 742032 883852
 9.0 720376 742032 883852
 9.0 720376 742032 883852
 9.0 720376 742032 883852
 9.0 720376 742032 883852
 9.0 720376 742032 883852
 9.0 720376 742032 883852
 9.0 720376 742032 883852
 9.0 720376 742032 883852
 9.0 720376 742032 883852
 9.0 720376 742032 883852
 9.0 720376 742032 883852
 9.0 720376 742032 883852
 9.0 720376 742032 883852
 9.0 720376 742032 883852
 9.0 720376 742032 883852
 9.0 720376 742032 883852
 9.0 720376 742032 883852
 9.0 720376 742032 883852
 9.0 720376 742032 883852
 9.0 720376 742032 883852
 9.0 720376 742032 883852
 9.0 720376 742032 883852
 9.0 720376 742032 883852
 9.0 720376 742032 883852
 9.0 720376 742032 883852
 9.0 720376 742032 883852
 9.0 720376 742032 883852
 9.0 720376 742032 883852
 9.0 720376 742032 883852
 9.0 720376 742032 883852
 9.0 720376 742032 883852
 9.0 720376 742032 883852
 9.0 720376 742032 883852
 9.0 720376 742032 883852
 9.0 720376 742032 883852
 9.0 720376 742032 883852
 9.0 720376 742032 883852
 9.0 720376 742032 883852
 9.0 720376 742032 883852
 9.0 720376 742032 883852
 9.0 720376 742032 883852
 9.0 720376 742032 883852
 9.0 720376 742032 883852
 9.0 720376 742032 883852
 9.0 720376 742032 883852
 9.0 720376 742032 883852
 9.0 720376 742032 883852
 9.0 720376 742032 883852
 9.0 720376 742032 883852
 9.0 720376 742032 883852
 9.0 720376 742032 883852
 9.0 720376 742032 883852
 9.0 720376 742032 883852
 9.0 720376 742032 883852
 9.0 720376 742032 883852
 9.0 720376 742032 883852
 9.0 720376 742032 883852
 9.0 720376 742032 883852
 9.0 720376 742032 883852
 9.0 720376 742032 883852
 9.0 720376 742032 883852
 9.0 720376 742032 883852
 9.0 720376 742032 883852
 9.0 720376 742032 883852
 9.0 720376 742032 883852
 9.0 720376 742032 883852
 9.0 720376 742032 883852
 9.0 720376 742032 883852
 9.0 720376 742032 883852
 9.0 720376 742032 883852
 9.0 720376 742032 883852
 9.0 720376 742032 883852
 9.0 720376 742032 883852
 9.0 720376 742032 883852
 9.0 720376 742032 883852
 9.0 720376 742032 883852
 9.0 720376 742032 883852
 9.0 720376 742032 883852
 9.0 720376 742032 883852
 9.0 720376 742032 883852
 9.0 720376 742032 883852
 9.0 720376 742032 883852
 9.0 720376 742032 883852
 9.0 720376 742032 883852
 9.0 720376 742032 883852
 9.0 720376 742032 883852
 9.0 720376 742032 883852
 9.0 720376 742032 883852
 9.0 720376 742032 883852
 9.0 720376 742032 883852
 9.0 720376 742032 883852
 9.0 720376 742032 883852
 9.0 720376 742032 883852
 9.0 720376 742032 883852
 9.0 720376 742032 883852
 9.0 720376 742032 883852
 9.0 720376 742032 883852
 9.0 720376 742032 883852
 9.0 720376 742032 883852
 9.0 720376 742032 883852
 9.0 720376 742032 883852
 9.0 720376 742032 883852
 9.0 720376 742032 883852
 9.0 720376 742032 883852
 9.0 720376 742032 883852
 9.0 720376 742032 883852
 9.0 720376 742032 883852
 9.0 720376 742032 883852
 9.0 720376 742032 883852
 9.0 720376 742032 883852
 9.0 720376 742032 883852
 9.0 720376 742032 883852
 9.0 720376 742032 883852
 9.0 720376 742032 883852
 9.0 720376 742032 883852
 9.0 720376 742032 883852
 9.0 720376 742032 883852
 9.0 720376 742032 883852
 9.0 720376 742032 883852
 9.0 720376 742032 883852
 9.0 720376 742032 883852
 9.0 720376 742032 883852
 9.0 720376 742032 883852
 9.0 720376 742032 883852
 9.0 720376 742032 883852
 9.0 720376 742032 883852
 9.0 720376 742032 883852
 9.0 720376 742032 883852
 9.0 720376 742032 883852
 9.0 720376 742032 883852
 9.0 720376 742032 883852
 9.0 720376 742032 883852
 9.0 720376 742032 883852
 9.0 720376 742032 883852
 9.0 720376 742032 883852
 9.0 720376 742032 883852
 9.0 720376 742032 883852
 9.0 720376 742032 883852
 9.0 720376 742032 883852
 9.0 720376 742032 883852
 9.0 720376 742032 883852
 9.0 720376 742032 883852
 9.0 720376 742032 883852
 9.0 720376 742032 883852
 9.0 720376 742032 883852
 9.0 720376 742032 883852
 9.0 720376 742032 883852
 9.0 720376 742032 883852
 9.0 720376 742032 883852
 9.0 720376 742032 883852
 9.0 720376 742032 883852
 9.0 720376 742032 883852
 9.0 720376 742032 883852
 9.0 720376 742032 883852
 9.0 720376 742032 883852
 9.0 720376 742032 883852
 9.0 720376 742032 883852
 9.0 720376 742032 883852
 9.0 720376 742032 883852
 9.0 720376 742032 883852
 9.0 720376 742032 883852
 9.0 720376 742032 883852
 9.0 720376 742032 883852
 9.0 720376 742032 883852
 9.0 720376 742032 883852
 9.0 720376 742032 883852
 9.0 720376 742032 883852
 9.0 720376 742032 883852
 9.0 720376 742032 883852
 9.0 720376 742032 883852
 9.0 720376 742032 883852
 9.0 720376 742032 883852
 9.0 720376 742032 883852
 9.0 720376 742032 883852
 9.0 720376 742032 883852
 9.0 720376 742032 883852
 9.0 720376 742032 883852
 9.0 720376 742032 883852
 9.0 720376 742032 883852
 9.0 720376 742032 883852
 9.0 720376 742032 883852
 9.0 720376 742032 883852
 9.0 720376 742032 883852
 9.0 720376 742032 883852
 9.0 720376 742032 883852
 9.0 720376 742032 883852
 9.0 720376 742032 883852
 9.0 720376 742032 883852
 9.0 720376 742032 883852
 9.0 720376 742032 883852
 9.0 720376 742032 883852
 9.0 720376 742032 883852
 9.0 720376 742032 883852
 9.0 720376 742032 883852
 9.0 720376 742032 883852
 9.0 720376 742032 883852
 9.0 720376 742032 883852
 9.0 720376 742032 883852
 9.0 720376 742032 883852
 9.0 720376 742032 883852
 9.0 720376 742032 883852
 9.0 720376 742032 883852
 9.0 720376 742032 883852
 9.0 720376 742032 883852
 9.0 720376 742032 883852
 9.0 720376 742032 883852
 9.0 720376 742032 883852
 9.0 720376 742032 883852
 9.0 720376 742032 883852
 9.0 720376 742032 883852
 9.0 720376 742032 883852
 9.0 720376 742032 883852
 9.0 720376 742032 883852
 9.0 720376 742032 883852
 9.0 720376 742032 883852
 9.0 720376 742032 883852
 9.0 720376 742032 883852
 9.0 720376 742032 883852
 9.0 720376 742032 883852
 9.0 720376 742032 883852
 9.0 720376 742032 883852
 9.0 720376 742032 883852
 9.0 720376 742032 883852
 9.0 720376 742032 883852
 9.0 720376 742032 883852
 9.0 720376 742032 883852
 9.0 720376 742032 883852
 9.0 720376 742032 883852
 9.0 720376 742032 883852
 9.0 720376 742032 883852
 9.0 720376 742032 883852
 9.0 720376 742032 883852
 9.0 720376 742032 883852
 9.0 720376 742032 883852
 9.0 720376 742032 883852
 9.0 720376 742032 883852
 9.0 720376 742032 883852
 9.0 720376 742032 883852
 9.0 720376 742032 883852
 9.0 720376 742032 883852
 9.0 720376 742032 883852
 9.0 720376 742032 883852
 9.0 720376 742032 883852
 9.0 720376 742032 883852
 9.0 720376 742032 883852
 9.0 720376 742032 883852
 9.0 720376 742032 883852
 9.0 720376 742032 883852
 9.0 720376 742032 883852
 9.0 720376 742032 883852
 9.0 720376 742032 883852
 9.0 720376 742032 883852
 9.0 720376 742032 883852
 9.0 720376 742032 883852
 9.0 720376 742032 883852
 9.0 720376 742032 883852
 9.0 720376 742032 883852
 9.0 720376 742032 883852
 9.0 720376 742032 883852
 9.0 720376 742032 883852
 9.0 720376 742032 883852
 9.0 720376 742032 883852
 9.0 720376 742032 883852
 9.0 720376 742032 883852
 9.0 720376 742032 883852
 9.0 720376 742032 883852
 9.0 720376 742032 883852
 9.0 720376 742032 883852
 9.0 720376 742032 883852
 9.0 720376 742032 883852
 9.0 720376 742032 883852
 9.0 720376 742032 883852
 9.0 720376 742032 883852
 9.0 720376 742032 883852
 9.0 720376 742032 883852
 9.0 720376 742032 883852
 9.0 720376 742032 883852
 9.0 720376 742032 883852
 9.0 720376 742032 883852
 9.0 720376 742032 883852
 9.0 720376 742032 883852
 9.0 720376 742032 883852
 9.0 720376 742032 883852
 9.0 720376 742032 883852
 9.0 720376 742032 883852
 9.0 720376 742032 883852
 9.0 720376 742032 883852
 9.0 720376 742032 883852
 9.0 720376 742032 883852
 9.0 720376 742032 883852
 9.0 720376 742032 883852
 9.0 720376 742032 883852
 9.0 720376 742032 883852
 9.0 720376 742032 883852
 9.0 720376 742032 883852
 9.0 720376 742032 883852
 9.0 720376 742032 883852
 9.0 720376 742032 883852
 9.0 720376 742032 883852
 9.0 720376 742032 883852
 9.0 720376 742032 883852
 9.0 720376 742032 883852
 9.0 720376 742032 883852
 9.0 720376 742032 883852
 9.0 720376 742032 883852
 9.0 720376 742032 883852
 9.0 720376 742032 883852
 9.0 720376 742032 883852
 9.0 720376 742032 883852
 9.0 720376 742032 883852
 9.0 720376 742032 883852
 9.0 720376 742032 883852
 9.0 720376 742032 883852
 9.0 720376 742032 883852
 9.0 720376 742032 883852
 9.0 720376 742032 883852
 9.0 720376 742032 883852
 9.0 720376 742032 883852
 9.0 720376 742032 883852
 9.0 720376 742032 883852
 9.0 720376 742032 883852
 9.0 720376 742032 883852
 9.0 720376 742032 883852
 9.0 720376 742032 883852
 9.0 720376 742032 883852
 9.0 720376 742032 883852
 9.0 720376 742032 883852
 9.0 720376 742032 883852
 9.0 720376 742032 883852
 9.0 720376 742032 883852
 9.0 720376 742032 883852
 9.0 720376 742032 883852
 9.0 720376 742032 883852
 9.0 720376 742032 883852
 9.0 720376 742032 883852
 9.0 720376 742032 883852
 9.0 720376 742032 883852
 9.0 720376 742032 883852
 9.0 720376 742032 883852
 9.0 720376 742032 883852
 9.0 720376 742032 883852
 9.0 720376 742032 883852
 9.0 720376 742032 883852
 9.0 720376 742032 883852
 9.0 720376 742032 883852
 9.0 720376 742032 883852
 9.0 720376 742032 883852
 9.0 720376 742032 883852
 9.0 720376 742032 883852
 9.0 720376 742032 883852
 9.0 720376 742032 883852
 9.0 720376 742032 883852
 9.0 720376 742032 883852
 9.0 720376 742032 883852
 9.0 720376 742032 883852
 9.0 720376 742032 883852
 9.0 720376 742032 883852
 9.0 720376 742032 883852
 9.0 720376 742032 883852
 9.0 720376 742032 883852
 9.0 720376 742032 883852
 9.0 720376 742032 883852
 9.0 720376 742032 883852
 9.0 720376 742032 883852
 9.0 720376 742032 883852
 9.0 720376 742032 883852
 9.0 720376 742032 883852
 9.0 720376 742032 883852
 9.0 720376 742032 883852
 9.0 720376 742032 883852
 9.0 720376 742032 883852
 9.0 720376 742032 883852
 9.0 720376 742032 883852
 9.0 720376 742032 883852
 9.0 720376 742032 883852
 9.0 720376 742032 883852
 9.0 720376 742032 883852
 9.0 720376 742032 883852
 9.0 720376 742032 883852
 9.0 720376 742032 883852
 9.0 720376 742032 883852
 9.0 720376 742032 883852
 9.0 720376 742032 883852
 9.0 720376 742032 883852
 9.0 720376 742032 883852
 9.0 720376 742032 883852
 9.0 720376 742032 883852
 9.0 720376 742032 883852
 9.0 720376 742032 883852
 9.0 720376 742032 883852
 9.0 720376 742032 883852
 9.0 720376 742032 883852
 9.0 720376 742032 883852
 9.0 720376 742032 883852
 9.0 720376 742032 883852
 9.0 720376 742032 883852
 9.0 720376 742032 883852
 9.0 720376 742032 883852
 9.0 720376 742032 883852
 9.0 720376 742032 883852
 9.0 720376 742032 883852
 9.0 720376 742032 883852
 9.0 720376 742032 883852
 9.0 720376 742032 883852
 9.0 720376 742032 883852
 9.0 720376 742032 883852
 9.0 720376 742032 883852
 9.0 720376 742032 883852
 9.0 720376 742032 883852
 9.0 720376 742032 883852
 9.0 720376 742032 883852
 9.0 720376 742032 883852
 9.0 720376 742032 883852
 9.0 720376 742032 883852
 9.0 720376 742032 883852
 9.0 720376 742032 883852
 9.0 720376 742032 883852
 9.0 720376 742032 883852
 9.0 720376 742032 883852
 9.0 720376 742032 883852
 9.0 720376 742032 883852
 9.0 720376 742032 883852
 9.0 720376 742032 883852
 9.0 720376 742032 883852
 9.0 720376 742032 883852
 9.0 720376 742032 883852
 9.0 720376 742032 883852
 9.0 720376 742032 883852
 9.0 720376 742032 883852
 9.0 720376 742032 883852
 9.0 720376 742032 883852
 9.0 720376 742032 883852
 9.0 720376 742032 883852
 9.0 720376 742032 883852
 9.0 720376 742032 883852
 9.0 720376 742032 883852
 9.0 720376 742032 883852
 9.0 720376 742032 883852
 9.0 720376 742032 883852
 9.0 720376 742032 883852
 9.0 720376 742032 883852
 9.0 720376 742032 883852
 9.0 720376 742032 883852
 9.0 720376 742032 883852
 9.0 720376 742032 883852
 9.0 720376 742032 883852
 9.0 720376 742032 883852
 9.0 720376 742032 883852
 9.0 720376 742032 883852
 9.0 720376 742032 883852
 9.0 720376 742032 883852
 9.0 720376 742032 883852
 9.0 720376 742032 883852
 9.0 720376 742032 883852
 9.0 720376 742032 883852
 9.0 720376 742032 883852
 9.0 720376 742032 883852
 9.0 720376 742032 883852
 9.0 720376 742032 883852
 9.0 720376 742032 883852
 9.0 720376 742032 883852
 9.0 720376 742032 883852
 9.0 720376 742032 883852
 9.0 720376 742032 883852
 9.0 720376 742032 883852
 9.0 720376 742032 883852
 9.0 720376 742032 883852
 9.0 720376 742032 883852
 9.0 720376 742032 883852
 9.0 720376 742032 883852
 9.0 720376 742032 883852
 9.0 720376 742032 883852
 9.0 720376 742032 883852
 9.0 720376 742032 883852
 9.0 720376 742032 883852
 9.0 720376 742032 883852
 9.0 720376 742032 883852
 9.0 720376 742032 883852
 9.0 720376 742032 883852
 9.0 720376 742032 883852
 9.0 720376 742032 883852
 9.0 720376 742032 883852
 9.0 720376 742032 883852
 9.0 720376 742032 883852
 9.0 720376 742032 883852
 9.0 720376 742032 883852
 9.0 720376 742032 883852
 9.0 720376 742032 883852
 9.0 720376 742032 883852
 9.0 720376 742032 883852
 9.0 720376 742032 883852
 9.0 720376 742032 883852
 9.0 720376 742032 883852
 9.0 720376 742032 883852
 9.0 720376 742032 883852
 9.0 720376 742032 883852
 9.0 720376 742032 883852
 9.0 720376 742032 883852
 9.0 720376 742032 883852
 9.0 720376 742032 883852
 9.0 720376 742032 883852
 9.0 720376 742032 883852
 9.0 720376 742032 883852
 9.0 720376 742032 883852
 9.0 720376 742032 883852
 9.0 720376 742032 883852
 9.0 720376 742032 883852
 9.0 720376 742032 883852
 9.0 720376 742032 883852
 9.0 720376 742032 883852
 9.0 720376 742032 883852
 9.0 720376 742032 883852
 9.0 720376 742032 883852
 9.0 720376 742032 883852
 9.0 720376 742032 883852
 9.0 720376 742032 883852
 9.0 720376 742032 883852
 9.0 720376 742032 883852
 9.0 720376 742032 883852
 9.0 720376 742032 883852
 9.0 720376 742032 883852
 9.0 720376 742032 883852
 9.0 720376 742032 883852
 9.0 720376 742032 883852
 9.0 720376 742032 883852
 9.0 720376 742032 883852
 9.0 720376 742032 883852
 9.0 720376 742032 883852
 9.0 720376 742032 883852
 9.0 720376 742032 883852
 9.0 720376 742032 883852
 9.0 720376 742032 883852
 9.0 720376 742032 883852
 9.0 720376 742032 883852
 9.0 720376 742032 883852
 9.0 720376 742032 883852
 9.0 720376 742032 883852
 9.0 720376 742032 883852
 9.0 720376 742032 883852
 9.0 720376 742032 883852
 9.0 720376 742032 883852
 9.0 720376 742032 883852
 9.0 720376 742032 883852
 9.0 720376 742032 883852
 9.0 720376 742032 883852
 9.0 720376 742032 883852
 9.0 720376 742032 883852
 9.0 720376 742032 883852
 9.0 720376 742032 883852
 9.0 720376 742032 883852
 9.0 720376 742032 883852
 9.0 720376 742032 883852
 9.0 720376 742032 883852
 9.0 720376 742032 883852
 9.0 720376 742032 883852
 9.0 720376 742032 883852
 9.0 720376 742032 883852
 9.0 720376 742032 883852
 9.0 720376 742032 883852
 9.0 720376 742032 883852
 9.0 720376 742032 883852
 9.0 720376 742032 883852
 9.0 720376 742032 883852
 9.0 720376 742032 883852
 9.0 720376 742032 883852
 9.0 720376 742032 883852
 9.0 720376 742032 883852
 9.0 720376 742032 883852
 9.0 720376 742032 883852
 9.0 720376 742032 883852
 9.0 720376 742032 883852
 9.0 720376 742032 883852
 9.0 720376 742032 883852
 9.0 720376 742032 883852
 9.0 720376 742032 883852
 9.0 720376 742032 883852
 9.0 720376 742032 883852
 9.0 720376 742032 883852
 9.0 720376 742032 883852
 9.0 720376 742032 883852
 9.0 720376 742032 883852
 9.0 720376 742032 883852
 9.0 720376 742032 883852
 9.0 720376 742032 883852
 9.0 720376 742032 883852
 9.0 720376 742032 883852
 9.0 720376 742032 883852
 9.0 720376 742032 883852
 9.0 720376 742032 883852
 9.0 720376 742032 883852
 9.0 720376 742032 883852
 9.0 720376 742032 883852
 9.0 720376 742032 883852
 9.0 720376 742032 883852
 9.0 720376 742032 883852
 9.0 720376 742032 883852
 9.0 720376 742032 883852
 9.0 720376 742032 883852
 9.0 720376 742032 883852
 9.0 720376 742032 883852
 9.0 720376 742032 883852
 9.0 720376 742032 883852
 9.0 720376 742032 883852
 9.0 720376 742032 883852
 9.0 720376 742032 883852
 9.0 720376 742032 883852
 9.0 720376 742032 883852
 9.0 720376 742032 883852
 9.0 720376 742032 883852
 9.0 720376 742032 883852
 9.0 720376 742032 883852
 9.0 720376 742032 883852
 9.0 720376 742032 883852
 9.0 720376 742032 883852
 9.0 720376 742032 883852
 9.0 720376 742032 883852
 9.0 720376 742032 883852
 9.0 720376 742032 883852
 9.0 720376 742032 883852
 9.0 720376 742032 883852
 9.0 720376 742032 883852
 9.0 720376 742032 883852
 9.0 720376 742032 883852
 9.0 720376 742032 883852
 9.0 720376 742032 883852
 9.0 720376 742032 883852
 9.0 720376 742032 883852
 9.0 720376 742032 883852
 9.0 720376 742032 883852
 9.0 720376 742032 883852
 9.0 720376 742032 883852
 9.0 720376 742032 883852
 9.0 720376 742032 883852
 9.0 720376 742032 883852
 9.0 720376 742032 883852
 9.0 720376 742032 883852
 9.0 720376 742032 883852
 9.0 720376 742032 883852
 9.0 720376 742032 883852
 9.0 720376 742032 883852
 9.0 720376 742032 883852
 9.0 720376 742032 883852
 9.0 720376 742032 883852
 9.0 720376 742032 883852
 9.0 720376 742032 883852
 9.0 720376 742032 883852
 9.0 720376 742032 883852
 9.0 720376 742032 883852
 9.0 720376 742032 883852
 9.0 720376 742032 883852
 9.0 720376 742032 883852
 9.0 720376 742032 883852
 9.0 720376 742032 883852
 9.0 720376 742032 883852
 9.0 720376 742032 883852
 9.0 720376 742032 883852
 9.0 720376 742032 883852
 9.0 720376 742032 883852
 9.0 720376 742032 883852
 9.0 720376 742032 883852
 9.0 720376 742032 883852
 9.0 720376 742032 883852
 9.0 720376 742032 883852
 9.0 720376 742032 883852
 9.0 720376 742032 883852
 9.0 720376 742032 883852
 9.0 720376 742032 883852
 9.0 720376 742032 883852
 9.0 720376 742032 883852
 9.0 720376 742032 883852
 9.0 720376 742032 883852
 9.0 720376 742032 883852
 9.0 720376 742032 883852
 9.0 720376 742032 883852
 9.0 720376 742032 883852
 9.0 720376 742032 883852
 9.0 720376 742032 883852
 9.0 720376 742032 883852
 9.0 720376 742032 883852
 9.0 720376 742032 883852
 9.0 720376 742032 883852
 9.0 720376 742032 883852
 7.4 597840 742032 883852
 3.3 264976 742032 883852
 0.0  3588 25228 167048
 0.4 34316 127632 269452
 1.0 87564 127632 269452
 1.7 136632 230036 371856
 2.3 189880 230036 371856
 2.9 239132 332440 474260
 3.6 292380 332440 474260
 4.2 343480 434844 576664
 4.9 398176 434844 576664
 5.5 442000 537248 679068
 6.0 485296 537248 679068
 6.6 528328 639652 781472
 7.1 571360 639652 781472
 7.6 614656 639652 781472
 8.2 659272 742056 883876
 8.7 703624 742056 883876
 9.0 720256 742056 883876
 9.0 720256 742056 883876
 9.0 720256 742056 883876
 9.0 720256 742056 883876
 9.0 720256 742056 883876
 9.0 720256 742056 883876
 9.0 720256 742056 883876
 9.0 720256 742056 883876
 9.0 720256 742056 883876
 9.0 720256 742056 883876
 9.0 720256 742056 883876
 9.0 720256 742056 883876
 9.0 720256 742056 883876
 9.0 720256 742056 883876
 9.0 720256 742056 883876
 9.0 720256 742056 883876
 9.0 720256 742056 883876
 9.0 720256 742056 883876
 9.0 720256 742056 883876
 9.0 720256 742056 883876
 9.0 720256 742056 883876
 9.0 720256 742056 883876
 9.0 720256 742056 883876
 9.0 720256 742056 883876
 9.0 720256 742056 883876
 9.0 720256 742056 883876
 9.0 720256 742056 883876
 9.0 720256 742056 883876
 9.0 720256 742056 883876
 9.0 720256 742056 883876
 9.0 720256 742056 883876
 9.0 720256 742056 883876
 9.0 720256 742056 883876
 9.0 720256 742056 883876
 9.0 720256 742056 883876
 9.0 720256 742056 883876
 9.0 720256 742056 883876
 9.0 720256 742056 883876
 9.0 720256 742056 883876
 9.0 720256 742056 883876
 9.0 720256 742056 883876
 9.0 720256 742056 883876
 9.0 720256 742056 883876
 9.0 720256 742056 883876
 9.0 720256 742056 883876
 9.0 720256 742056 883876
 9.0 720256 742056 883876
 9.0 720256 742056 883876
 9.0 720256 742056 883876
 9.0 720256 742056 883876
 9.0 720256 742056 883876
 9.0 720256 742056 883876
 9.0 720256 742056 883876
 9.0 720256 742056 883876
 9.0 720256 742056 883876
 9.0 720256 742056 883876
 9.0 720256 742056 883876
 9.0 720256 742056 883876
 9.0 720256 742056 883876
 9.0 720256 742056 883876
 9.0 720256 742056 883876
 9.0 720256 742056 883876
 9.0 720256 742056 883876
 9.0 720256 742056 883876
 9.0 720256 742056 883876
 9.0 720256 742056 883876
 9.0 720256 742056 883876
 9.0 720256 742056 883876
 9.0 720256 742056 883876
 9.0 720256 742056 883876
 9.0 720256 742056 883876
 9.0 720256 742056 883876
 9.0 720256 742056 883876
 9.0 720256 742056 883876
 9.0 720256 742056 883876
 9.0 720256 742056 883876
 9.0 720256 742056 883876
 9.0 720256 742056 883876
 9.0 720256 742056 883876
 9.0 720256 742056 883876
 9.0 720256 742056 883876
 9.0 720256 742056 883876
 9.0 720256 742056 883876
 9.0 720256 742056 883876
 9.0 720256 742056 883876
 9.0 720256 742056 883876
 9.0 720256 742056 883876
 9.0 720256 742056 883876
 9.0 720256 742056 883876
 9.0 720256 742056 883876
 9.0 720256 742056 883876
 9.0 720256 742056 883876
 9.0 720256 742056 883876
 9.0 720256 742056 883876
 9.0 720256 742056 883876
 9.0 720256 742056 883876
 9.0 720256 742056 883876
 9.0 720256 742056 883876
 9.0 720256 742056 883876
 9.0 720256 742056 883876
 9.0 720256 742056 883876
 9.0 720256 742056 883876
 9.0 720256 742056 883876
 9.0 720256 742056 883876
 9.0 720256 742056 883876
 9.0 720256 742056 883876
 9.0 720256 742056 883876
 9.0 720256 742056 883876
 9.0 720256 742056 883876
 9.0 720256 742056 883876
 9.0 720256 742056 883876
 9.0 720256 742056 883876
 9.0 720256 742056 883876
 9.0 720256 742056 883876
 9.0 720256 742056 883876
 9.0 720256 742056 883876
 9.0 720256 742056 883876
 9.0 720256 742056 883876
 9.0 720256 742056 883876
 9.0 720256 742056 883876
 9.0 720256 742056 883876
 9.0 720256 742056 883876
 9.0 720256 742056 883876
 9.0 720256 742056 883876
 9.0 720256 742056 883876
 9.0 720256 742056 883876
 9.0 720256 742056 883876
 9.0 720256 742056 883876
 9.0 720256 742056 883876
 9.0 720256 742056 883876
 9.0 720256 742056 883876
 9.0 720256 742056 883876
 9.0 720256 742056 883876
 9.0 720256 742056 883876
 9.0 720256 742056 883876
 9.0 720256 742056 883876
 9.0 720256 742056 883876
 9.0 720256 742056 883876
 9.0 720256 742056 883876
 9.0 720256 742056 883876
 9.0 720256 742056 883876
 9.0 720256 742056 883876
 9.0 720256 742056 883876
 9.0 720256 742056 883876
 9.0 720256 742056 883876
 9.0 720256 742056 883876
 9.0 720256 742056 883876
 9.0 720256 742056 883876
 9.0 720256 742056 883876
 9.0 720256 742056 883876
 9.0 720256 742056 883876
 9.0 720256 742056 883876
 9.0 720256 742056 883876
 9.0 720256 742056 883876
 9.0 720256 742056 883876
 9.0 720256 742056 883876
 9.0 720256 742056 883876
 9.0 720256 742056 883876
 9.0 720256 742056 883876
 9.0 720256 742056 883876
 9.0 720256 742056 883876
 9.0 720256 742056 883876
 9.0 720256 742056 883876
 9.0 720256 742056 883876
 9.0 720256 742056 883876
 9.0 720256 742056 883876
 9.0 720256 742056 883876
 9.0 720256 742056 883876
 9.0 720256 742056 883876
 9.0 720256 742056 883876
 9.0 720256 742056 883876
 9.0 720256 742056 883876
 9.0 720256 742056 883876
 9.0 720256 742056 883876
 9.0 720256 742056 883876
 9.0 720256 742056 883876
 9.0 720256 742056 883876
 9.0 720256 742056 883876
 9.0 720256 742056 883876
 9.0 720256 742056 883876
 9.0 720256 742056 883876
 9.0 720256 742056 883876
 9.0 720256 742056 883876
 9.0 720256 742056 883876
 9.0 720256 742056 883876
 9.0 720256 742056 883876
 9.0 720256 742056 883876
 9.0 720256 742056 883876
 9.0 720256 742056 883876
 9.0 720256 742056 883876
 9.0 720256 742056 883876
 9.0 720256 742056 883876
 9.0 720256 742056 883876
 9.0 720256 742056 883876
 9.0 720256 742056 883876
 9.0 720256 742056 883876
 9.0 720256 742056 883876
 9.0 720256 742056 883876
 9.0 720256 742056 883876
 9.0 720256 742056 883876
 9.0 720256 742056 883876
 9.0 720256 742056 883876
 9.0 720256 742056 883876
 9.0 720256 742056 883876
 9.0 720256 742056 883876
 9.0 720256 742056 883876
 9.0 720256 742056 883876
 9.0 720256 742056 883876
 9.0 720256 742056 883876
 9.0 720256 742056 883876
 9.0 720256 742056 883876
 9.0 720256 742056 883876
 9.0 720256 742056 883876
 9.0 720256 742056 883876
 9.0 720256 742056 883876
 9.0 720256 742056 883876
 9.0 720256 742056 883876
 9.0 720256 742056 883876
 9.0 720256 742056 883876
 9.0 720256 742056 883876
 9.0 720256 742056 883876
 9.0 720256 742056 883876
 9.0 720256 742056 883876
 9.0 720256 742056 883876
 9.0 720256 742056 883876
 9.0 720256 742056 883876
 9.0 720256 742056 883876
 9.0 720256 742056 883876
 9.0 720256 742056 883876
 9.0 720256 742056 883876
 9.0 720256 742056 883876
 9.0 720256 742056 883876
 9.0 720256 742056 883876
 9.0 720256 742056 883876
 9.0 720256 742056 883876
 9.0 720256 742056 883876
 9.0 720256 742056 883876
 9.0 720256 742056 883876
 9.0 720256 742056 883876
 9.0 720256 742056 883876
 9.0 720256 742056 883876
 9.0 720256 742056 883876
 9.0 720256 742056 883876
 9.0 720256 742056 883876
 9.0 720256 742056 883876
 9.0 720256 742056 883876
 9.0 720256 742056 883876
 9.0 720256 742056 883876
 9.0 720256 742056 883876
 9.0 720256 742056 883876
 9.0 720256 742056 883876
 9.0 720256 742056 883876
 9.0 720256 742056 883876
 9.0 720256 742056 883876
 9.0 720256 742056 883876
 9.0 720256 742056 883876
 9.0 720256 742056 883876
 9.0 720256 742056 883876
 9.0 720256 742056 883876
 9.0 720256 742056 883876
 9.0 720256 742056 883876
 9.0 720256 742056 883876
 9.0 720256 742056 883876
 9.0 720256 742056 883876
 9.0 720256 742056 883876
 9.0 720256 742056 883876
 9.0 720256 742056 883876
 9.0 720256 742056 883876
 9.0 720256 742056 883876
 9.0 720256 742056 883876
 9.0 720256 742056 883876
 9.0 720256 742056 883876
 9.0 720256 742056 883876
 9.0 720256 742056 883876
 9.0 720256 742056 883876
 9.0 720256 742056 883876
 9.0 720256 742056 883876
 9.0 720256 742056 883876
 9.0 720256 742056 883876
 9.0 720256 742056 883876
 9.0 720256 742056 883876
 9.0 720256 742056 883876
 9.0 720256 742056 883876
 9.0 720256 742056 883876
 9.0 720256 742056 883876
 9.0 720256 742056 883876
 9.0 720256 742056 883876
 9.0 720256 742056 883876
 9.0 720256 742056 883876
 9.0 720256 742056 883876
 9.0 720256 742056 883876
 9.0 720256 742056 883876
 9.0 720256 742056 883876
 9.0 720256 742056 883876
 9.0 720256 742056 883876
 9.0 720256 742056 883876
 9.0 720256 742056 883876
 9.0 720256 742056 883876
 9.0 720256 742056 883876
 9.0 720256 742056 883876
 9.0 720256 742056 883876
 9.0 720256 742056 883876
 9.0 720256 742056 883876
 9.0 720256 742056 883876
 9.0 720256 742056 883876
 9.0 720256 742056 883876
 9.0 720256 742056 883876
 9.0 720256 742056 883876
 9.0 720256 742056 883876
 9.0 720256 742056 883876
 9.0 720256 742056 883876
 9.0 720256 742056 883876
 9.0 720256 742056 883876
 9.0 720256 742056 883876
 9.0 720256 742056 883876
 9.0 720256 742056 883876
 9.0 720256 742056 883876
 9.0 720256 742056 883876
 9.0 720256 742056 883876
 9.0 720256 742056 883876
 9.0 720256 742056 883876
 9.0 720256 742056 883876
 9.0 720256 742056 883876
 9.0 720256 742056 883876
 9.0 720256 742056 883876
 9.0 720256 742056 883876
 9.0 720256 742056 883876
 9.0 720256 742056 883876
 9.0 720256 742056 883876
 9.0 720256 742056 883876
 9.0 720256 742056 883876
 9.0 720256 742056 883876
 9.0 720256 742056 883876
 9.0 720256 742056 883876
 9.0 720256 742056 883876
 9.0 720256 742056 883876
 9.0 720256 742056 883876
 9.0 720256 742056 883876
 6.4 515640 537248 679068
 2.9 233248 332440 474260
 0.8 67232 127632 269452
