coretemp-isa-0000
Adapter: ISA adapter
Package id 0:  +79.0°C  (high = +100.0°C, crit = +100.0°C)
Core 0:        +79.0°C  (high = +100.0°C, crit = +100.0°C)
Core 1:        +69.0°C  (high = +100.0°C, crit = +100.0°C)
Core 2:        +76.0°C  (high = +100.0°C, crit = +100.0°C)
Core 3:        +73.0°C  (high = +100.0°C, crit = +100.0°C)

pch_cannonlake-virtual-0
Adapter: Virtual device
temp1:        +60.0°C  

BAT0-acpi-0
Adapter: ACPI interface
in0:          12.60 V  
curr1:       1000.00 uA 

dell_smm-virtual-0
Adapter: Virtual device
fan1:        3916 RPM

radeon-pci-0100
Adapter: PCI adapter
temp1:            N/A  (crit = +120.0°C, hyst = +90.0°C)

acpitz-acpi-0
Adapter: ACPI interface
temp1:        +25.0°C  (crit = +107.0°C)

%MEM   RSS  SIZE    VSZ
 0.6 52476 135692 212112
 0.7 58620 135692 212112
 0.8 68860 135692 212112
 0.9 72956 135692 212112
 1.0 81148 135692 212112
 1.0 87292 135824 277648
 1.1 89340 135824 277648
 1.1 89340 135824 277648
 1.1 89340 135824 277648
 1.1 89440 135824 277648
 1.1 89440 135824 277648
 1.1 89440 135824 277648
 1.1 89440 135824 277648
 1.1 89440 135824 277648
 1.1 89440 135824 277648
 1.1 89440 135824 277648
 1.1 89440 135824 277648
 1.1 89440 135824 277648
 1.1 89440 135824 277648
 1.1 89440 135824 277648
 1.1 89440 135824 277648
 1.1 89440 135824 277648
 1.1 89440 135824 277648
 1.1 89444 135824 277648
 1.1 89444 135824 277648
 1.1 89444 135824 277648
 1.1 89444 135824 277648
 1.1 89444 135824 277648
 1.1 89444 135824 277648
 1.1 89444 135824 277648
 1.1 89444 135824 277648
 1.1 89444 135824 277648
 1.1 89444 135824 277648
 1.1 89444 135824 277648
 1.1 89444 135824 277648
 1.1 89444 135824 277648
 1.1 89444 135824 277648
 1.1 89444 135824 277648
 1.1 89444 135824 277648
 1.1 89444 135824 277648
 1.1 89444 135824 277648
 1.1 89444 135824 277648
 1.1 89444 135824 277648
 1.1 89444 135824 277648
 1.1 89444 135824 277648
 1.1 89444 135824 277648
 1.1 89444 135824 277648
 1.1 89444 135824 277648
 1.1 89444 135824 277648
 1.1 89444 135824 277648
 1.1 89444 135824 277648
 1.1 89444 135824 277648
 1.1 89444 135824 277648
 1.1 89444 135824 277648
 1.1 89444 135824 277648
 1.1 89444 135824 277648
 1.1 89444 135824 277648
 1.1 89444 135824 277648
 1.1 89444 135824 277648
 1.1 89444 135824 277648
 1.1 89444 135824 277648
 1.1 89444 135824 277648
 1.1 89444 135824 277648
 1.1 89444 135824 277648
 1.1 89444 135824 277648
 1.1 89444 135824 277648
 1.1 89444 135824 277648
 1.1 89444 135824 277648
 1.1 89444 135824 277648
 1.1 89444 135824 277648
 1.1 89444 135824 277648
 1.1 89444 135824 277648
 1.1 89444 135824 277648
 1.1 89444 135824 277648
 1.1 89444 135824 277648
 1.1 89444 135824 277648
 1.1 89444 135824 277648
 1.1 89444 135824 277648
 1.1 89444 135824 277648
 1.1 89444 135824 277648
 1.1 89444 135824 277648
 1.1 89444 135824 277648
 1.1 89444 135824 277648
 1.1 89444 135824 277648
 1.1 89444 135824 277648
 1.1 89444 135824 277648
 1.1 89444 135824 277648
 1.1 89444 135824 277648
 1.1 89444 135824 277648
 1.1 89444 135824 277648
 1.1 89444 135824 277648
 1.1 89444 135824 277648
 1.1 89444 135824 277648
 1.1 89444 135824 277648
 1.1 89444 135824 277648
 1.1 89444 135824 277648
 1.1 89444 135824 277648
 1.1 89444 135824 277648
 1.1 89444 135824 277648
 1.1 89444 135824 277648
 1.1 89444 135824 277648
 1.1 89444 135824 277648
 1.1 89444 135824 277648
 1.1 89444 135824 277648
 1.1 89444 135824 277648
 1.1 89444 135824 277648
 1.1 89444 135824 277648
 1.1 89444 135824 277648
 1.1 89444 135824 277648
 1.1 89444 135824 277648
 1.1 89444 135824 277648
 1.1 89444 135824 277648
 1.1 89444 135824 277648
 1.1 89444 135824 277648
 1.1 89444 135824 277648
 1.1 89444 135824 277648
 1.1 89444 135824 277648
 1.1 89444 135824 277648
 1.1 89444 135824 277648
 1.1 89444 135824 277648
 1.1 89444 135824 277648
 1.1 89444 135824 277648
 1.1 89444 135824 277648
 1.1 89444 135824 277648
 1.1 89444 135824 277648
 1.1 89444 135824 277648
 1.1 89444 135824 277648
 1.1 89444 135824 277648
 1.1 89444 135824 277648
 1.1 89444 135824 277648
 1.1 89444 135824 277648
 1.1 89444 135824 277648
 1.1 89444 135824 277648
 1.1 89444 135824 277648
 1.1 89444 135824 277648
 1.1 89444 135824 277648
 1.1 89444 135824 277648
 1.1 89444 135824 277648
 1.1 89444 135824 277648
 1.1 89444 135824 277648
 1.1 89444 135824 277648
 1.1 89444 135824 277648
 1.1 89444 135824 277648
 1.1 89444 135824 277648
 1.1 89444 135824 277648
 1.1 89444 135824 277648
 1.1 89444 135824 277648
 1.1 89444 135824 277648
 1.1 89444 135824 277648
 1.1 89444 135824 277648
 1.1 89444 135824 277648
 1.1 89444 135824 277648
 1.1 89444 135824 277648
 1.1 89444 135824 277648
 1.1 89444 135824 277648
 1.1 89444 135824 277648
 1.1 89444 135824 277648
 1.1 89444 135824 277648
 1.1 89444 135824 277648
 1.1 89444 135824 277648
 1.1 89444 135824 277648
 1.1 89444 135824 277648
 1.1 89444 135824 277648
 1.1 89444 135824 277648
 1.1 89444 135824 277648
 1.1 89444 135824 277648
 1.1 89444 135824 277648
 1.1 89444 135824 277648
 1.1 89444 135824 277648
 1.1 89444 135824 277648
 1.1 89444 135824 277648
 1.1 89444 135824 277648
 1.1 89444 135824 277648
 1.1 89444 135824 277648
 1.1 89444 135824 277648
 1.1 89444 135824 277648
 1.1 89444 135824 277648
 1.1 89444 135824 277648
 1.1 89444 135824 277648
 1.1 89444 135824 277648
 1.1 89444 135824 277648
 1.1 89444 135824 277648
 1.1 89444 135824 277648
 1.1 89444 135824 277648
 1.1 89444 135824 277648
 1.1 89444 135824 277648
 1.1 89444 135824 277648
 1.1 89444 135824 277648
 1.1 89444 135824 277648
 1.1 89444 135824 277648
 1.1 89444 135824 277648
 1.1 89444 135824 277648
 1.1 89444 135824 277648
 1.1 89444 135824 277648
 1.1 89444 135824 277648
 1.1 89444 135824 277648
 1.1 89444 135824 277648
 1.1 89444 135824 277648
 1.1 89444 135824 277648
 1.1 89444 135824 277648
 1.1 89444 135824 277648
 1.1 89444 135824 277648
 1.1 89444 135824 277648
 1.1 89444 135824 277648
 1.1 89444 135824 277648
 1.1 89444 135824 277648
 1.1 89444 135824 277648
 1.1 89444 135824 277648
 1.1 89444 135824 277648
 1.1 89444 135824 277648
 1.1 89444 135824 277648
 1.1 89444 135824 277648
 1.1 89444 135824 277648
 1.1 89444 135824 277648
 1.1 89444 135824 277648
 1.1 89444 135824 277648
 1.1 89444 135824 277648
 1.1 89444 135824 277648
 1.1 89444 135824 277648
 1.1 89444 135824 277648
 1.1 89444 135824 277648
 1.1 89444 135824 277648
 1.1 89444 135824 277648
 1.1 89444 135824 277648
 1.1 89444 135824 277648
 1.1 89444 135824 277648
 1.1 89444 135824 277648
 1.1 89444 135824 277648
 1.1 89444 135824 277648
 1.1 89444 135824 277648
 1.1 89444 135824 277648
 1.1 89444 135824 277648
 1.1 89444 135824 277648
 1.1 89444 135824 277648
 1.1 89444 135824 277648
 1.1 89444 135824 277648
 1.1 89444 135824 277648
 1.1 89444 135824 277648
 1.1 89444 135824 277648
 1.1 89444 135824 277648
 1.1 89444 135824 277648
 1.1 89444 135824 277648
 1.1 89444 135824 277648
 1.1 89444 135824 277648
 1.1 89444 135824 277648
 1.1 89444 135824 277648
 1.1 89444 135824 277648
 1.1 89444 135824 277648
 1.1 89444 135824 277648
 1.1 89444 135824 277648
 1.1 89444 135824 277648
 1.1 89444 135824 277648
 1.1 89444 135824 277648
 1.1 89444 135824 277648
 1.1 89444 135824 277648
 1.1 89444 135824 277648
 1.1 89444 135824 277648
 1.1 89444 135824 277648
 1.1 89444 135824 277648
 1.1 89444 135824 277648
 1.1 89444 135824 277648
 1.1 89444 135824 277648
 1.1 89444 135824 277648
 1.1 89444 135824 277648
 1.1 89444 135824 277648
 1.1 89444 135824 277648
 1.1 89444 135824 277648
 1.1 89444 135824 277648
 1.1 89444 135824 277648
 1.1 89444 135824 277648
 1.1 89444 135824 277648
 1.1 89444 135824 277648
 1.1 89444 135824 277648
 1.1 89444 135824 277648
 1.1 89444 135824 277648
 1.1 89444 135824 277648
 1.1 89444 135824 277648
 1.1 89444 135824 277648
 1.1 89444 135824 277648
 1.1 89444 135824 277648
 1.1 89444 135824 277648
 1.1 89444 135824 277648
 1.1 89444 135824 277648
 1.1 89444 135824 277648
 1.1 89444 135824 277648
 1.1 89444 135824 277648
 1.1 89444 135824 277648
 1.1 89444 135824 277648
 1.1 89444 135824 277648
 1.1 89444 135824 277648
 1.1 89444 135824 277648
 1.1 89444 135824 277648
 1.1 89444 135824 277648
 1.1 89444 135824 277648
 1.1 89444 135824 277648
 1.1 89444 135824 277648
 1.1 89444 135824 277648
 1.1 89444 135824 277648
 1.1 89444 135824 277648
 1.1 89444 135824 277648
 1.1 89444 135824 277648
 1.1 89444 135824 277648
 1.1 89444 135824 277648
 1.1 89444 135824 277648
 1.1 89444 135824 277648
 1.1 89444 135824 277648
 1.1 89444 135824 277648
 1.1 89444 135824 277648
 1.1 89444 135824 277648
 1.1 89444 135824 277648
 1.1 89444 135824 277648
 1.1 89444 135824 277648
 1.1 89444 135824 277648
 1.1 89444 135824 277648
 1.1 89444 135824 277648
 1.1 89444 135824 277648
 1.1 89444 135824 277648
 1.1 89444 135824 277648
 1.1 89444 135824 277648
 1.1 89444 135824 277648
 1.1 89444 135824 277648
 1.1 89444 135824 277648
 1.1 89444 135824 277648
 1.1 89444 135824 277648
 1.1 89444 135824 277648
 1.1 89444 135824 277648
 1.1 89444 135824 277648
 1.1 89444 135824 277648
 1.1 89444 135824 277648
 1.1 89444 135824 277648
 1.1 89444 135824 277648
 1.1 89444 135824 277648
 1.1 89444 135824 277648
 1.1 89444 135824 277648
 1.1 89444 135824 277648
 1.1 89444 135824 277648
 1.1 89444 135824 277648
 1.1 89444 135824 277648
 1.1 89444 135824 277648
 1.1 89444 135824 277648
 1.1 89444 135824 277648
 1.1 89444 135824 277648
 1.1 89444 135824 277648
 1.1 89444 135824 277648
 1.1 89444 135824 277648
 1.1 89444 135824 277648
 1.1 89444 135824 277648
 1.1 89444 135824 277648
 1.1 89444 135824 277648
 1.1 89444 135824 277648
 1.1 89444 135824 277648
 1.1 89444 135824 277648
 1.1 89444 135824 277648
 1.1 89444 135824 277648
 1.1 89444 135824 277648
 1.1 89444 135824 277648
 1.1 89444 135824 277648
 1.1 89444 135824 277648
 1.1 89444 135824 277648
 1.1 89444 135824 277648
 1.1 89444 135824 277648
 1.1 89444 135824 277648
 1.1 89444 135824 277648
 1.1 89444 135824 277648
 1.1 89444 135824 277648
 1.1 89444 135824 277648
 1.1 89444 135824 277648
 1.1 89444 135824 277648
 1.1 89444 135824 277648
 1.1 89444 135824 277648
 1.1 89444 135824 277648
 1.1 89444 135824 277648
 1.1 89444 135824 277648
 1.1 89444 135824 277648
 1.1 89444 135824 277648
 1.1 89444 135824 277648
 1.1 89444 135824 277648
 1.1 89444 135824 277648
 1.1 89444 135824 277648
 1.1 89444 135824 277648
 1.1 89444 135824 277648
 1.1 89444 135824 277648
 1.1 89444 135824 277648
 1.1 89444 135824 277648
 1.1 89444 135824 277648
 1.1 89444 135824 277648
 1.1 89444 135824 277648
 1.1 89444 135824 277648
 1.1 89444 135824 277648
 1.1 89444 135824 277648
 1.1 89444 135824 277648
 1.1 89444 135824 277648
 1.1 89444 135824 277648
 1.1 89444 135824 277648
 1.1 89444 135824 277648
 1.1 89444 135824 277648
 1.1 89444 135824 277648
 1.1 89444 135824 277648
 1.1 89444 135824 277648
 1.1 89444 135824 277648
 1.1 89444 135824 277648
 1.1 89444 135824 277648
 1.1 89444 135824 277648
 1.1 89444 135824 277648
 1.1 89444 135824 277648
 1.1 89444 135824 277648
 1.1 89444 135824 277648
 1.1 89444 135824 277648
 1.1 89444 135824 277648
 1.1 89444 135824 277648
 1.1 89444 135824 277648
 1.1 89444 135824 277648
 1.1 89444 135824 277648
 1.1 89444 135824 277648
 1.1 89444 135824 277648
 1.1 89444 135824 277648
 1.1 89444 135824 277648
 1.1 89444 135824 277648
 1.1 89444 135824 277648
 1.1 89444 135824 277648
 1.1 89444 135824 277648
 1.1 89444 135824 277648
 1.1 89444 135824 277648
 1.1 89444 135824 277648
 1.1 89444 135824 277648
 1.1 89444 135824 277648
 1.1 89444 135824 277648
 1.1 89444 135824 277648
 1.1 89444 135824 277648
 1.1 89444 135824 277648
 1.1 89444 135824 277648
 1.1 89444 135824 277648
 1.1 89444 135824 277648
 1.1 89444 135824 277648
 1.1 89444 135824 277648
 1.1 89444 135824 277648
 1.1 89444 135824 277648
 1.1 89444 135824 277648
 1.1 89444 135824 277648
 1.1 89444 135824 277648
 1.1 89444 135824 277648
 1.1 89444 135824 277648
 1.1 89444 135824 277648
 1.1 89444 135824 277648
 1.1 89444 135824 277648
 1.1 89444 135824 277648
 1.1 89444 135824 277648
 1.1 89444 135824 277648
 1.1 89444 135824 277648
 1.1 89444 135824 277648
 1.1 89444 135824 277648
 1.1 89444 135824 277648
 1.1 89444 135824 277648
 1.1 89444 135824 277648
 1.1 89444 135824 277648
 1.1 89444 135824 277648
 1.1 89444 135824 277648
 1.1 89444 135824 277648
 1.1 89444 135824 277648
 1.1 89444 135824 277648
 1.1 89444 135824 277648
 1.1 89444 135824 277648
 1.1 89444 135824 277648
 1.1 89444 135824 277648
 1.1 89444 135824 277648
 1.1 89444 135824 277648
 1.1 89444 135824 277648
 1.1 89444 135824 277648
 1.1 89444 135824 277648
 1.1 89444 135824 277648
 1.1 89444 135824 277648
 1.1 89444 135824 277648
 1.1 89444 135824 277648
 1.1 89444 135824 277648
 1.1 89444 135824 277648
 1.1 89444 135824 277648
 1.1 89444 135824 277648
 1.1 89444 135824 277648
 1.1 89444 135824 277648
 1.1 89444 135824 277648
 1.1 89444 135824 277648
 1.1 89444 135824 277648
 1.1 89444 135824 277648
 1.1 89444 135824 277648
 1.1 89444 135824 277648
 1.1 89444 135824 277648
 1.1 89444 135824 277648
 1.1 89444 135824 277648
 1.1 89444 135824 277648
 1.1 89444 135824 277648
 1.1 89444 135824 277648
 1.1 89444 135824 277648
 1.1 89444 135824 277648
 1.1 89444 135824 277648
 1.1 89696 135824 277648
 1.1 89696 135824 277648
 1.1 89696 135824 277648
 1.1 89696 135824 277648
 1.1 89696 135824 277648
 1.1 89696 135824 277648
 1.1 89696 135824 277648
 1.1 89696 135824 277648
 1.1 89696 135824 277648
 1.1 89696 135824 277648
 1.1 89696 135824 277648
 1.1 89696 135824 277648
 1.1 89696 135824 277648
 1.1 89696 135824 277648
 1.1 89696 135824 277648
 1.1 89696 135824 277648
 1.1 89696 135824 277648
 1.1 89696 135824 277648
 1.1 89696 135824 277648
 1.1 89696 135824 277648
 1.1 89696 135824 277648
 1.1 89696 135824 277648
 1.1 89696 135824 277648
 1.1 89696 135824 277648
 1.1 89696 135824 277648
 1.1 89696 135824 277648
 1.1 89696 135824 277648
 1.1 89696 135824 277648
 1.1 89696 135824 277648
 1.1 89696 135824 277648
 1.1 89696 135824 277648
 1.1 89696 135824 277648
 1.1 89696 135824 277648
 1.1 89696 135824 277648
 1.1 89696 135824 277648
 1.1 89696 135824 277648
 1.1 89696 135824 277648
 1.1 89696 135824 277648
 1.1 89696 135824 277648
 1.1 89696 135824 277648
 1.1 89696 135824 277648
 1.1 89696 135824 277648
 1.1 89696 135824 277648
 1.1 89696 135824 277648
 1.1 89696 135824 277648
 1.1 89696 135824 277648
 1.1 89696 135824 277648
 1.1 89696 135824 277648
 1.1 89696 135824 277648
 1.1 89696 135824 277648
 1.1 89696 135824 277648
 1.1 89696 135824 277648
 1.1 89696 135824 277648
 1.1 89696 135824 277648
 1.1 89696 135824 277648
 1.1 89696 135824 277648
 1.1 89696 135824 277648
 1.1 89696 135824 277648
 1.1 89696 135824 277648
 1.1 89696 135824 277648
 1.1 89696 135824 277648
 1.1 89696 135824 277648
 1.1 89696 135824 277648
 1.1 89696 135824 277648
 1.1 89696 135824 277648
 1.1 89696 135824 277648
 1.1 89696 135824 277648
 1.1 89696 135824 277648
 1.1 89696 135824 277648
 1.1 89696 135824 277648
 1.1 89696 135824 277648
 1.1 89696 135824 277648
 1.1 89696 135824 277648
 1.1 89696 135824 277648
 1.1 89696 135824 277648
 1.1 89696 135824 277648
 1.1 89696 135824 277648
 1.1 89696 135824 277648
 1.1 89696 135824 277648
 1.1 89696 135824 277648
 1.1 89696 135824 277648
 1.1 89696 135824 277648
 1.1 89696 135824 277648
 1.1 89696 135824 277648
 1.1 89696 135824 277648
 1.1 89696 135824 277648
 1.1 89696 135824 277648
 1.1 89696 135824 277648
 1.1 89696 135824 277648
 1.1 89696 135824 277648
 1.1 89696 135824 277648
 1.1 89696 135824 277648
 1.1 89696 135824 277648
 1.1 89696 135824 277648
 1.1 89696 135824 277648
 1.1 89696 135824 277648
 1.1 89696 135824 277648
 1.1 89696 135824 277648
 1.1 89696 135824 277648
 1.1 89696 135824 277648
 1.1 89696 135824 277648
 1.1 89696 135824 277648
 1.1 89696 135824 277648
 1.1 89696 135824 277648
 1.1 89696 135824 277648
 1.1 89696 135824 277648
 1.1 89696 135824 277648
 1.1 89696 135824 277648
 1.1 89696 135824 277648
 1.1 89696 135824 277648
 1.1 89696 135824 277648
 1.1 89696 135824 277648
 1.1 89696 135824 277648
 1.1 89696 135824 277648
 1.1 89696 135824 277648
 1.1 89696 135824 277648
 1.1 89696 135824 277648
 1.1 89696 135824 277648
 1.1 89696 135824 277648
 1.1 89696 135824 277648
 1.1 89696 135824 277648
 1.1 89696 135824 277648
 1.1 89696 135824 277648
 1.1 89696 135824 277648
 1.1 89696 135824 277648
 1.1 89696 135824 277648
 1.1 89696 135824 277648
 1.1 89696 135824 277648
 1.1 89696 135824 277648
 1.1 89696 135824 277648
 1.1 89696 135824 277648
 1.1 89696 135824 277648
 1.1 89696 135824 277648
 1.1 89696 135824 277648
 1.1 89696 135824 277648
 1.1 89696 135824 277648
 1.1 89696 135824 277648
 1.1 89696 135824 277648
 1.1 89696 135824 277648
 1.1 89696 135824 277648
 1.1 89696 135824 277648
 1.1 89696 135824 277648
 1.1 89696 135824 277648
 1.1 89696 135824 277648
 1.1 89696 135824 277648
 1.1 89696 135824 277648
 1.1 89696 135824 277648
 1.1 89696 135824 277648
 1.1 89696 135824 277648
 1.1 89696 135824 277648
 1.1 89696 135824 277648
 1.1 89696 135824 277648
 1.1 89696 135824 277648
 1.1 89696 135824 277648
 1.1 89696 135824 277648
 1.1 89696 135824 277648
 1.1 89696 135824 277648
 1.1 89696 135824 277648
 1.1 89696 135824 277648
 1.1 89696 135824 277648
 1.1 89696 135824 277648
 1.1 89696 135824 277648
 1.1 89696 135824 277648
 1.1 89696 135824 277648
 1.1 89696 135824 277648
 1.1 89696 135824 277648
 1.1 89696 135824 277648
 1.1 89696 135824 277648
 1.1 89696 135824 277648
 1.1 89696 135824 277648
 1.1 89696 135824 277648
 1.1 89696 135824 277648
 1.1 89696 135824 277648
 1.1 89696 135824 277648
 1.1 89696 135824 277648
 1.1 89696 135824 277648
 1.1 89696 135824 277648
 1.1 89696 135824 277648
 1.1 89696 135824 277648
 1.1 89696 135824 277648
 1.1 89696 135824 277648
 1.1 89696 135824 277648
 1.1 89696 135824 277648
 1.1 89696 135824 277648
 1.1 89696 135824 277648
 1.1 89696 135824 277648
 1.1 89696 135824 277648
 1.1 89696 135824 277648
 1.1 89696 135824 277648
 1.1 89696 135824 277648
 1.1 89696 135824 277648
 1.1 89696 135824 277648
 1.1 89696 135824 277648
 1.1 89696 135824 277648
 1.1 89696 135824 277648
 1.1 89696 135824 277648
 1.1 89696 135824 277648
 1.1 89696 135824 277648
 1.1 89696 135824 277648
 1.1 89696 135824 277648
 1.1 89696 135824 277648
 1.1 89696 135824 277648
 1.1 89696 135824 277648
 1.1 89696 135824 277648
 1.1 89696 135824 277648
 1.1 89696 135824 277648
 1.1 89696 135824 277648
 1.1 89696 135824 277648
 1.1 89696 135824 277648
 1.1 89696 135824 277648
 1.1 89696 135824 277648
 1.1 89696 135824 277648
 1.1 89696 135824 277648
 1.1 89696 135824 277648
 1.1 89696 135824 277648
 1.1 89696 135824 277648
 1.1 89696 135824 277648
 1.1 89696 135824 277648
 1.1 89696 135824 277648
 1.1 89696 135824 277648
 1.1 89696 135824 277648
 1.1 89696 135824 277648
 1.1 89696 135824 277648
 1.1 89696 135824 277648
 1.1 89696 135824 277648
 1.1 89696 135824 277648
 1.1 89696 135824 277648
 1.1 89696 135824 277648
 1.1 89696 135824 277648
 1.1 89696 135824 277648
 1.1 89696 135824 277648
 1.1 89696 135824 277648
 1.1 89696 135824 277648
 1.1 89696 135824 277648
 1.1 89696 135824 277648
 1.1 89696 135824 277648
 1.1 89696 135824 277648
 1.1 89696 135824 277648
 1.1 89696 135824 277648
 1.1 89696 135824 277648
 1.1 89696 135824 277648
 1.1 89696 135824 277648
 1.1 89696 135824 277648
 1.1 89696 135824 277648
 1.1 89696 135824 277648
 1.1 89696 135824 277648
 1.1 89696 135824 277648
 1.1 89696 135824 277648
 1.1 89696 135824 277648
 1.1 89696 135824 277648
 1.1 89696 135824 277648
 1.1 89696 135824 277648
 1.1 89696 135824 277648
 1.1 89696 135824 277648
 1.1 89696 135824 277648
 1.1 89696 135824 277648
 1.1 89696 135824 277648
 1.1 89696 135824 277648
 1.1 89696 135824 277648
 1.1 89696 135824 277648
 1.1 89696 135824 277648
 1.1 89696 135824 277648
 1.1 89696 135824 277648
 1.1 89696 135824 277648
 1.1 89696 135824 277648
 1.1 89696 135824 277648
 1.1 89696 135824 277648
 1.1 89696 135824 277648
 1.1 89696 135824 277648
 1.1 89696 135824 277648
 1.1 89696 135824 277648
 1.1 89696 135824 277648
 1.1 89696 135824 277648
 1.1 89696 135824 277648
 1.1 89696 135824 277648
 1.1 89696 135824 277648
 1.1 89696 135824 277648
 1.1 89696 135824 277648
 1.1 89696 135824 277648
 1.1 91444 135824 277648
 1.1 91444 135824 277648
 1.1 91444 135824 277648
 1.1 91444 135824 277648
 1.1 91444 135824 277648
 1.1 91444 135824 277648
 1.1 91444 135824 277648
 1.1 91444 135824 277648
 1.1 91444 135824 277648
 1.1 91444 135824 277648
 1.1 89708 135824 277648
 1.1 89708 135824 277648
 1.1 89708 135824 277648
 1.1 89708 135824 277648
 1.1 89708 135824 277648
 1.1 89708 135824 277648
 1.1 89708 135824 277648
 1.1 89708 135824 277648
 1.1 89708 135824 277648
 1.1 89708 135824 277648
 1.1 89708 135824 277648
 1.1 89708 135824 277648
 1.1 89708 135824 277648
 1.1 89708 135824 277648
 1.1 89708 135824 277648
 1.1 89708 135824 277648
 1.1 89708 135824 277648
 1.1 89708 135824 277648
 1.1 89708 135824 277648
 1.1 89708 135824 277648
 1.1 89708 135824 277648
 1.1 89708 135824 277648
 1.1 89708 135824 277648
 1.1 89708 135824 277648
 1.1 89708 135824 277648
 1.1 89708 135824 277648
 1.1 89708 135824 277648
 1.1 89708 135824 277648
 1.1 89708 135824 277648
 1.1 89708 135824 277648
 1.1 89708 135824 277648
 1.1 89708 135824 277648
 1.1 89708 135824 277648
 1.1 89708 135824 277648
 1.1 89708 135824 277648
 1.1 89708 135824 277648
 1.1 89708 135824 277648
 1.1 89708 135824 277648
 1.1 89708 135824 277648
 1.1 89708 135824 277648
 1.1 89708 135824 277648
 1.1 89708 135824 277648
 1.1 89708 135824 277648
 1.1 89708 135824 277648
 1.1 89708 135824 277648
 1.1 89708 135824 277648
 1.1 89708 135824 277648
 1.1 89708 135824 277648
 1.1 89708 135824 277648
 1.1 89708 135824 277648
 1.1 89708 135824 277648
 1.1 89708 135824 277648
 1.1 89708 135824 277648
 1.1 89708 135824 277648
 1.1 89708 135824 277648
 1.1 89708 135824 277648
 1.1 89708 135824 277648
 1.1 89708 135824 277648
 1.1 89708 135824 277648
 1.1 89708 135824 277648
 1.1 89708 135824 277648
 1.1 89708 135824 277648
 1.1 89708 135824 277648
 1.1 89708 135824 277648
 1.1 89708 135824 277648
 1.1 89708 135824 277648
 1.1 89708 135824 277648
 1.1 89708 135824 277648
 1.1 89708 135824 277648
 1.1 89708 135824 277648
 1.1 89708 135824 277648
 1.1 89708 135824 277648
 1.1 89708 135824 277648
 1.1 89708 135824 277648
 1.1 89708 135824 277648
 1.1 89708 135824 277648
 1.1 89708 135824 277648
 1.1 89708 135824 277648
 1.1 89708 135824 277648
 1.1 89708 135824 277648
 1.1 89708 135824 277648
 1.1 89708 135824 277648
 1.1 89708 135824 277648
 1.1 89708 135824 277648
 1.1 89708 135824 277648
 1.1 89708 135824 277648
 1.1 89708 135824 277648
 1.1 89708 135824 277648
 1.1 89708 135824 277648
 1.1 89708 135824 277648
 1.1 89708 135824 277648
 1.1 89708 135824 277648
 1.1 89708 135824 277648
 1.1 89708 135824 277648
 1.1 89708 135824 277648
 1.1 89708 135824 277648
 1.1 89708 135824 277648
 1.1 89708 135824 277648
 1.1 89708 135824 277648
 1.1 89708 135824 277648
 1.1 89708 135824 277648
 1.1 89708 135824 277648
 1.1 89708 135824 277648
 1.1 89708 135824 277648
 1.1 89708 135824 277648
 1.1 89708 135824 277648
 1.1 89708 135824 277648
 1.1 89708 135824 277648
 1.1 89708 135824 277648
 1.1 89708 135824 277648
 1.1 89708 135824 277648
 1.1 89708 135824 277648
 1.1 89708 135824 277648
 1.1 89708 135824 277648
 1.1 89708 135824 277648
 0.4 38364 71976 213800
 0.9 79912 110400 252224
 1.3 106232 136016 277840
 1.3 106232 136016 277840
 1.3 106232 136016 277840
 1.3 106232 136016 277840
 1.3 106232 136016 277840
 1.3 106232 136016 277840
 1.3 106232 136016 277840
 1.3 106232 136016 277840
 1.3 106232 136016 277840
 1.3 106232 136016 277840
 1.3 106232 136016 277840
 1.3 106232 136016 277840
 1.3 106232 136016 277840
 1.3 106232 136016 277840
 1.3 106232 136016 277840
 1.3 106232 136016 277840
 1.3 106232 136016 277840
 1.3 106232 136016 277840
 1.3 106232 136016 277840
 1.3 106232 136016 277840
 1.3 106232 136016 277840
 1.3 106232 136016 277840
 1.3 106232 136016 277840
 1.3 106232 136016 277840
 1.3 106232 136016 277840
 1.3 106232 136016 277840
 1.3 106232 136016 277840
 1.3 106232 136016 277840
 1.3 106232 136016 277840
 1.3 106232 136016 277840
 1.3 106232 136016 277840
 1.3 106232 136016 277840
 1.3 106232 136016 277840
 1.3 106232 136016 277840
 1.3 106232 136016 277840
 1.3 106232 136016 277840
 1.3 106232 136016 277840
 1.3 106232 136016 277840
 1.3 106232 136016 277840
 1.3 106232 136016 277840
 1.3 106232 136016 277840
 1.3 106232 136016 277840
 1.3 106232 136016 277840
 1.3 106232 136016 277840
 1.3 106232 136016 277840
 1.3 106232 136016 277840
 1.3 106232 136016 277840
 1.3 106232 136016 277840
 1.3 106232 136016 277840
 1.3 106232 136016 277840
 1.3 106232 136016 277840
 1.3 106232 136016 277840
 1.3 106232 136016 277840
 0.1  9740 39932 181756
 0.6 52080 84764 226588
 1.2 96664 129592 271416
 1.3 105964 135996 277820
 1.3 105964 135996 277820
 1.3 105964 135996 277820
 1.3 105964 135996 277820
 1.3 105964 135996 277820
 1.3 105964 135996 277820
 1.3 105964 135996 277820
 1.3 105964 135996 277820
 1.3 105964 135996 277820
 1.3 105964 135996 277820
 1.3 105964 135996 277820
 1.3 105964 135996 277820
 1.3 105964 135996 277820
 1.3 105964 135996 277820
 1.3 105964 135996 277820
 1.3 105964 135996 277820
 1.3 105964 135996 277820
 1.3 105964 135996 277820
 1.3 105964 135996 277820
 1.3 105964 135996 277820
 1.3 105964 135996 277820
 1.3 105964 135996 277820
 1.3 105964 135996 277820
 1.3 105964 135996 277820
 1.3 105964 135996 277820
 1.3 105964 135996 277820
 1.3 105964 135996 277820
 1.3 105964 135996 277820
 1.3 105964 135996 277820
 1.3 105964 135996 277820
 1.3 105964 135996 277820
 1.3 105964 135996 277820
 1.3 105964 135996 277820
 1.3 105964 135996 277820
 1.3 105964 135996 277820
 1.3 105964 135996 277820
 1.3 105964 135996 277820
 1.3 105964 135996 277820
 1.3 105964 135996 277820
 1.3 105964 135996 277820
 1.3 105964 135996 277820
 1.3 105964 135996 277820
 1.3 105964 135996 277820
 1.3 105964 135996 277820
 1.3 105964 135996 277820
 1.3 105964 135996 277820
 1.3 105964 135996 277820
 1.3 105964 135996 277820
 1.3 105964 135996 277820
 1.3 105964 135996 277820
 1.3 105964 135996 277820
 1.3 105964 135996 277820
 1.3 105964 135996 277820
 0.2 18636 52740 194564
 0.7 62232 97572 239396
 1.3 106024 135996 277820
 1.3 106024 135996 277820
 1.3 106024 135996 277820
 1.3 106024 135996 277820
 1.3 106024 135996 277820
 1.3 106024 135996 277820
 1.3 106024 135996 277820
 1.3 106024 135996 277820
 1.3 106024 135996 277820
 1.3 106024 135996 277820
 1.3 106024 135996 277820
 1.3 106024 135996 277820
 1.3 106024 135996 277820
 1.3 106024 135996 277820
 1.3 106024 135996 277820
 1.3 106024 135996 277820
 1.3 106024 135996 277820
 1.3 106024 135996 277820
 1.3 106024 135996 277820
 1.3 106024 135996 277820
 1.3 106024 135996 277820
 1.3 106024 135996 277820
 1.3 106024 135996 277820
 1.3 106024 135996 277820
 1.3 106024 135996 277820
 1.3 106024 135996 277820
 1.3 106024 135996 277820
 1.3 106024 135996 277820
 1.3 106024 135996 277820
 1.3 106024 135996 277820
 1.3 106024 135996 277820
 1.3 106024 135996 277820
 1.3 106024 135996 277820
 1.3 106024 135996 277820
 1.3 106024 135996 277820
 1.3 106024 135996 277820
 1.3 106024 135996 277820
 1.3 106024 135996 277820
 1.3 106024 135996 277820
 1.3 106024 135996 277820
 1.3 106024 135996 277820
 1.3 106024 135996 277820
 1.3 106024 135996 277820
 1.3 106024 135996 277820
 1.3 106024 135996 277820
 1.3 106024 135996 277820
 1.3 106024 135996 277820
 1.3 106024 135996 277820
 1.3 106024 135996 277820
 1.3 106024 135996 277820
 1.3 106024 135996 277820
 1.3 106024 135996 277820
 1.3 106024 135996 277820
 1.3 106024 135996 277820
 0.2 18636 52740 194564
 0.7 61704 97572 239396
 1.3 106024 135996 277820
 1.3 106024 135996 277820
 1.3 106024 135996 277820
 1.3 106024 135996 277820
 1.3 106024 135996 277820
 1.3 106024 135996 277820
 1.3 106024 135996 277820
 1.3 106024 135996 277820
 1.3 106024 135996 277820
 1.3 106024 135996 277820
 1.3 106024 135996 277820
 1.3 106024 135996 277820
 1.3 106024 135996 277820
 1.3 106024 135996 277820
 1.3 106024 135996 277820
 1.3 106024 135996 277820
 1.3 106024 135996 277820
 1.3 106024 135996 277820
 1.3 106024 135996 277820
 1.3 106024 135996 277820
 1.3 106024 135996 277820
 1.3 106024 135996 277820
 1.3 106024 135996 277820
 1.3 106024 135996 277820
 1.3 106024 135996 277820
 1.3 106024 135996 277820
 1.3 106024 135996 277820
 1.3 106024 135996 277820
 1.3 106024 135996 277820
 1.3 106024 135996 277820
 1.3 106024 135996 277820
 1.3 106024 135996 277820
 1.3 106024 135996 277820
 1.3 106024 135996 277820
 1.3 106024 135996 277820
 1.3 106024 135996 277820
 1.3 106024 135996 277820
 1.3 106024 135996 277820
 1.3 106024 135996 277820
 1.3 106024 135996 277820
 1.3 106024 135996 277820
 1.3 106024 135996 277820
 1.3 106024 135996 277820
 1.3 106024 135996 277820
 1.3 106024 135996 277820
 1.3 106024 135996 277820
 1.3 106024 135996 277820
 1.3 106024 135996 277820
 1.3 106024 135996 277820
 1.3 106024 135996 277820
 1.3 106024 135996 277820
 1.3 106024 135996 277820
 1.3 106024 135996 277820
 1.3 106024 135996 277820
 0.0  3864 33532 175356
 0.0  3864 33532 175356
 0.6 48768 94984 236808
 1.1 93852 135952 277776
 1.1 93852 135952 277776
 1.1 93852 135952 277776
 1.1 93852 135952 277776
 1.1 93852 135952 277776
 1.1 93852 135952 277776
 1.1 93852 135952 277776
 1.1 93852 135952 277776
 1.1 93852 135952 277776
 1.1 93852 135952 277776
 1.1 93852 135952 277776
 1.1 93852 135952 277776
 1.1 93852 135952 277776
 1.1 93852 135952 277776
 1.1 93852 135952 277776
 1.1 93852 135952 277776
 1.1 93852 135952 277776
 1.1 93852 135952 277776
 1.1 93852 135952 277776
 1.1 93852 135952 277776
 1.1 93852 135952 277776
 1.1 93852 135952 277776
 1.1 93852 135952 277776
 1.1 93852 135952 277776
 1.1 93852 135952 277776
 1.1 93852 135952 277776
 1.1 93852 135952 277776
 1.1 93852 135952 277776
 1.1 93852 135952 277776
 1.1 93852 135952 277776
 1.1 93852 135952 277776
 1.1 93852 135952 277776
 1.1 93852 135952 277776
 1.1 93852 135952 277776
 1.1 93852 135952 277776
 1.1 93852 135952 277776
 1.1 93852 135952 277776
 1.1 93852 135952 277776
 1.1 93852 135952 277776
 1.1 93852 135952 277776
 1.1 93852 135952 277776
 1.1 93852 135952 277776
 1.1 93852 135952 277776
 1.1 93852 135952 277776
 1.1 93852 135952 277776
 1.1 93852 135952 277776
 1.1 93852 135952 277776
 1.1 93852 135952 277776
 1.1 93852 135952 277776
 1.1 93852 135952 277776
 1.1 93852 135952 277776
 1.1 93852 135952 277776
 1.1 93852 135952 277776
 1.1 93852 135952 277776
 1.1 93852 135952 277776
 1.1 93852 135952 277776
 1.1 93852 135952 277776
 1.1 93852 135952 277776
 1.1 93852 135952 277776
 1.1 93852 135952 277776
 1.1 93852 135952 277776
 1.1 93852 135952 277776
 1.1 93852 135952 277776
 1.1 93852 135952 277776
 1.1 93852 135952 277776
 1.1 93852 135952 277776
 1.1 93852 135952 277776
 1.1 93852 135952 277776
 1.1 93852 135952 277776
 1.1 93852 135952 277776
 1.1 93852 135952 277776
 1.1 93852 135952 277776
 1.1 93852 135952 277776
 1.1 93852 135952 277776
 1.1 93852 135952 277776
 1.1 93852 135952 277776
 1.1 93852 135952 277776
 1.1 93852 135952 277776
 1.1 93852 135952 277776
 1.1 93852 135952 277776
 1.1 93852 135952 277776
 1.1 93852 135952 277776
 1.1 93852 135952 277776
 1.1 93852 135952 277776
 1.1 93852 135952 277776
 1.1 93852 135952 277776
 1.1 93852 135952 277776
 1.1 93852 135952 277776
 1.1 93852 135952 277776
 1.1 93852 135952 277776
 1.1 93852 135952 277776
 1.1 93852 135952 277776
 1.1 93852 135952 277776
 1.1 93852 135952 277776
 1.1 93852 135952 277776
 1.1 93852 135952 277776
 1.1 93852 135952 277776
 1.1 93852 135952 277776
 1.1 93852 135952 277776
 1.1 93852 135952 277776
 1.1 93852 135952 277776
 1.1 93852 135952 277776
 1.1 93852 135952 277776
 1.1 93852 135952 277776
 1.1 93852 135952 277776
 1.1 93852 135952 277776
 1.1 93852 135952 277776
 1.1 93852 135952 277776
 1.1 93852 135952 277776
 1.1 93852 135952 277776
 1.1 93852 135952 277776
 1.1 93852 135952 277776
 1.1 93852 135952 277776
 1.1 93852 135952 277776
 1.1 93852 135952 277776
 1.1 93852 135952 277776
 1.1 93852 135952 277776
 1.1 93852 135952 277776
 1.1 93852 135952 277776
 1.1 93852 135952 277776
 1.1 93852 135952 277776
 1.1 93852 135952 277776
 1.1 93852 135952 277776
 1.1 93852 135952 277776
 1.1 93852 135952 277776
 1.1 93852 135952 277776
 1.1 93852 135952 277776
 1.1 93852 135952 277776
 1.1 93852 135952 277776
 1.1 93852 135952 277776
 1.1 93852 135952 277776
 1.1 93852 135952 277776
 1.1 93852 135952 277776
 1.1 93852 135952 277776
 1.1 93852 135952 277776
 1.1 93852 135952 277776
 1.1 93852 135952 277776
 1.1 93852 135952 277776
 1.1 93852 135952 277776
 1.1 93852 135952 277776
 1.1 93852 135952 277776
 1.1 93852 135952 277776
 1.1 93852 135952 277776
 1.1 93852 135952 277776
 1.1 93852 135952 277776
 1.1 93852 135952 277776
 1.1 93852 135952 277776
 1.1 93852 135952 277776
 1.1 93852 135952 277776
 1.1 93852 135952 277776
 1.1 93852 135952 277776
 1.1 93852 135952 277776
 1.1 93852 135952 277776
 1.1 93852 135952 277776
 1.1 93852 135952 277776
 1.1 93852 135952 277776
 1.1 93852 135952 277776
 1.1 93852 135952 277776
 1.1 93852 135952 277776
 1.1 93852 135952 277776
 1.1 93852 135952 277776
 1.1 93852 135952 277776
 1.1 93852 135952 277776
 1.1 93852 135952 277776
 1.1 93852 135952 277776
 1.1 93852 135952 277776
 1.1 93852 135952 277776
 1.1 93852 135952 277776
 1.1 93852 135952 277776
 1.1 93852 135952 277776
 1.1 93852 135952 277776
 1.1 93852 135952 277776
 1.1 93852 135952 277776
 1.1 93852 135952 277776
 1.1 93852 135952 277776
 1.1 93852 135952 277776
 1.1 93852 135952 277776
 1.1 93852 135952 277776
 1.1 93852 135952 277776
 1.1 93852 135952 277776
 1.1 93852 135952 277776
 1.1 93852 135952 277776
 1.1 93852 135952 277776
 1.1 93852 135952 277776
 1.1 93852 135952 277776
 1.1 93852 135952 277776
 1.1 93852 135952 277776
 1.1 93852 135952 277776
 1.1 93852 135952 277776
 1.1 93852 135952 277776
 1.1 93852 135952 277776
 1.1 93852 135952 277776
 1.1 93852 135952 277776
 1.1 93852 135952 277776
 1.1 93852 135952 277776
 1.1 93852 135952 277776
 1.1 93852 135952 277776
 1.1 93852 135952 277776
 1.1 93852 135952 277776
 1.1 93852 135952 277776
 1.1 93852 135952 277776
 1.1 93852 135952 277776
 1.1 93852 135952 277776
 1.1 93852 135952 277776
 1.1 93852 135952 277776
 1.1 93852 135952 277776
 1.1 93852 135952 277776
 1.1 93852 135952 277776
 1.1 93852 135952 277776
 1.1 93852 135952 277776
 1.1 93852 135952 277776
 1.1 93852 135952 277776
 1.1 93852 135952 277776
 1.1 93852 135952 277776
 1.1 93852 135952 277776
 1.1 93852 135952 277776
 1.1 93852 135952 277776
 1.1 93852 135952 277776
 1.1 93852 135952 277776
 1.1 93852 135952 277776
 1.1 93852 135952 277776
 1.1 93852 135952 277776
 1.1 93852 135952 277776
 1.1 93852 135952 277776
 1.1 93852 135952 277776
 1.1 93852 135952 277776
 1.1 93852 135952 277776
 1.1 93852 135952 277776
 1.1 93852 135952 277776
 1.1 93852 135952 277776
 1.1 93852 135952 277776
 1.1 93852 135952 277776
 1.1 93852 135952 277776
 1.1 93852 135952 277776
 1.1 93852 135952 277776
 1.1 93852 135952 277776
 1.1 93852 135952 277776
 1.1 93852 135952 277776
 1.1 93852 135952 277776
 1.1 93852 135952 277776
 1.1 93852 135952 277776
 1.1 93852 135952 277776
 1.1 93852 135952 277776
 1.1 93852 135952 277776
 1.1 93852 135952 277776
 1.1 93852 135952 277776
 1.1 93852 135952 277776
 1.1 93852 135952 277776
 1.1 93852 135952 277776
 1.1 93852 135952 277776
 1.1 93852 135952 277776
 1.1 93852 135952 277776
 1.1 93852 135952 277776
 1.1 93852 135952 277776
 1.1 93852 135952 277776
 1.1 93852 135952 277776
 1.1 93852 135952 277776
 1.1 93852 135952 277776
 1.1 93852 135952 277776
 1.1 93852 135952 277776
 1.1 93852 135952 277776
 1.1 93852 135952 277776
 1.1 93852 135952 277776
 1.1 93852 135952 277776
 1.1 93852 135952 277776
 1.1 93852 135952 277776
 1.1 93852 135952 277776
 1.1 93852 135952 277776
 1.1 93852 135952 277776
 1.1 93852 135952 277776
 1.1 93852 135952 277776
 1.1 93852 135952 277776
 1.1 93852 135952 277776
 1.1 93852 135952 277776
 1.1 93852 135952 277776
 1.1 93852 135952 277776
 1.1 93852 135952 277776
 1.1 93852 135952 277776
 1.1 93852 135952 277776
 1.1 93852 135952 277776
 1.1 93852 135952 277776
 1.1 93852 135952 277776
 1.1 93852 135952 277776
 1.1 93852 135952 277776
 1.1 93852 135952 277776
 1.1 93852 135952 277776
 1.1 93852 135952 277776
 1.1 93852 135952 277776
 1.1 93852 135952 277776
 1.1 93852 135952 277776
 1.1 93852 135952 277776
 1.1 93852 135952 277776
 1.1 93852 135952 277776
 1.1 93852 135952 277776
 1.1 93852 135952 277776
 1.1 93852 135952 277776
 1.1 93852 135952 277776
 1.1 93852 135952 277776
 1.1 93852 135952 277776
 1.1 93852 135952 277776
 1.1 93852 135952 277776
 1.1 93852 135952 277776
 1.1 93852 135952 277776
 1.1 93852 135952 277776
 1.1 93852 135952 277776
 1.1 93852 135952 277776
 1.1 93852 135952 277776
 1.1 93852 135952 277776
 1.1 93852 135952 277776
 1.1 93852 135952 277776
 1.1 93852 135952 277776
 1.1 93852 135952 277776
 1.1 93852 135952 277776
 1.1 93852 135952 277776
 1.1 93852 135952 277776
 1.1 93852 135952 277776
 1.1 93852 135952 277776
 1.1 93852 135952 277776
 1.1 93852 135952 277776
 1.1 93852 135952 277776
 1.1 93852 135952 277776
 1.1 93852 135952 277776
 1.1 93852 135952 277776
 1.1 93852 135952 277776
 1.1 93852 135952 277776
 1.1 93852 135952 277776
 1.1 93852 135952 277776
 1.1 93852 135952 277776
 1.1 93852 135952 277776
 1.1 93852 135952 277776
 1.1 93852 135952 277776
 1.1 93852 135952 277776
 1.1 93852 135952 277776
 1.1 93852 135952 277776
 1.1 93852 135952 277776
 1.1 93852 135952 277776
 1.1 93852 135952 277776
 1.1 93852 135952 277776
 1.1 93852 135952 277776
 1.1 93852 135952 277776
 1.1 93852 135952 277776
 1.1 93852 135952 277776
 1.1 93852 135952 277776
 1.1 93852 135952 277776
 1.1 93852 135952 277776
 1.1 93852 135952 277776
 1.1 93852 135952 277776
 1.1 93852 135952 277776
 1.1 93852 135952 277776
 1.1 93852 135952 277776
 1.1 93852 135952 277776
 0.6 53028 94984 236808
