coretemp-isa-0000
Adapter: ISA adapter
Package id 0:  +67.0°C  (high = +100.0°C, crit = +100.0°C)
Core 0:        +67.0°C  (high = +100.0°C, crit = +100.0°C)
Core 1:        +61.0°C  (high = +100.0°C, crit = +100.0°C)
Core 2:        +60.0°C  (high = +100.0°C, crit = +100.0°C)
Core 3:        +61.0°C  (high = +100.0°C, crit = +100.0°C)

pch_cannonlake-virtual-0
Adapter: Virtual device
temp1:        +54.0°C  

BAT0-acpi-0
Adapter: ACPI interface
in0:          12.81 V  
curr1:       1000.00 uA 

dell_smm-virtual-0
Adapter: Virtual device
fan1:        3164 RPM

radeon-pci-0100
Adapter: PCI adapter
temp1:            N/A  (crit = +120.0°C, hyst = +90.0°C)

acpitz-acpi-0
Adapter: ACPI interface
temp1:        +25.0°C  (crit = +107.0°C)

%MEM   RSS  SIZE    VSZ
 0.0  2112   424   8636
 0.0  2112   424   8636
 0.0  2112   424   8636
 0.0  2112   424   8636
 0.0  2112   424   8636
 0.0  2112   424   8636
 0.0  2112   424   8636
 0.0  2112   424   8636
 0.0  2112   424   8636
 0.0  2112   424   8636
 0.0  2112   424   8636
 0.0  2112   424   8636
 0.0  2112   424   8636
 0.0  2112   424   8636
 0.0  2112   424   8636
 0.0  2112   424   8636
 0.0  2112   424   8636
 0.0  2112   424   8636
 0.0  2112   424   8636
 0.0  2112   424   8636
 0.0  2112   424   8636
 0.0  2112   424   8636
 0.0  2112   424   8636
 0.0  2112   424   8636
 0.0  2112   424   8636
 0.0  2112   424   8636
 0.0  2112   424   8636
 0.0  2112   424   8636
 0.0  2112   424   8636
 0.0  2112   424   8636
 0.0  3896   588   8800
 0.0  4840   752   8964
 0.0  4840  9076  17292
 0.0  5848  9188  17404
 0.1  8152 50808 320660
 0.1 10060 52788 322640
 0.1 11908 54768 324620
 0.1 14080 56616 326468
 0.1 15928 58596 328448
 0.2 18040 60576 330428
 0.2 19888 62556 332408
 0.2 21736 64536 334388
 0.2 23848 66516 336368
 0.3 25696 68496 338348
 0.3 27808 70476 340328
 0.3 29656 72456 342308
 0.3 31504 74304 344156
 0.4 33616 76284 346136
 0.4 35464 78264 348116
 0.4 37576 80244 350096
 0.4 39424 82224 352076
 0.5 41536 84204 354056
 0.5 43384 86184 356036
 0.5 45496 88164 358016
 0.5 47344 90012 359864
 0.6 49456 92124 361976
 0.6 51304 93972 363824
 0.6 53416 96084 365936
 0.6 55264 98064 367916
 0.7 57376 100044 369896
 0.7 59224 102024 371876
 0.7 61336 104004 373856
 0.7 63184 105984 375836
 0.8 65296 107832 377684
 0.8 67144 109812 379664
 0.8 68992 111792 381644
 0.8 71104 113772 383624
 0.9 72952 115752 385604
 0.9 75064 117732 387584
 0.9 76912 119712 389564
 0.9 79024 121692 391544
 1.0 80872 123672 393524
 1.0 82984 125652 395504
 1.0 84832 127632 397484
 1.0 86944 129612 399464
 1.1 88792 131592 401444
 1.1 90904 133572 403424
 1.1 92752 135552 405404
 1.1 94864 137400 407252
 1.2 96712 139380 409232
 1.2 98560 141360 411212
 1.2 100672 143340 413192
 1.2 102520 145188 415040
 1.3 104632 147300 417152
 1.3 106480 149280 419132
 1.3 108592 151260 421112
 1.3 110440 153240 423092
 1.4 112552 155220 425072
 1.4 114400 157200 427052
 1.4 116512 159180 429032
 1.4 118092 160972 430484
 1.4 119148 161748 430616
 1.4 119676 162392 430616
 1.5 120468 163068 430616
 1.5 121260 164008 430616
 1.5 122316 164932 430616
 1.5 123372 166036 430616
 1.5 124164 166864 430616
 1.5 125220 167820 430616
 1.5 126012 168736 430616
 1.5 127068 169676 430616
 1.6 128124 170780 430616
 1.6 129180 171736 430616
 1.6 129972 172676 430616
 1.6 131028 173612 430616
 1.6 131292 173944 430616
 1.6 131292 173944 430616
 1.6 131292 173944 430616
 1.6 131292 173944 430616
 1.6 131292 173944 430616
 1.6 131292 173944 430616
 1.6 131292 173944 430616
 1.6 131292 173944 430616
 1.6 131292 173944 430616
 1.6 131292 173944 430616
 1.6 131292 173944 430616
 1.6 131292 173944 430616
 1.6 131292 173944 430616
 1.6 131292 173944 430616
 1.6 131292 173944 430616
 1.6 131292 173944 430616
 1.6 131292 173944 430616
 1.6 131292 173944 430616
 1.6 131292 173944 430616
 1.6 131292 173944 430616
 1.6 131292 173944 430616
 1.6 131292 173944 430616
 1.6 131292 173944 430616
 1.6 131292 173944 430616
 1.6 131292 173944 430616
 1.6 131292 173944 430616
 1.6 131292 173944 430616
 1.6 131292 173944 430616
 1.6 131292 173944 430616
 1.6 131292 173944 430616
 1.6 131292 173944 430616
 1.6 132080 174812 430616
 1.6 133136 175732 430616
 1.6 133928 176688 430616
 1.6 135248 177796 430616
 1.7 136040 178588 430616
 1.7 136568 179168 430616
 1.7 137360 179916 430616
 1.7 137888 180476 430616
 1.7 138680 181332 430616
 1.7 139472 182244 430616
 1.7 140792 183352 430616
 1.7 141320 183944 430616
 1.7 142376 184940 430616
 1.7 143168 185728 430616
 1.8 143960 186512 430616
 1.8 144752 187308 430616
 1.8 144752 187308 430616
 1.8 144752 187308 430616
 1.8 144752 187308 430616
 1.8 144752 187308 430616
 1.8 144752 187308 430616
 1.8 144752 187308 430616
 1.8 144752 187308 430616
 1.8 144752 187308 430616
 1.8 144752 187308 430616
 1.8 144752 187308 430616
 1.8 144752 187308 430616
 1.8 144752 187308 430616
 1.8 144752 187308 430616
 1.8 144752 187308 430616
 1.8 144752 187308 430616
 1.8 144752 187308 430616
 1.8 144752 187308 430616
 1.8 144752 187308 430616
 1.8 144752 187308 430616
 1.8 144752 187308 430616
 1.8 144752 187308 430616
 1.8 144752 187308 430616
 1.8 144752 187308 430616
 1.8 144752 187308 430616
 1.8 144752 187308 430616
 1.8 144752 187308 430616
 1.8 144752 187308 430616
 1.8 144752 187308 430616
 1.8 144752 187308 430616
 1.8 145016 187464 430616
 1.8 145544 188232 430616
 1.8 146336 189028 430616
 1.8 147128 189692 430616
 1.8 147920 190484 430616
 1.8 148712 191280 430616
 1.8 149504 192056 430616
 1.8 150296 192856 430616
 1.8 150560 193184 430616
 1.8 151352 194012 430616
 1.9 152144 194672 430616
 1.9 152936 195384 430616
 1.9 153728 196268 430616
 1.9 154256 196840 430616
 1.9 155048 197600 430616
 1.9 155840 198400 430616
 1.9 156368 198868 430616
 1.9 157160 199836 430616
 1.9 158216 200780 430616
 1.9 158216 200780 430616
 1.9 158216 200780 430616
 1.9 158216 200780 430616
 1.9 158216 200780 430616
 1.9 158216 200780 430616
 1.9 158216 200780 430616
 1.9 158216 200780 430616
 1.9 158216 200780 430616
 1.9 158216 200780 430616
 1.9 158216 200780 430616
 1.9 158216 200780 430616
 1.9 158216 200780 430616
 1.9 158216 200780 430616
 1.9 158216 200780 430616
 1.9 158216 200780 430616
 1.9 158216 200780 430616
 1.9 158216 200780 430616
 1.9 158216 200780 430616
 1.9 158216 200780 430616
 1.9 158216 200780 430616
 1.9 158216 200780 430616
 1.9 158216 200780 430616
 1.9 158216 200780 430616
 1.9 158216 200780 430616
 1.9 158216 200780 430616
 1.9 158216 200780 430616
 1.9 158216 200780 430616
 1.9 158216 200840 430616
 1.9 159008 201744 430616
 1.9 159800 202488 430616
 2.0 160592 203148 430616
 2.0 161384 203940 430616
 2.0 162176 204716 430616
 2.0 162440 205172 430616
 2.0 163232 205764 430616
 2.0 163760 206344 430616
 2.0 164552 207128 430616
 2.0 164816 207592 430616
 2.0 165608 208220 430616
 2.0 166400 209036 430616
 2.0 167192 209856 430616
 2.1 167984 210760 430616
 2.1 168512 211216 430616
 2.1 169568 212108 430616
 2.1 170096 212672 430616
 2.1 170096 212672 430616
 2.1 170096 212672 430616
 2.1 170096 212672 430616
 2.1 170096 212672 430616
 2.1 170096 212672 430616
 2.1 170096 212672 430616
 2.1 170096 212672 430616
 2.1 170096 212672 430616
 2.1 170096 212672 430616
 2.1 170096 212672 430616
 2.1 170096 212672 430616
 2.1 170096 212672 430616
 2.1 170096 212672 430616
 2.1 170096 212672 430616
 2.1 170096 212672 430616
 2.1 170096 212672 430616
 2.1 170096 212672 430616
 2.1 170096 212672 430616
 2.1 170096 212672 430616
 2.1 170096 212672 430616
 2.1 170096 212672 430616
 2.1 170096 212672 430616
 2.1 170096 212672 430616
 2.1 170096 212672 430616
 2.1 170096 212672 430616
 2.1 170096 212672 430616
 2.1 170096 212672 430616
 2.1 170096 212672 430616
 2.1 170096 212672 430616
 2.1 170096 212672 430616
 2.1 170096 212672 430616
 2.1 170096 212672 430616
 2.1 170888 213488 430616
 2.1 171680 214252 430616
 2.1 171944 214608 430616
 2.1 172472 215056 430616
 2.1 173264 215836 430616
 2.1 173792 216300 430616
 2.1 174584 217100 430616
 2.1 175112 217644 430616
 2.1 175640 218208 430616
 2.1 175904 218596 430616
 2.2 176696 219328 430616
 2.2 177488 220108 430616
 2.2 178016 220712 430616
 2.2 178808 221392 430616
 2.2 179336 221824 430616
 2.2 179864 222356 430616
 2.2 180392 222964 430616
 2.2 181184 223708 430616
 2.2 181448 224044 430616
 2.2 181976 224588 430616
 2.2 182768 225340 430616
 2.2 183032 225556 430616
 2.2 183824 226320 430616
 2.3 184088 226608 430616
 2.3 184616 227308 430616
 2.3 185144 227716 430616
 2.3 185144 227716 430616
 2.3 185144 227716 430616
 2.3 185144 227716 430616
 2.3 185144 227716 430616
 2.3 185144 227716 430616
 2.3 185144 227716 430616
 2.3 185144 227716 430616
 2.3 185144 227716 430616
 2.3 185144 227716 430616
 2.3 185144 227716 430616
 2.3 185144 227716 430616
 2.3 185144 227716 430616
 2.3 185144 227716 430616
 2.3 185144 227716 430616
 2.3 185144 227716 430616
 2.3 185144 227716 430616
 2.3 185144 227716 430616
 2.3 185144 227716 430616
 2.3 185408 228100 430616
 2.3 186200 228736 430616
 2.3 186728 229308 430616
 2.3 187520 230072 430616
 2.3 187520 230296 430616
 2.3 188312 230864 430616
 2.3 188576 231232 430616
 2.3 189104 231700 430616
 2.3 189632 232360 430616
 2.3 190160 232696 430616
 2.3 190688 233444 430616
 2.3 190952 233708 430616
 2.3 191744 234344 430616
 2.4 192272 234812 430616
 2.4 192272 234812 430616
 2.4 192272 234812 430616
 2.4 192272 234812 430616
 2.4 192272 234812 430616
 2.4 192272 234812 430616
 2.4 192272 234812 430616
 2.4 192272 234812 430616
 2.4 192272 234812 430616
 2.4 192272 234812 430616
 2.4 192272 234812 430616
 2.4 192272 234812 430616
 2.4 192272 234812 430616
 2.4 192272 234812 430616
 2.4 192272 234812 430616
 2.4 192272 234812 430616
 2.4 192272 234812 430616
 2.4 192272 234812 430616
 2.4 192272 234812 430616
 2.4 192272 234812 430616
 2.4 192272 234812 430616
 2.4 192272 234812 430616
 2.4 192272 234812 430616
 2.4 192272 234812 430616
 2.4 192272 234812 430616
 2.4 192272 234812 430616
 2.4 192272 234812 430616
 2.4 192272 234812 430616
 2.4 192272 234812 430616
 2.4 192272 234812 430616
 2.4 192272 234812 430616
 2.4 193064 235736 431540
 2.4 195176 237716 433520
 2.4 197024 239696 435500
 2.4 199136 241676 437480
 2.5 200984 243656 439460
 2.5 203096 245636 441440
 2.5 205208 247616 443420
 2.5 207056 249596 445400
 2.6 209168 251576 447380
 2.6 211016 253556 449360
 2.6 213128 255536 451340
 2.6 214976 257648 453452
 2.7 217088 259628 455432
 2.7 218936 261444 457148
 2.7 220784 263304 458336
 2.7 221576 264092 458336
 2.7 222368 264904 458336
 2.7 222632 265232 458336
 2.7 223424 265912 458336
 2.8 223952 266504 458336
 2.8 224744 267232 458336
 2.8 225008 267508 458336
 2.8 225536 268076 458336
 2.8 225800 268416 458336
 2.8 226328 268996 458336
 2.8 227120 269632 458336
 2.8 227384 269948 458336
 2.8 227912 270448 458336
 2.8 228440 270916 458336
 2.8 228704 271384 458336
 2.8 229496 272172 458336
 2.8 230288 272816 458336
 2.8 230552 273220 458336
 2.8 231080 273700 458336
 2.8 231872 274388 458336
 2.9 232136 274784 458336
 2.9 232664 275276 458336
 2.9 233456 275940 458336
 2.9 233984 276440 458336
 2.9 235040 277512 458336
 2.9 235568 278000 458336
 2.9 236096 278680 458336
 2.9 236888 279340 458336
 2.9 237416 279964 458336
 2.9 238204 280736 458336
 2.9 239524 282100 458336
 3.0 241108 283788 458336
 3.0 241108 283908 458336
 3.0 242692 285376 458336
 3.0 243220 285808 458336
 3.0 243484 286152 458336
 3.0 243484 286152 458336
 3.0 243484 286152 458336
 3.0 243484 286152 458336
 3.0 243484 286152 458336
 3.0 243484 286152 458336
 3.0 243484 286152 458336
 3.0 243484 286152 458336
 3.0 243484 286152 458336
 3.0 243484 286152 458336
 3.0 243484 286152 458336
 3.0 243484 286152 458336
 3.0 243484 286152 458336
 3.0 243484 286152 458336
 3.0 243484 286152 458336
 3.0 243484 286152 458336
 3.0 243484 286152 458336
 3.0 243484 286152 458336
 3.0 243484 286152 458336
 3.0 243484 286152 458336
 3.0 243484 286152 458336
 3.0 243484 286152 458336
 3.0 243484 286152 458336
 3.0 243484 286152 458336
 3.0 243484 286152 458336
 3.0 243484 286152 458336
 3.0 243484 286152 458336
 3.0 243484 286152 458336
 3.0 243484 286152 458336
 3.0 243484 286152 458336
 3.0 243484 286152 458336
 3.0 243484 286152 458336
 3.0 243484 286152 458336
 3.0 243484 286152 458336
 3.0 243484 286152 458336
 3.0 243484 286152 458336
 3.0 243484 286152 458336
 3.0 243484 286152 458336
 3.0 243484 286152 458336
 3.0 243484 286152 458336
 3.0 243484 286152 458336
 3.0 243484 286152 458336
 3.0 243484 286152 458336
 3.0 243484 286152 458336
 3.0 243484 286152 458336
 3.0 243484 286152 458336
 3.0 243484 286152 458336
 3.0 243484 286152 458336
 3.0 243484 286152 458336
 3.0 243484 286152 458336
 3.0 243484 286152 458336
 3.0 243484 286152 458336
 3.0 243484 286152 458336
 3.0 243484 286152 458336
 3.0 243484 286152 458336
 3.0 244012 286812 458996
 3.0 246124 288792 460976
 3.1 247972 290640 462824
 3.1 250084 292620 464804
 3.1 251932 294600 466784
 3.1 253780 296580 468764
 3.2 255892 298560 470744
 3.2 258004 300804 472988
 3.2 260116 302916 475100
 3.2 262228 304896 477080
 3.3 264076 306876 479060
 3.3 266188 308724 480908
 3.3 268036 310704 482888
 3.3 269884 312684 484868
 3.4 271996 314664 486848
 3.4 274108 316652 488836
 3.4 275956 318632 490816
 3.4 277804 320620 492804
 3.5 279916 322468 494652
 3.5 282028 324580 496764
 3.5 282820 325396 497556
 3.5 282820 325396 497556
 3.5 282820 325492 497556
 3.5 283084 325568 497556
 3.5 283612 326424 497556
 3.5 283612 326424 497556
 3.5 283612 326424 497556
 3.5 285460 328084 497556
 3.5 287572 330232 497556
 3.6 289684 332300 497556
 3.6 291532 334104 497556
 3.6 292324 334744 497556
 3.6 292324 334744 497556
 3.6 293116 335728 497688
 3.6 294964 337580 563224
 3.6 295264 338060 563188
 3.7 297900 340524 563188
 3.7 298956 341472 563188
 3.7 300276 342828 563188
 3.7 301068 343776 563188
 3.7 301068 343776 563188
 3.7 301068 343776 563188
 3.7 301068 343776 563188
 3.7 301068 343776 563188
 3.7 301068 343776 563188
 3.7 301068 343776 563188
 3.7 301068 343776 563188
 3.7 301068 343776 563188
 3.7 301068 343776 563188
 3.7 301068 343776 563188
 3.7 301068 343776 563188
 3.7 301068 343776 563188
 3.7 301068 343776 563188
 3.7 301068 343776 563188
 3.7 301068 343776 563188
 3.7 301068 343776 563188
 3.7 301068 343776 563188
 3.7 301068 343776 563188
 3.7 301068 343776 563188
 3.7 301068 343776 563188
 3.7 301068 343776 563188
 3.7 301068 343776 563188
 3.7 301068 343776 563188
 3.7 301068 343776 563188
 3.7 301068 343776 563188
 3.7 301068 343776 563188
 3.7 301068 343776 563188
 3.7 301068 343776 563188
 3.7 301068 343776 563188
 3.7 301068 343776 563188
 3.7 301068 343776 563188
 3.7 301068 343776 563188
 3.7 301068 343776 563188
 3.7 301068 343776 563188
 3.7 301068 343776 563188
 3.7 301068 343776 563188
 3.7 301068 343776 563188
 3.7 301068 343776 563188
 3.7 301068 343776 563188
 3.7 301068 343776 563188
 3.7 301068 343776 563188
 3.7 301068 343776 563188
 3.7 301068 343776 563188
 3.7 301068 343776 563188
 3.7 301068 343776 563188
 3.7 301068 343776 563188
 3.7 301068 343776 563188
 3.7 301068 343776 563188
 3.7 301068 343776 563188
 3.7 301068 343776 563188
 3.7 301068 343776 563188
 3.7 301068 343776 563188
 3.7 301068 343776 563188
 3.7 301068 343776 563188
 3.7 301068 343776 563188
 3.7 301068 343776 563188
 3.7 301068 343776 563188
 3.7 301068 343776 563188
 3.7 301068 343776 563188
 3.7 301068 343776 563188
 3.7 301068 343776 563188
 3.7 301068 343776 563188
 3.7 301068 343776 563188
 3.7 301068 343776 563188
 3.7 301068 343776 563188
 3.7 301068 343776 563188
 3.7 301068 343776 563188
 3.7 301068 343776 563188
 3.7 301068 343776 563188
 3.7 301068 343776 563188
 3.7 301068 343776 563188
 3.7 301068 343776 563188
 3.7 301068 343776 563188
 3.7 301068 343776 563188
 3.7 301332 344196 563584
 3.7 301332 344232 563584
 3.7 301332 344252 563584
 3.7 301596 344252 563584
 3.7 301860 344312 563584
 3.7 302916 345448 563584
 3.8 305292 347768 563584
 3.8 306348 348724 563584
 3.8 306348 348724 563584
 3.8 306348 348724 563584
 3.8 307668 350272 563584
 3.8 310044 352568 563584
 3.9 312684 355008 563584
 3.9 314796 356968 563584
 3.9 315060 357412 563584
 3.9 315060 357412 563584
 3.9 316380 358604 563584
 3.9 318228 360652 563584
 3.9 319548 361980 563584
 3.9 319812 362336 563584
 3.9 319812 362336 563584
 3.9 319812 362336 563584
 3.9 319812 362336 563584
 3.9 319812 362336 563584
 3.9 319812 362336 563584
 3.9 319812 362336 563584
 3.9 319812 362336 563584
 3.9 319812 362336 563584
 3.9 319812 362336 563584
 3.9 319812 362336 563584
 3.9 319812 362336 563584
 3.9 319812 362336 563584
 3.9 319812 362336 563584
 3.9 319812 362336 563584
 3.9 319812 362336 563584
 3.9 319812 362336 563584
 3.9 319812 362336 563584
 3.9 319812 362336 563584
 3.9 319812 362336 563584
 3.9 319812 362336 563584
 3.9 319812 362336 563584
 3.9 319812 362336 563584
 3.9 319812 362336 563584
 3.9 319812 362336 563584
 3.9 319812 362336 563584
 3.9 319812 362336 563584
 3.9 319812 362336 563584
 3.9 319812 362336 563584
 3.9 319812 362336 563584
 3.9 319812 362336 563584
 3.9 319812 362336 563584
 3.9 319812 362336 563584
 3.9 319812 362336 563584
 3.9 319812 362336 563584
 3.9 319812 362336 563584
 3.9 319812 362336 563584
 3.9 319812 362336 563584
 3.9 319812 362336 563584
 3.9 319812 362336 563584
 3.9 319812 362336 563584
 3.9 319812 362336 563584
 3.9 319812 362336 563584
 3.9 319812 362336 563584
 3.9 319812 362336 563584
 3.9 319812 362336 563584
 3.9 319812 362336 563584
 3.9 319812 362336 563584
 3.9 319812 362336 563584
 3.9 319812 362336 563584
 3.9 319812 362336 563584
 3.9 319812 362336 563584
 3.9 319812 362336 563584
 3.9 319812 362336 563584
 3.9 319812 362336 563584
 3.9 319812 362336 563584
 3.9 319812 362336 563584
 3.9 319812 362336 563584
 3.9 319812 362336 563584
 3.9 319812 362336 563584
 3.9 319812 362336 563584
 3.9 319812 362336 563584
 3.9 319812 362336 563584
 3.9 319812 362336 563584
 3.9 319812 362336 563584
 3.9 319812 362336 563584
 3.9 319812 362336 563584
 3.9 319812 362336 563584
 3.9 319812 362336 563584
 3.9 319812 362336 563584
 3.9 319812 362336 563584
 3.9 319812 362336 563584
 3.9 319812 362336 563584
 3.9 319812 362336 563584
 3.9 317852 362336 563584
 3.9 317852 362336 563584
 3.9 317852 362336 563584
 3.9 317852 362384 563584
 3.9 317852 362432 563584
 3.9 318116 362612 563584
 3.9 318380 362692 563584
 3.9 318380 362692 563584
 3.9 318380 362692 563584
 3.9 318380 362692 563584
 3.9 318380 362692 563584
 3.9 318380 362692 563584
 3.9 318380 362692 563584
 3.9 318380 362692 563584
 3.9 318380 362692 563584
 3.9 318380 362692 563584
 3.9 318380 362692 563584
 3.9 318380 362692 563584
 3.9 318380 362692 563584
 3.9 318380 362692 563584
 3.9 318380 362692 563584
 3.9 318380 362692 563584
 3.9 318908 363124 563584
 3.8 308872 363124 563584
 3.8 308872 353072 553532
 3.8 303980 331680 532132
 3.8 303972 331672 532124
 3.6 291760 327364 527816
