coretemp-isa-0000
Adapter: ISA adapter
Package id 0:  +79.0°C  (high = +100.0°C, crit = +100.0°C)
Core 0:        +79.0°C  (high = +100.0°C, crit = +100.0°C)
Core 1:        +75.0°C  (high = +100.0°C, crit = +100.0°C)
Core 2:        +76.0°C  (high = +100.0°C, crit = +100.0°C)
Core 3:        +79.0°C  (high = +100.0°C, crit = +100.0°C)

pch_cannonlake-virtual-0
Adapter: Virtual device
temp1:        +62.0°C  

BAT0-acpi-0
Adapter: ACPI interface
in0:          12.87 V  
curr1:       1000.00 uA 

dell_smm-virtual-0
Adapter: Virtual device
fan1:        3903 RPM

radeon-pci-0100
Adapter: PCI adapter
temp1:            N/A  (crit = +120.0°C, hyst = +90.0°C)

acpitz-acpi-0
Adapter: ACPI interface
temp1:        +25.0°C  (crit = +107.0°C)

%MEM   RSS  SIZE    VSZ
 0.0  2116   424   8636
 0.0  2116   424   8636
 0.0  2116   424   8636
 0.0  2116   424   8636
 0.0  2116   424   8636
 0.0  2116   424   8636
 0.0  2116   424   8636
 0.0  2116   424   8636
 0.0  2116   424   8636
 0.0  2116   424   8636
 0.0  2116   424   8636
 0.0  2116   424   8636
 0.0  2116   424   8636
 0.0  2116   424   8636
 0.0  2116   424   8636
 0.0  2116   424   8636
 0.0  2116   424   8636
 0.0  2116   424   8636
 0.0  2116   424   8636
 0.0  2116   424   8636
 0.0  2116   424   8636
 0.0  2116   424   8636
 0.0  2116   424   8636
 0.0  2116   424   8636
 0.0  3836   588   8800
 0.0  4724   756   8968
 0.0  4724  9080  17296
 0.0  5812  9192  17408
 0.1  8488 116872 452160
 0.1  8488 117016 517696
 0.1 10632 119260 585344
 0.1 12744 121372 587456
 0.1 14856 123616 589700
 0.2 16968 125728 591812
 0.2 19344 127972 594056
 0.2 21456 130084 596168
 0.2 23568 132196 598280
 0.3 25680 134308 600392
 0.3 27792 136552 602636
 0.3 30168 138796 604880
 0.4 32280 141040 607124
 0.4 34392 143152 609236
 0.4 36504 145264 611348
 0.4 38616 147376 613460
 0.5 40992 149620 615704
 0.5 43104 151732 617816
 0.5 45216 153844 619928
 0.5 47328 155956 622040
 0.6 49440 158068 624152
 0.6 51552 160312 626396
 0.6 53664 162424 628508
 0.6 55512 164140 630224
 0.7 57624 166252 632336
 0.7 59736 168364 634448
 0.7 61584 170344 636428
 0.7 63960 172588 638672
 0.8 66072 174700 640784
 0.8 68184 176944 643028
 0.8 70296 178924 645008
 0.9 72408 181036 647120
 0.9 74520 183280 649364
 0.9 76632 185392 651476
 0.9 78744 187372 653456
 1.0 80592 189352 655436
 1.0 82704 191464 657548
 1.0 84552 193312 659396
 1.0 86664 195292 661376
 1.1 88776 197536 663620
 1.1 90888 199516 665600
 1.1 93000 201628 667712
 1.1 95112 203740 669824
 1.2 97224 205852 671936
 1.2 98808 207568 673652
 1.2 101184 209812 675896
 1.2 103296 211924 678008
 1.3 105144 213904 679988
 1.3 107256 215884 681968
 1.3 109368 217996 684080
 1.3 111216 219976 686060
 1.4 113064 221824 687908
 1.4 115176 223804 689888
 1.4 117288 225916 692000
 1.4 119400 228028 694112
 1.5 121512 230140 696224
 1.5 123360 231988 698072
 1.5 125472 234232 700316
 1.5 127584 236344 702428
 1.6 129432 238060 704144
 1.6 131544 240172 706256
 1.6 133392 242152 708236
 1.6 135240 243868 709952
 1.7 137352 245980 712064
 1.7 139200 247960 714044
 1.7 141048 249808 715892
 1.7 143424 252052 718136
 1.8 145536 254164 720248
 1.8 147384 256012 722096
 1.8 149496 258124 724208
 1.8 151608 260236 726320
 1.9 153456 262216 728300
 1.9 155568 264328 730412
 1.9 157680 266308 732392
 1.9 159792 268420 734504
 2.0 161640 270532 736616
 2.0 164016 272644 738728
 2.0 165864 274624 740708
 2.1 167976 276736 742820
 2.1 170352 278980 745064
 2.1 172464 281092 747176
 2.1 174576 283336 749420
 2.2 176688 285316 751400
 2.2 178800 287428 753512
 2.2 180648 289408 755492
 2.2 182496 291256 757340
 2.3 184344 292972 759056
 2.3 186456 295084 761168
 2.3 188568 297328 763412
 2.3 190416 299044 765128
 2.4 192264 301024 767108
 2.4 194376 303136 769220
 2.4 196488 305248 771332
 2.4 198600 307360 773444
 2.5 200712 309340 775424
 2.5 202560 311320 777404
 2.5 204672 313300 779384
 2.5 206784 315412 781496
 2.6 208632 317392 783476
 2.6 211008 319636 785720
 2.6 213120 321880 787964
 2.6 215232 323860 789944
 2.7 217080 325840 791924
 2.7 219456 328216 794300
 2.7 221568 330328 796412
 2.7 223680 332440 798524
 2.8 226056 334684 800768
 2.8 228168 336796 802880
 2.8 230280 338908 804992
 2.9 232392 341020 807104
 2.9 234240 343000 809084
 2.9 236352 345112 811196
 2.9 238464 347092 813176
 3.0 240312 349072 815156
 3.0 242424 351184 817268
 3.0 244536 353296 819380
 3.0 246648 355276 821360
 3.1 248496 357256 823340
 3.1 250608 359368 825452
 3.1 252720 361348 827432
 3.1 254832 363460 829544
 3.2 256944 365704 831788
 3.2 259056 367684 833768
 3.2 261168 369928 836012
 3.2 263280 372040 838124
 3.3 265392 374020 840104
 3.3 267240 376000 842084
 3.3 269352 378112 844196
 3.3 271464 380356 846440
 3.4 273840 382468 848552
 3.4 275688 384448 850532
 3.4 277536 386296 852380
 3.5 279912 388672 854756
 3.5 282288 390916 857000
 3.5 284136 392896 858980
 3.5 286248 394876 860960
 3.6 288360 396988 863072
 3.6 290472 399100 865184
 3.6 292584 401212 867296
 3.6 294696 403324 869408
 3.7 296808 405436 871520
 3.7 298920 407548 873632
 3.7 300768 409396 875480
 3.7 302880 411508 877592
 3.8 304728 413488 879572
 3.8 306576 415336 881420
 3.8 308424 417052 883136
 3.8 310008 418768 884852
 3.9 312120 420748 886832
 3.9 313968 422596 888680
 3.9 316080 424708 890792
 3.9 318192 426820 892904
 3.9 319776 428536 894620
 4.0 321888 430516 896600
 4.0 323736 432496 898580
 4.0 325848 434608 900692
 4.1 327960 436588 902672
 4.1 329808 438568 904652
 4.1 331920 440548 906632
 4.1 334032 442660 908744
 4.1 335616 444244 910328
 4.2 337728 446356 912440
 4.2 339576 448336 914420
 4.2 341688 450448 916532
 4.2 343800 452560 918644
 4.3 345912 454672 920756
 4.3 348024 456652 922736
 4.3 350136 458896 924980
 4.4 352248 460876 926960
 4.4 354360 462988 929072
 4.4 356208 464836 930920
 4.4 358320 466948 933032
 4.5 360432 469060 935144
 4.5 362016 470776 936860
 4.5 364392 473020 939104
 4.5 366240 474868 940952
 4.6 368352 476980 943064
 4.6 370200 478828 944912
 4.6 372048 480808 946892
 4.6 374160 482920 949004
 4.7 376272 485032 951116
 4.7 378384 487144 953228
 4.7 380496 489256 955340
 4.7 382608 491236 957320
 4.8 384456 493216 959300
 4.8 386832 495460 961544
 4.8 388944 497572 963656
 4.8 390792 499552 965636
 4.9 392904 501664 967748
 4.9 395016 503776 969860
 4.9 397128 505888 971972
 4.9 399240 507868 973952
 5.0 401352 509980 976064
 5.0 403464 512092 978176
 5.0 405312 513940 980024
 5.0 407424 516184 982268
 5.1 409536 518164 984248
 5.1 411384 520144 986228
 5.1 413760 522388 988472
 5.2 415872 524500 990584
 5.2 417720 526348 992432
 5.2 419832 528460 994544
 5.2 421944 530572 996656
 5.3 423792 532552 998636
 5.3 426168 534796 1000880
 5.3 428280 537040 1003124
 5.3 430392 539152 1005236
 5.4 432504 541264 1007348
 5.4 434616 543244 1009328
 5.4 436992 545620 1011704
 5.4 439104 547732 1013816
 5.5 440952 549712 1015796
 5.5 443064 551824 1017908
 5.5 445176 553936 1020020
 5.5 447288 555916 1022000
 5.6 449664 558292 1024376
 5.6 451776 560404 1026488
 5.6 453888 562516 1028600
 5.6 455736 564496 1030580
 5.7 457848 566608 1032692
 5.7 459960 568588 1034672
 5.7 461808 570568 1036652
 5.8 463920 572548 1038632
 5.8 465768 574528 1040612
 5.8 467880 576508 1042592
 5.8 469464 578224 1044308
 5.9 471840 580600 1046684
 5.9 473952 582712 1048796
 5.9 476064 584824 1050908
 5.9 478176 586936 1053020
 6.0 480288 589048 1055132
 6.0 482400 591028 1057112
 6.0 484512 593140 1059224
 6.0 486624 595252 1061336
 6.1 488472 597100 1063184
 6.1 490584 599212 1065296
 6.1 492432 601192 1067276
 6.1 494808 603436 1069520
 6.2 496656 605416 1071500
 6.2 498768 607528 1073612
 6.2 500616 609376 1075460
 6.2 502728 611488 1077572
 6.3 505104 613732 1079816
 6.3 507216 615844 1081928
 6.3 509064 617824 1083908
 6.3 511176 619936 1086020
 6.4 513288 622048 1088132
 6.4 515400 624160 1090244
 6.4 517512 626272 1092356
 6.4 519624 628384 1094468
 6.5 521736 630364 1096448
 6.5 523848 632608 1098692
 6.5 525960 634720 1100804
 6.6 528072 636700 1102784
 6.6 529920 638680 1104764
 6.6 532296 640924 1107008
 6.6 534408 643036 1109120
 6.7 535992 644752 1110836
 6.7 538104 646864 1112948
 6.7 540216 648844 1114928
 6.7 542064 650824 1116908
 6.8 544176 652804 1118888
 6.8 546288 654916 1121000
 6.8 548400 657028 1123112
 6.8 550248 659008 1125092
 6.9 552096 660856 1126940
 6.9 554208 662836 1128920
 6.9 555528 664420 1130504
 6.9 557904 666796 1132880
 7.0 559752 668512 1134596
 7.0 561864 670624 1136708
 7.0 564240 672868 1138952
 7.0 566352 674980 1141064
 7.1 568200 676960 1143044
 7.1 570312 679072 1145156
 7.1 572424 681184 1147268
 7.1 574800 683428 1149512
 7.2 576912 685540 1151624
 7.2 579024 687784 1153868
 7.2 581136 690028 1156112
 7.2 583512 692272 1158356
 7.3 585624 694384 1160468
 7.3 587736 696496 1162580
 7.3 589584 698344 1164428
 7.4 591960 700720 1166804
 7.4 593544 702304 1168388
 7.4 593724 685920 1151996
 7.4 592036 653152 1119212
 7.4 592036 653152 1119212
 7.4 592036 653152 1119212
 7.4 592036 653152 1119212
 7.4 592036 653152 1119212
 7.4 592120 653284 1119344
 7.4 592120 653284 1119344
 7.4 592120 653284 1119344
 7.4 592120 653284 1119344
 7.4 592120 653284 1119344
 7.4 592120 653428 1119488
 7.4 592120 653428 1119488
 7.4 592120 653428 1119488
 7.4 592120 653428 1119488
 7.4 592120 653428 1119488
 7.4 592120 653428 1119488
 7.4 592120 653428 1119488
 7.4 592120 653428 1119488
 7.4 592120 653428 1119488
 7.4 592120 653428 1119488
 7.4 592120 653428 1119488
 7.4 592308 653568 1119628
 7.4 592308 653568 1119628
 7.4 592308 653568 1119628
 7.4 592308 653568 1119628
 7.4 592308 653568 1119628
 7.4 592308 653568 1119628
 7.4 592308 653568 1119628
 7.4 592308 653568 1119628
 7.4 592308 653568 1119628
 7.4 592308 653568 1119628
 7.4 592308 653568 1119628
 7.4 592308 653568 1119628
 7.4 592308 653568 1119628
 7.4 592308 653568 1119628
 7.4 592308 653568 1119628
 7.4 592308 653568 1119628
 7.4 592308 653568 1119628
 7.4 592308 653568 1119628
 7.4 592308 653568 1119628
 7.4 592308 653568 1119628
 7.4 592308 653568 1119628
 7.4 592752 653848 1119908
 7.4 592752 653848 1119908
 7.4 592752 653848 1119908
 7.4 592752 653848 1119908
 7.4 592752 653848 1119908
 7.4 592752 653848 1119908
 7.4 592752 653848 1119908
 7.4 592752 653848 1119908
 7.4 592752 653848 1119908
 7.4 592752 653848 1119908
 7.4 592752 653848 1119908
 7.4 592752 653848 1119908
 7.4 592752 653848 1119908
 7.4 592752 653848 1119908
 7.4 592752 653848 1119908
 7.4 592752 653848 1119908
 7.4 592752 654116 1120176
 7.4 592320 620648 1086692
 7.4 592320 620648 1086692
 7.4 592320 620648 1086692
 7.4 592320 620648 1086692
 7.4 592320 620648 1086692
 7.4 592320 620648 1086692
 7.4 592320 620648 1086692
 7.4 592320 620648 1086692
 7.4 592320 620648 1086692
 7.4 592320 620648 1086692
 7.4 592320 620648 1086692
 7.4 592320 620648 1086692
 7.4 592320 620648 1086692
 7.4 592320 620648 1086692
 7.4 592320 620648 1086692
 7.4 592320 620648 1086692
 7.4 592320 620648 1086692
 7.4 592320 620648 1086692
 7.4 592320 620648 1086692
 7.4 592320 620648 1086692
 7.4 592320 620648 1086692
 7.4 592320 620648 1086692
 7.4 592320 620648 1086692
 7.4 592320 620648 1086692
 7.4 592320 620648 1086692
